inst/extdata/temperatureDeviation.asc
ncols        144
nrows        72
xllcorner    -180.000000000000
yllcorner    -90.000000000000
cellsize     2.500000000000
NODATA_value  nan
[rows 32 to 47 of 72, columns 0 to 36 of 144]
5.4349992950619707699e-08 5.487504139978227613e-08 5.5700017043136540451e-08 5.6350089039369777311e-08 5.7375050488417400629e-08 5.8399962199473520741e-08 5.9224937842827785062e-08 5.9700013821384345647e-08 6.054997214732793509e-08 6.1549854990516905673e-08 6.2975217929306381848e-08 6.4399955590488389134e-08 6.5875006782789569115e-08 6.7325018449082563166e-08 6.8125011409847502364e-08 6.8524933283242717152e-08 6.8300103350793506252e-08 6.7425155236833234085e-08 6.6875124105081340531e-08 6.5149976080647320487e-08 6.2975168191314878641e-08 6.1024998387892992469e-08 5.997485885700371e-08 5.9324932522031303961e-08 5.8924960910644585965e-08 5.9125184748154424597e-08 6.027507737371706753e-08 6.1049938437918171985e-08 6.1800001560641248943e-08 6.2050055760209943401e-08 6.4625069740031904075e-08 6.9275046143957297318e-08 7.8325079755359183764e-08 8.7300058737582730828e-08 9.4225022451155382441e-08 9.6600153653980669333e-08 9.1274884539416234475e-08
5.6874895904002187308e-08 5.697498295376135502e-08 5.7499981664932420244e-08 5.8075094955256645335e-08 5.8925007095922410372e-08 5.9724996503973670769e-08 6.0524939726747106761e-08 6.1425019737271213671e-08 6.2974976344776223414e-08 6.3575079423117131228e-08 6.3924979087914834963e-08 6.392517093445349019e-08 6.3974859187965193996e-08 6.3924929349923331756e-08 6.3749979517524479888e-08 6.2825108670949703082e-08 6.1199806111744692316e-08 5.9275055974694623728e-08 5.8675002634345219121e-08 5.8849906281466246583e-08 5.9775018712571181823e-08 6.0375121790912089637e-08 6.1625001990250893869e-08 6.2725113991746184183e-08 6.3149926177175075281e-08 6.420006570806435775e-08 6.5449903274839016376e-08 6.7050123675471695606e-08 6.9574930705584847601e-08 7.2900057546121388441e-08 7.632503695731429616e-08 8.0000063462648540735e-08 8.7025021855424711248e-08 9.2624901526505709626e-08 9.5874973737863911083e-08 9.3425036595817800844e-08 8.9625117993819003459e-08
6.7675017589863273315e-08 6.7349908761116239475e-08 6.6449928226575138979e-08 6.5175008501228148816e-08 6.5249921021859336179e-08 6.5025091089410125278e-08 6.4350082595865387702e-08 6.4774987151849927614e-08 6.4774987151849927614e-08 6.4124918708330369554e-08 6.332502522354843677e-08 6.1800101036624255357e-08 6.0975025917286984622e-08 6.0575104043891769834e-08 6.0099885956788057229e-08 5.9399987151209643343e-08 5.977492634201553301e-08 6.060004409391694935e-08 6.1150124963660346111e-08 6.2749954565788357286e-08 6.5275095550987316528e-08 6.6699882950160827022e-08 6.8349933712852362078e-08 6.9775012434547534212e-08 6.9925071954912709771e-08 7.1250006783429853385e-08 7.3749973239500832278e-08 7.870001894616507343e-08 8.3749867485494178254e-08 8.839993625997522031e-08 8.9124867486134462524e-08 9.2174914811948838178e-08 9.6325067033831146546e-08 9.984994164824456675e-08 1.0140004036429672851e-07 9.8125077840904850746e-08 9.1025022186386195244e-08
7.8824996307957917452e-08 7.7650071261814446189e-08 7.6599981468916666927e-08 7.5425006684781692456e-08 7.4025010121658851858e-08 7.2275021523182658711e-08 7.0424988507511443458e-08 6.8800069641383743146e-08 6.7100145884069206659e-08 6.5750029420996725094e-08 6.4350032857873884495e-08 6.1925128136408602586e-08 6.0374972576937580016e-08 5.9200193192054939573e-08 5.8925007095922410372e-08 5.9525060436271814979e-08 6.1600061940225714352e-08 6.3475084743913612328e-08 6.6724965108733158559e-08 6.9825169646264839685e-08 7.267522761367217754e-08 7.477517272036493523e-08 7.6450014319107140182e-08 7.5224924955819005845e-08 7.387509270984082832e-08 7.3074865269973088289e-08 7.5950147504499909701e-08 8.1475114654949720716e-08 8.7350031208188738674e-08 9.0549896469838131452e-08 9.3025064984431082848e-08 9.407501266878171009e-08 9.5724914217498735525e-08 9.7600079129733785521e-08 9.7024965839409560431e-08 9.3824908731221512426e-08 8.8850072188506601378e-08
8.3200070832845085533e-08 8.2100008569341298426e-08 8.0774881894285499584e-08 7.9549792530997365247e-08 7.7774956253051641397e-08 7.4775073244381928816e-08 7.1825120073754078476e-08 6.8625070070993388072e-08 6.5500017853992176242e-08 6.4099978658305190038e-08 6.1949918972459272482e-08 6.0274885527178412303e-08 5.8650016399042215198e-08 5.7075070003520522732e-08 5.6474970477893293719e-08 5.7450009194326412398e-08 6.1975001131031604018e-08 6.7174958928717387607e-08 7.1800037915181746939e-08 7.6124855752368603135e-08 7.864994699957605917e-08 7.9274848019394994481e-08 7.8250074864172347588e-08 7.4974870756250311388e-08 7.3275138845474430127e-08 7.1400258150333684171e-08 6.9875099484306701925e-08 7.0124961837336741155e-08 7.1699950865422579227e-08 7.3525043831068614963e-08 7.482509545297943987e-08 7.4649861403486283962e-08 7.4349976841858733678e-08 7.3375034048694942612e-08 7.4325178900380706182e-08 7.4075174438803514931e-08 7.3299929681525100023e-08
7.6125004966343112756e-08 7.4275014583236043109e-08 7.329997941951660323e-08 7.2999903011350397719e-08 7.1050024530450173188e-08 6.8574998124404373812e-08 6.6424988176549959462e-08 6.3099953706569067435e-08 6.002493080359272426e-08 5.8450222439887511428e-08 5.6474924292615469312e-08 5.5675030807833536528e-08 5.5249881114605159382e-08 5.4349992950619707699e-08 5.4775142643848084845e-08 5.7224895044782897457e-08 6.0949993496706156293e-08 6.5599962795204191934e-08 7.082486064291515504e-08 7.5099947594026161823e-08 7.7949998456006142078e-08 7.9099891081568785012e-08 7.8175020234994008206e-08 7.507509991455663112e-08 7.2275064155746804317e-08 6.9274996405965794111e-08 6.7100046408086200245e-08 6.5149976080647320487e-08 6.3450094955896929605e-08 6.2549972312808677088e-08 6.1724996669454412768e-08 6.0074995644754380919e-08 5.9399987151209643343e-08 5.977492634201553301e-08 6.1750078828026744304e-08 6.1375047266665205825e-08 5.8949947145947589888e-08
6.6025016565163241467e-08 6.4824916989891789854e-08 6.3925121196461986983e-08 6.2775185938335198443e-08 6.1299942899495363235e-08 5.9950210129500192124e-08 5.8524943113980043563e-08 5.6800079306640327559e-08 5.4574918806338246213e-08 5.2224969238068297273e-08 5.1399947409436208545e-08 5.187501983527909033e-08 5.2349950152574820095e-08 5.3774929398286985816e-08 5.5699921119867212838e-08 5.7774926176534791011e-08 6.0125110223907540785e-08 6.3525057214519620175e-08 6.722498113731489866e-08 7.1300028992027364438e-08 7.3974945280497195199e-08 7.512502975259849336e-08 7.4725150511767424177e-08 7.2774980708345538005e-08 7.0900057380640646443e-08 7.0050099054697056999e-08 7.0475053348673100118e-08 7.1100046739047684241e-08 7.0975062271827482618e-08 7.0500043136689782841e-08 7.0599938339910295326e-08 7.1424963721256062854e-08 7.1225024100840528263e-08 7.1099997001056181034e-08 7.0875024960059818113e-08 7.0650003181071951985e-08 6.8824959953417419456e-08
5.9874913915791694308e-08 5.9324932522031303961e-08 5.8624838317200556048e-08 5.7600068714691587957e-08 5.694980487191969587e-08 5.6725024677461988176e-08 5.5974961554738911218e-08 5.490007382036310446e-08 5.2850104736990033416e-08 5.1000021983327314956e-08 5.0150013919392222306e-08 5.0300073439757397864e-08 5.0950003327443482704e-08 5.3074980854717068723e-08 5.5499981499451678246e-08 5.760002252941376355e-08 5.970010619193999446e-08 6.1875105927811091533e-08 6.4300110125259379856e-08 6.6500042805728298845e-08 6.8175076251009159023e-08 6.9574973338148993207e-08 6.9999835261569387512e-08 7.030010351627424825e-08 7.0349976510897249682e-08 7.1150019209653692087e-08 7.3150062007698579691e-08 7.4899958235619124025e-08 7.6775023671871167608e-08 7.8924990987161436351e-08 8.0924941414650675142e-08 8.3425000241277302848e-08 8.4749892437230300857e-08 8.5724970233513886342e-08 8.6700012502660683822e-08 8.804993711919451016e-08 8.7825057448753796052e-08
5.7500027850210244651e-08 5.792512780544711859e-08 5.7775114470359767438e-08 5.6624841704433492851e-08 5.612497488982626237e-08 5.574993977575104509e-08 5.5124949938090139767e-08 5.4400015159217218752e-08 5.2875041234301534132e-08 5.2250051396640628809e-08 5.182495144140375487e-08 5.152502069449838018e-08 5.1499988273917551851e-08 5.2174900844192961813e-08 5.3499938701406790642e-08 5.6174993545710094622e-08 5.847492090538253251e-08 6.0524889988755603554e-08 6.2374972742418322014e-08 6.3950110984478669707e-08 6.5549990324598184088e-08 6.750016012802007026e-08 6.9475078134928480722e-08 7.1900082332376769045e-08 7.3400116207267274149e-08 7.5549984046574536478e-08 7.7949998456006142078e-08 8.0224943133089254843e-08 8.3000038841873902129e-08 8.4824989698972785845e-08 8.7324998787607910344e-08 8.9700080252441694029e-08 9.162506842130824225e-08 9.347500906642380869e-08 9.502501541192032164e-08 9.7000025789384380914e-08 9.9099970896077138605e-08
5.6399965586706457543e-08 5.6524992686490804772e-08 5.6574965157096812618e-08 5.6299924722225114238e-08 5.5750035699020372704e-08 5.5149985911384646897e-08 5.487504139978227613e-08 5.4775000535300932825e-08 5.5424976608264842071e-08 5.5949829658175076474e-08 5.6000043713311242755e-08 5.5824948219651560066e-08 5.5749989513742548297e-08 5.5499839390904526226e-08 5.5725049463717368781e-08 5.6324864772250293754e-08 5.7675169529147751746e-08 5.9175111033482608036e-08 6.1199997958283347543e-08 6.2849949244991876185e-08 6.4774944519285782008e-08 6.7299936290510231629e-08 7.0275021357701916713e-08 7.3499919039932137821e-08 7.6775023671871167608e-08 7.9950090992042532889e-08 8.3149956253691925667e-08 8.6350105732435622485e-08 8.8900044659112609224e-08 9.1050004868975520367e-08 9.2824890884912747424e-08 9.439997938898159191e-08 9.617495777547446778e-08 9.7599937021186633501e-08 9.9975061118584562792e-08 1.0247492809867253527e-07 1.039999517615797231e-07
5.3750039086253309506e-08 5.4474877941856902908e-08 5.577511785759270424e-08 5.6275080595469262335e-08 5.6349897192831122084e-08 5.634994337810894649e-08 5.6700038442158984253e-08 5.7499981664932420244e-08 5.8825158077979722293e-08 6.0049913486182049382e-08 6.0800125822879635962e-08 6.0999965967312164139e-08 6.0925053446680976776e-08 6.0925053446680976776e-08 6.1025048125884495676e-08 6.1325025058067694772e-08 6.1749936719479592284e-08 6.2099744013721647207e-08 6.2550022050800180295e-08 6.3174965703183261212e-08 6.5425012962805340067e-08 6.784987505170647637e-08 7.114996947166218888e-08 7.4149944850887550274e-08 7.7049875812917889562e-08 8.05749920118614682e-08 8.4475040296183578903e-08 8.8574935830365575384e-08 9.3075087193028593902e-08 9.6275044825233635493e-08 9.8575021922897576587e-08 9.9974968748028913978e-08 1.0127501326451238128e-07 1.0232506042484601494e-07 1.0354995794159549405e-07 1.0504989944593035034e-07 1.0682501994097037823e-07
5.8574961769863875816e-08 5.9549950748305491288e-08 6.0450076944107422605e-08 6.0924961076125327963e-08 6.1349965108092874289e-08 6.182494161066642846e-08 6.1649942040276073385e-08 6.2200072648010973353e-08 6.2349940321837493684e-08 6.2725064253754680976e-08 6.352481562998946174e-08 6.4200165184047364164e-08 6.4624927631484752055e-08 6.4899971619070129236e-08 6.5424920592249691254e-08 6.570000721239921404e-08 6.5875006782789569115e-08 6.6049906877196917776e-08 6.6525075226309127174e-08 6.697497667573770741e-08 6.7474985598892089911e-08 6.8975111844338243827e-08 7.0975062271827482618e-08 7.1899940223829617025e-08 7.4349877365875727264e-08 7.717504502124938881e-08 8.0975055993803835008e-08 8.5449983089347369969e-08 9.0100002125836908817e-08 9.467501627113961149e-08 9.8224781197586708004e-08 1.0064992750358214835e-07 1.0345010537093912717e-07 1.05099964287092007e-07 1.0647507053818117129e-07 1.0767507774289697409e-07 1.083999663364920707e-07
6.4475152328213880537e-08 6.5775061841577553423e-08 6.7349958499107742682e-08 6.8475053183192358119e-08 6.9024899573832954047e-08 6.9925071954912709771e-08 7.0650145289619104005e-08 7.0975019639263337012e-08 7.1050074268441676395e-08 7.0100021787311561638e-08 6.9275095881948800525e-08 6.87500971707777353e-08 6.9049789885866630357e-08 6.929988671799947042e-08 6.8999860047824768117e-08 6.9475028396936977515e-08 6.9549990655559668085e-08 6.9750022646530851489e-08 7.0399998719494760735e-08 7.1075106689022504725e-08 7.1424913983264559647e-08 7.1649978394816571381e-08 7.2449971355581510579e-08 7.2475195622700994136e-08 7.3174952319732256001e-08 7.4824953344432287849e-08 7.8124855917849345133e-08 8.0974913885256682988e-08 8.4900186436698277248e-08 8.9200021591295808321e-08 9.3874930939819023479e-08 9.8175000573519355385e-08 1.0204992406670498895e-07 1.0550012774501738022e-07 1.0784997783730432275e-07 1.0832500407786938013e-07 1.0877489842187060276e-07
7.1374941512658551801e-08 7.2025059694169613067e-08 7.2949930540744389873e-08 7.3974987913061340805e-08 7.4875018185593944509e-08 7.6025102657695242669e-08 7.7275181809000059729e-08 7.8449915008604875766e-08 7.8649996737567562377e-08 7.8224850597052864032e-08 7.7425049482826580061e-08 7.6099922807770781219e-08 7.5624846829214220634e-08 7.5425006684781692456e-08 7.5950005395952757681e-08 7.5949905919969751267e-08 7.5249907638408330968e-08 7.4324987053842050955e-08 7.4750040823801100487e-08 7.5774956087570899399e-08 7.6700018780684331432e-08 7.6824953509913029848e-08 7.6850035668485361384e-08 7.6650096048069826793e-08 7.6924990821680694353e-08 7.777504862360729021e-08 7.8900001199144753627e-08 7.9999971092092891922e-08 8.0450007544641266577e-08 8.2375095189490821213e-08 8.6400078203041630331e-08 9.1049912498419871554e-08 9.6450044395623990567e-08 1.0170006703447143082e-07 1.0652499327079567593e-07 1.093999841828008357e-07 1.0897502988882479258e-07
8.0825046211430162657e-08 8.0374952915462927194e-08 8.1725069378535408759e-08 8.294997400071224547e-08 8.3900211222953657852e-08 8.439998566700523952e-08 8.4900094066142628435e-08 8.595013412104890449e-08 8.6775209240386175225e-08 8.6975049384818703402e-08 8.7074901955475070281e-08 8.6399985832485981518e-08 8.620013858262609574e-08 8.6750027605830837274e-08 8.7874987286795658292e-08 8.8375138318497192813e-08 8.8474891413170553278e-08 8.7650157354346447391e-08 8.6725137293797160964e-08 8.6800049814428348327e-08 8.7525030778579093749e-08 8.7424943728819926037e-08 8.7050011643441393971e-08 8.6875054705615184503e-08 8.6649990294063172769e-08 8.7375070734196924604e-08 8.6674972976652497891e-08 8.4475040296183578903e-08 8.2299997927748336224e-08 8.2049801619632489746e-08 8.474998480778594967e-08 8.890008729167675483e-08 9.3949985568997362861e-08 9.9824951860227884026e-08 1.0584998477725093835e-07 1.1117501230728521477e-07 1.1344990724637682433e-07
9.0075019443247583695e-08 8.8775060191892407602e-08 9.1050054606967023574e-08 9.2575028531882708194e-08 9.3574954007635824382e-08 9.4175149456532381009e-08 9.442501180956242024e-08 9.492487862416965072e-08 9.5700073643456562422e-08 9.6374797919906995958e-08 9.6899938739625213202e-08 9.7300052459559083218e-08 9.7849941482763824752e-08 9.8824976646483264631e-08 1.0007491368924092967e-07 1.0125003058192305616e-07 1.0202484190813265741e-07 1.0167489250534345047e-07 1.0132512784366554115e-07 1.0137519979025455541e-07 1.0144987072635558434e-07 1.0112495374414720573e-07 1.0030007047134859022e-07 9.9799969177638558904e-08 9.9674942077854211675e-08 9.9949929222020728048e-08 9.7949936161967343651e-08 9.4850015841529966565e-08 9.0374896899447776377e-08 8.9400103320258494932e-08 9.1999957874122628709e-08 9.5400046973281860119e-08 9.8949954008276108652e-08 1.0317482690425094916e-07 1.0847506359823455568e-07 1.1505007790901800035e-07 1.1957493484260339756e-07
