inst/extdata/temperatureDeviation.asc
ncols        144
nrows        72
xllcorner    -180.000000000000
yllcorner    -90.000000000000
cellsize     2.500000000000
NODATA_value  nan
[rows 16 to 31 of 72, columns 74 to 110 of 144]
5.0022504183289129287e-07 4.9602499530010391027e-07 4.9192499318451154977e-07 4.8217503945124917664e-07 4.7369999833790643606e-07 4.683250267589755822e-07 4.5959998828948300797e-07 4.4165000190332648344e-07 4.1970002939706319012e-07 4.0895002939578262158e-07 4.013749901332630543e-07 4.0232501419268373866e-07 3.8634996712971769739e-07 3.6000000136482412927e-07 3.5194997849430365022e-07 3.508249903916293988e-07 3.4824998351723479573e-07 3.5505001960700610653e-07 3.4812501326086930931e-07 3.4320001418564061169e-07 3.3732499105099122971e-07 3.314000025511631975e-07 3.2795000493024417665e-07 3.234999894630163908e-07 3.1852499660089961253e-07 3.1220000096254807431e-07 3.0309999488054018002e-07 2.9199998152762418613e-07 2.8522501338557049166e-07 2.7962499871136969887e-07 2.7814999725706002209e-07 2.7490000320540275425e-07 2.7509997835295507684e-07 2.7672501801134785637e-07 2.7637500465971243102e-07 2.7814999725706002209e-07 2.7677498337652650662e-07
4.373999900053604506e-07 4.3012497030758822802e-07 4.3177499264857033268e-07 4.2639999264793004841e-07 4.1687499674480932299e-07 4.0937496237347659189e-07 4.065749976689403411e-07 4.0232498577097430825e-07 4.0020003666541015264e-07 3.9935002860147505999e-07 3.9504996607320208568e-07 3.8995000295471982099e-07 3.8282502146103070118e-07 3.5885003057956055272e-07 3.2955006190604763106e-07 3.353000863626220962e-07 3.4247503322148986626e-07 3.5009998100576922297e-07 3.5487499872033367865e-07 3.522250153764616698e-07 3.4584999752951262053e-07 3.3784996844588022213e-07 3.2982501352307735942e-07 3.236000054585019825e-07 3.1704996672488050535e-07 3.0792494953857385553e-07 2.966750116684124805e-07 2.8079998060093203094e-07 2.707499788812128827e-07 2.6840001510208821855e-07 2.7209998165744764265e-07 2.7420000492384133395e-07 2.7537498681340366602e-07 2.7552499659577733837e-07 2.7370001021154166665e-07 2.6989999923898722045e-07 2.6530000241109519266e-07
3.8030006521694303956e-07 3.6812502912653144449e-07 3.5802497677650535479e-07 3.4374991741970006842e-07 3.3192497994605218992e-07 3.2125007010108674876e-07 3.1510006692769820802e-07 3.1397496513818623498e-07 3.1864996685726509895e-07 3.783499664677947294e-07 3.829499917173961876e-07 3.7445005318659241311e-07 3.5967494227406859864e-07 3.3222497108909010421e-07 2.9952499858154624235e-07 3.0610001999775704462e-07 3.1974994385564059485e-07 3.3462492865510284901e-07 3.4612500598996120971e-07 3.4425005424054688774e-07 3.3477496685918595176e-07 3.2587493592473038007e-07 3.1957497981238702778e-07 3.1415001444656809326e-07 3.0974990750110009685e-07 2.9822498959219956305e-07 2.8297498033680312801e-07 2.6982502276950981468e-07 2.5765004352251708042e-07 2.5214998800038301852e-07 2.5669999104138696566e-07 2.5882499699036998209e-07 2.6074999937009124551e-07 2.5797498892643488944e-07 2.5522498958707728889e-07 2.5114999857578368392e-07 2.465249906435929006e-07
3.2632499369356082752e-07 3.2255002224701456726e-07 3.1017501100905064959e-07 2.9862496830901363865e-07 2.8929997597515466623e-07 2.7842497729579918087e-07 2.663499856225826079e-07 2.6152503096454893239e-07 2.6302498667973850388e-07 2.8515003691609308589e-07 3.1854995086177950725e-07 3.1344995932158781216e-07 3.1247495257957780268e-07 3.1017501100905064959e-07 2.8532505780276551377e-07 2.9289998337844735943e-07 3.0280000373750226572e-07 3.1792501431482378393e-07 3.2197505106523749419e-07 3.2967494689728482626e-07 3.2144995998351078015e-07 3.0912502779756323434e-07 3.0572496712011343334e-07 3.0157494279592356179e-07 2.9637493526024627499e-07 2.8504999249889806379e-07 2.6849997425415494945e-07 2.5147500082312035374e-07 2.3712499341854709201e-07 2.2675000366234598914e-07 2.2252501707953342702e-07 2.2369999896909575909e-07 2.2305000868527713465e-07 2.2029992408079124289e-07 2.2075003869304055115e-07 2.160000036610654206e-07 2.0750000828684278531e-07
2.8534992679851711728e-07 2.8329989731901150662e-07 2.7974996896773518529e-07 2.7207508423998660874e-07 2.7032496063839062117e-07 2.7449988238004152663e-07 2.5827509375631052535e-07 2.5004999315569875762e-07 2.4865005343599477783e-07 2.3842505925131263211e-07 2.4077493776530900504e-07 2.4509998297617130447e-07 2.6359995786151557695e-07 2.7580000505622592755e-07 2.8242504868103424087e-07 2.9809999091412464622e-07 3.0654993565804034006e-07 3.0849994914206035901e-07 3.0342494028445798904e-07 3.0492506652990414295e-07 3.1044996262608037796e-07 2.9707493354180769529e-07 2.9175001259318378288e-07 2.9007500756961235311e-07 2.8262496698516770266e-07 2.6782501549860171508e-07 2.5085000743274576962e-07 2.3332503928941150662e-07 2.1817500339693651767e-07 2.0267499678539024899e-07 1.9162501985192648135e-07 1.8402505475023644976e-07 1.7780001826395164244e-07 1.7430001264528982574e-07 1.7297500676249910612e-07 1.7380000372213544324e-07 1.6567500438213755842e-07
2.4224991079790925141e-07 2.4427490075140667614e-07 2.4335002990483189933e-07 2.4227497874562686775e-07 2.4152512878572451882e-07 2.4612492666165053379e-07 2.475498774856532691e-07 2.4432495138171361759e-07 2.459498205098498147e-07 2.4515000518476881552e-07 2.4420009481218585279e-07 2.5337496367683343124e-07 2.6070014769175031688e-07 2.7434995786279614549e-07 2.9684997571166604757e-07 3.0467495548691658769e-07 3.0599994715885259211e-07 2.988749940868729027e-07 3.0492498126477585174e-07 3.0402492257053381763e-07 3.0645003334939246997e-07 3.0367493764060782269e-07 2.9420004921121289954e-07 2.8760007353412220255e-07 2.6932502805721014738e-07 2.500250388948188629e-07 2.2877500782669812907e-07 2.169999930856647552e-07 2.0519999566204205621e-07 1.914749816478433786e-07 1.8027500914286065381e-07 1.7597501766886125552e-07 1.7192499512930226047e-07 1.6552500881061860127e-07 1.6177496320324280532e-07 1.6057501284194586333e-07 1.652500003501700121e-07
2.0920013810155069223e-07 2.1499987212791893398e-07 2.1734996380473603494e-07 2.1854997100945183774e-07 2.1805000471886160085e-07 2.2215003525616339175e-07 2.2812494648860592861e-07 2.3395008952320495155e-07 2.3934990167617797852e-07 2.4310003254868206568e-07 2.4925003572207060643e-07 2.6087502646987559274e-07 2.7380002620702725835e-07 2.8232506110725807957e-07 2.9834990300514618866e-07 3.0152492058732605074e-07 3.0097490366642887238e-07 2.8872494794995873235e-07 2.9579993565675977152e-07 3.0342502554958628025e-07 3.0577496090700151399e-07 3.0207496592993265949e-07 2.9114991662027023267e-07 2.7822497372653742786e-07 2.5404997927580552641e-07 2.2935002164103934774e-07 2.0002495659809937933e-07 1.7247495520678057801e-07 1.7649999506375024794e-07 1.7585001899078633869e-07 1.7702501509120338596e-07 1.7452497047543147346e-07 1.7042503941411268897e-07 1.6157500226654519793e-07 1.5635002625913330121e-07 1.5219998772408871446e-07 1.5140000186875113286e-07
1.9122485639400110813e-07 1.9847493604174815118e-07 2.0204991812988737365e-07 2.0515007292942755157e-07 2.0702495362456829753e-07 2.0832504787904326804e-07 2.1612495970657619182e-07 2.2437501456806785427e-07 2.3244990643433993682e-07 2.3789992553702177247e-07 2.4447501800750615075e-07 2.548250677136820741e-07 2.7220002607464266475e-07 2.8490001113823382184e-07 2.9120010935912432615e-07 2.9034995918664208148e-07 2.8319996658865420613e-07 2.7417502224125200883e-07 2.8142494556959718466e-07 2.9034998760835151188e-07 2.9570000492640247103e-07 2.8769997584277007263e-07 2.7380008305044611916e-07 2.5349999077661777847e-07 2.2374987906914611813e-07 2.0114998733333777636e-07 1.7324985890354582807e-07 1.3992490721648209728e-07 1.4089997080191096757e-07 1.6502499988746421877e-07 1.5595004754231922561e-07 1.640500073563089245e-07 1.6159999915998923825e-07 1.4957500127366074594e-07 1.4472500708961888449e-07 1.4492498223717120709e-07 1.4040000451132073067e-07
1.8885006625168898609e-07 1.9302505904761346756e-07 1.9482497748413152294e-07 1.9907493253867869498e-07 2.0342503148640389554e-07 2.0927500088419037638e-07 2.1944990180600143503e-07 2.2874993987898051273e-07 2.3847488250794413034e-07 2.4239997742370178457e-07 2.4585003188803966623e-07 2.5342515641568752471e-07 2.6182505052929627709e-07 2.721500322877545841e-07 2.8029984378008521162e-07 2.7562498416955349967e-07 2.6719999368651770055e-07 2.5754999910532205831e-07 2.5545014636918494944e-07 2.5504994027869543061e-07 2.4939996023931598756e-07 2.4670001153026532847e-07 2.3929996473270875867e-07 2.2284984879661351442e-07 1.7755017722720367601e-07 1.5875011172283848282e-07 1.600251238187411218e-07 1.3717499314225278795e-07 1.3509998098015785217e-07 1.3972497470149392029e-07 1.7352505210510571487e-07 1.5142499876219517319e-07 1.4104999479513935512e-07 1.2502499657784937881e-07 1.2342501065631950041e-07 1.2937503868215571856e-07 1.3047504410224064486e-07
2.0430002223292831331e-07 2.0667491185122344177e-07 2.0867500438725983258e-07 2.0972504444216610864e-07 2.1130013294623495312e-07 2.1770010505406389711e-07 2.2957492262776213465e-07 2.3735007914638117654e-07 2.4642491780468844809e-07 2.5225006083928747103e-07 2.4779996010693139397e-07 2.4912506546570512e-07 2.5404997927580552641e-07 2.615499568037193967e-07 2.7160001536685740575e-07 2.6737484404293354601e-07 2.5400018444088345859e-07 2.4144992494257166982e-07 2.35324961295191315e-07 2.2762493756545154611e-07 2.1529993432523042429e-07 2.0102496023355342913e-07 1.953750654593022773e-07 1.8664998435724555748e-07 1.5822492116512876237e-07 1.3245001184714055853e-07 1.4762501621135015739e-07 1.7254986062198440777e-07 1.7919992956194619182e-07 1.7897509962949698092e-07 1.424250086756728706e-07 1.5127491792554792482e-07 1.2427506135281873867e-07 1.423002231604186818e-07 1.2674989591232588282e-07 1.2824993689264374552e-07 1.2107500424463069066e-07
2.1709990960516734049e-07 2.2747497041564201936e-07 2.3109994629066932248e-07 2.2927503096070722677e-07 2.2899999407854920719e-07 2.2999996929229382658e-07 2.396249669800454285e-07 2.4797512310215097386e-07 2.5170007234009972308e-07 2.5730003017088165507e-07 2.5312499474239302799e-07 2.4379997398682462517e-07 2.4605006387901084963e-07 2.5254999513890652452e-07 2.5967506189772393554e-07 2.5850005158645217307e-07 2.4312510049639968202e-07 2.2285003353772481205e-07 2.1549992368363746209e-07 2.0642504239276604494e-07 1.956750423914854764e-07 1.7122498263688612496e-07 1.5425004562530375551e-07 1.465250960563935223e-07 1.3924989161751000211e-07 1.103000144553334394e-07 1.1649989772877233918e-07 1.947750121189528727e-07 2.2880000472014216939e-07 2.1005000405693863286e-07 1.4782494872633833438e-07 1.2662511039707169402e-07 1.0667510252915235469e-07 1.4025000893980177352e-07 1.5619988857906719204e-07 1.3092484607568621868e-07 1.1445012404465160216e-07
2.138999946055264445e-07 2.2712482916631415719e-07 2.3397493009724712465e-07 2.3400001225581945619e-07 2.3417496208821830805e-07 2.3717508668141817907e-07 2.3685002759066264844e-07 2.4547506427552434616e-07 2.5407504722352314275e-07 2.5680012072371027898e-07 2.545250481489347294e-07 2.4670015363881248049e-07 2.3614997246568236733e-07 2.3579997332490165718e-07 2.390249846939695999e-07 2.4324998548763687722e-07 2.2447495950927986996e-07 1.936749924880132312e-07 2.0217490259710757528e-07 1.9025006281481182668e-07 1.7367501925491524162e-07 1.5644988593521702569e-07 1.4105015111454122234e-07 1.3117490027525491314e-07 1.2477498501084482996e-07 1.09700010852975538e-07 1.0074982981223001843e-07 1.8652505673344421666e-07 2.2074995342791225994e-07 2.0384997867495258106e-07 1.2369990542993036797e-07 1.1574993408203226863e-07 1.2525015335995703936e-07 1.0277504713940288639e-07 1.0560011531879354152e-07 9.832496772332888213e-08 1.0859989885148024769e-07
1.889749938754903269e-07 1.938998650530265877e-07 2.0295000524583883816e-07 2.112999908376878011e-07 2.143751629546386539e-07 2.1817507445121009368e-07 2.2277488653799082385e-07 2.2617493300458590966e-07 2.3265003790129412664e-07 2.2889990702879003948e-07 2.2859993009660684038e-07 2.2484994133264990523e-07 2.2557506440534780268e-07 2.1755003842827136395e-07 2.1777501046926772688e-07 2.1674999572951492155e-07 2.0237503406406176509e-07 1.7262502183257311117e-07 1.7222509995917789638e-07 1.7292494192133744946e-07 1.5025010213776113233e-07 1.3374996399306837702e-07 1.23900122162012849e-07 1.1364998897533951094e-07 1.0845012354820937617e-07 9.9300095257603970822e-08 9.8150017890930030262e-08 1.3927497377608233364e-07 1.8097500742442207411e-07 1.6830020399538625497e-07 1.1614994832598313224e-07 9.9399947828260337701e-08 1.0879988820988728548e-07 9.8474934873138408875e-08 8.4924892007620655932e-08 8.3425092611832951661e-08 1.0160007235526791192e-07
1.7319993617093132343e-07 1.7197504575960920192e-07 1.6859998197560344124e-07 1.8329991746668383712e-07 1.9452505739536718465e-07 1.9487514180127618602e-07 1.9912505422325921245e-07 2.0545010670502961148e-07 2.0830010782901808852e-07 2.0777507359071023529e-07 2.0790000121451157611e-07 2.1047492282377788797e-07 2.1072511913189373445e-07 2.0895008390198199777e-07 2.0187502514090738259e-07 1.988750426562546636e-07 1.9092512104634806747e-07 1.8149995639760163613e-07 1.5699991706696891924e-07 1.4992500041444145609e-07 1.3132491005762858549e-07 1.1592502602297827252e-07 1.0517491944028733997e-07 9.6499967128238495206e-08 9.3450019278407125967e-08 8.7299966367027082015e-08 8.6324931203307642136e-08 1.2180004205220029689e-07 1.4084997701502288692e-07 1.0967497843239470967e-07 7.209997221480080043e-08 7.1674968182833254104e-08 7.5699993828948208829e-08 7.6774881563324015588e-08 7.4350069212414382491e-08 7.5849911240766232368e-08 9.6324917819856636925e-08
1.4399995507119456306e-07 1.3535003517972654663e-07 1.4507503465210902505e-07 1.4482498045254033059e-07 1.6335005170731164981e-07 1.7177495692521915771e-07 1.7432513743642630288e-07 1.7490010861820337595e-07 1.759748897711688187e-07 1.7977504285227041692e-07 1.9285006658265047008e-07 2.0297503056099230889e-07 2.1442494357870600652e-07 2.0824990087930927984e-07 1.9984999255484581226e-07 1.6202497477024735417e-07 1.5050001422878267476e-07 1.440498778038090677e-07 1.3202505044773715781e-07 1.2177491726106381975e-07 1.0562491326027156902e-07 9.5550014123091386864e-08 8.7799975290181464516e-08 8.3724877697477495531e-08 8.1674912166818103287e-08 7.8599882158414402511e-08 7.6574941942908480996e-08 8.8474990889153559692e-08 9.770007380893730442e-08 9.7975018320539675187e-08 6.1849931398683111183e-08 5.9475087965665807133e-08 6.1774919402068917407e-08 6.2800168620924523566e-08 6.5000008930837793741e-08 7.0724915701703139348e-08 7.8850220575077401008e-08
1.1532497268262886791e-07 1.1779999908867466729e-07 1.1909980912605533376e-07 1.0167498487589909928e-07 1.1535005484120119945e-07 1.2500004231696948409e-07 1.3337506743482663296e-07 1.3327493775250331964e-07 1.2227492618421820225e-07 1.1725001058948691934e-07 1.4574999340766225941e-07 1.5334983061165985418e-07 1.4727501707056944724e-07 1.6274995573439809959e-07 1.592499785374457133e-07 1.6382499268274841597e-07 1.4287500960108445724e-07 1.3442488011605746578e-07 1.1552505441159155453e-07 1.0284995966003407375e-07 9.0850022615995840169e-08 8.354997760307014687e-08 7.7575109003191755619e-08 7.5299837476450193208e-08 7.3649978560297313379e-08 7.2275021523182658711e-08 7.0450113298647920601e-08 7.202500995617810986e-08 8.0350019970865105279e-08 7.9699944421918189619e-08 6.0974976179295481415e-08 5.4624987200213581673e-08 5.7200050918027045554e-08 5.9424877463243319653e-08 6.1375097004656709032e-08 6.6749954896749841282e-08 7.2325086364344315371e-08
