inst/extdata/temperatureDeviation.asc
ncols        144
nrows        72
xllcorner    -180.000000000000
yllcorner    -90.000000000000
cellsize     2.500000000000
NODATA_value  nan
[rows 32 to 47 of 72, columns 74 to 110 of 144]
7.902512777491210727e-08 8.2849979321508726571e-08 8.8999989600324624917e-08 8.5474923139372549485e-08 8.227486603118450148e-08 9.0624858728460822022e-08 1.0294995433923759265e-07 1.0572495767746659112e-07 9.5224855556352849817e-08 1.0094990443576534744e-07 1.1722502790689759422e-07 1.0252485083128703991e-07 9.5449827597349212738e-08 1.0082511892051115865e-07 1.3517504271476354916e-07 1.476499136288111913e-07 1.5210008541544084437e-07 1.2639993940410931828e-07 1.0452494336732343072e-07 8.9649965673288534163e-08 8.1799839790619444102e-08 7.6174977436949120602e-08 7.1824885594651277643e-08 7.0650003181071951985e-08 6.8999959523807774531e-08 6.7350050869663391495e-08 6.5500067591983679449e-08 6.3250020332361600595e-08 6.3224980806353414664e-08 6.6225005923570279265e-08 5.6200025966290922952e-08 5.3925131027199313394e-08 5.8049916873414986185e-08 5.9874913915791694308e-08 6.1525057049038878176e-08 6.480006931042225915e-08 6.9375083455724961823e-08
7.4824953344432287849e-08 7.6600123577463818947e-08 8.1549835329042252852e-08 8.322501088287026505e-08 8.1624982328776241047e-08 8.5100033686558163026e-08 8.442501808758606785e-08 8.6025046641680091852e-08 7.9924966200906055747e-08 7.6375009427920304006e-08 6.8400048292005521944e-08 8.3550069973625795683e-08 1.0817489481951270136e-07 1.3672504906026006211e-07 1.5212498283290187828e-07 1.3130006948358641239e-07 1.2107500424463069066e-07 9.9074888737504807068e-08 9.0174964384459599387e-08 8.0974963623248186195e-08 7.5674918775803234894e-08 7.1399973933239380131e-08 6.9499968446962157032e-08 6.8199874192487186519e-08 6.5275003180431667715e-08 6.2725064253754680976e-08 6.059990198536979733e-08 5.9824991183177189669e-08 5.8600093666427710559e-08 5.884995601945774979e-08 5.7599972791422260343e-08 5.7500077588201747858e-08 5.9325074630578455981e-08 6.0099985432771063643e-08 6.027493526516991551e-08 6.1149883379130187677e-08 6.2450077109588164603e-08
6.6700032164135336643e-08 7.3724983451484149555e-08 8.0725001794235140551e-08 8.0774974264841148397e-08 7.9750016368507203879e-08 8.0174878291927598184e-08 8.0300047500259097433e-08 7.8550051796355546685e-08 7.6649904201531171566e-08 7.8749941678779578069e-08 8.3824971852664020844e-08 8.5824822804170253221e-08 8.652510530282597756e-08 1.059999945596246107e-07 1.1887507156416177168e-07 1.0840005870704771951e-07 9.8325017461320385337e-08 8.2749942009741062066e-08 7.9299972810531471623e-08 7.5900032925346749835e-08 7.2900007808129885234e-08 6.9225073673351289472e-08 6.7449995810875407187e-08 6.6274978394176287111e-08 6.3449952847349777585e-08 6.027507737371706753e-08 5.7800054520384946954e-08 5.702490923908953846e-08 5.7150028709429534501e-08 5.7824944832418623264e-08 5.7200097103304869961e-08 5.6874942089280011714e-08 5.8099939082012497238e-08 5.7950114040750122513e-08 5.7125042474126530578e-08 5.6025029948614246678e-08 5.6050016183917250601e-08
6.2774994091796543216e-08 6.905002436496943119e-08 8.505006121595215518e-08 8.0274915603695262689e-08 7.8374959855409542797e-08 7.5400016896765009733e-08 7.6149937910940934671e-08 7.6275014748716785107e-08 7.4700018615203589434e-08 8.3950091323004016886e-08 8.960008557323817513e-08 1.1902503871397129842e-07 1.1125006693646355416e-07 9.2949917984697094653e-08 7.7200034809266071534e-08 7.0674943231097131502e-08 6.9925022216921206564e-08 7.3400116207267274149e-08 7.4574991515419242205e-08 7.3924923071899684146e-08 7.1824977965206926456e-08 6.8624878224454732845e-08 6.5950061411967908498e-08 6.4699982260663091438e-08 6.2575104209372511832e-08 5.9824898812621540856e-08 5.672497849218416377e-08 5.5849934454954563989e-08 5.5650044572530532605e-08 5.6149911387137763086e-08 5.5600072101924524759e-08 5.6549929183802305488e-08 5.7424877297762577655e-08 5.7100105976815029862e-08 5.5800057907617883757e-08 5.36499982217719662e-08 5.247488132908983971e-08
6.1874963819263939513e-08 7.1249864674882701365e-08 9.0025089605205721455e-08 7.9525044327510840958e-08 7.6674936622111999895e-08 7.5199984905793826329e-08 7.5299929847005842021e-08 7.6474954369132319698e-08 7.6649996572086820379e-08 7.6224992540119274054e-08 8.6925076914212695556e-08 1.1395001564551421325e-07 1.1657505183393368497e-07 9.6949911210231221048e-08 6.7724990060469281161e-08 6.0199973006547224941e-08 6.427502796668704832e-08 7.0274921881718910299e-08 7.2324944255797163351e-08 7.2575041087930003414e-08 7.0675184815627289936e-08 6.7225023769879044266e-08 6.4974976510256965412e-08 6.3400030114735272946e-08 6.2449977633605158189e-08 6.0499957044157781638e-08 5.7975054090775302029e-08 5.642504774527878908e-08 5.5899953110838396242e-08 5.5599976178655197145e-08 5.5649948649261204991e-08 5.6700134365428311867e-08 5.8325003493564508972e-08 5.8900070598610909656e-08 5.8100031452568146051e-08 5.6800079306640327559e-08 5.5599926440663693938e-08
6.6374965967952448409e-08 6.4424945378505071858e-08 7.9074958136970963096e-08 7.7125122288634884171e-08 7.4274971950671897503e-08 7.5325012005578173557e-08 7.6049900599173270166e-08 7.8600074004953057738e-08 8.0474947594666446093e-08 7.810001534380717203e-08 7.8199860809036181308e-08 9.6875048427591536893e-08 1.1890001161418695119e-07 9.5375106923256680602e-08 6.4650009790057083592e-08 5.5925035269410727778e-08 5.8475066566643363331e-08 6.4949986722240282688e-08 6.6924954467140196357e-08 6.7049839458377391566e-08 6.5600012533195695141e-08 6.2949993662186898291e-08 6.1124993067096511368e-08 5.994996854497003369e-08 5.9775018712571181823e-08 5.9175061295491104829e-08 5.7624959026725264266e-08 5.6349993116100449697e-08 5.5875016613526895526e-08 5.5474995264148674323e-08 5.4800175064428913174e-08 5.6175039730987919029e-08 5.8050108719953641412e-08 5.994996854497003369e-08 6.0400012102945765946e-08 5.9525014250993990572e-08 5.7999994140800481546e-08
7.5349952055603353074e-08 6.7775012269066792214e-08 6.5824934836200554855e-08 6.8399998554014018737e-08 7.1574973503629735205e-08 7.5024985335403471254e-08 7.6550101368866307894e-08 7.9700043897901196033e-08 8.2624957542520860443e-08 7.9024935928373452043e-08 8.0724859685687988531e-08 8.0725051532226643758e-08 1.0140013984027973493e-07 9.9899956751414720202e-08 6.2424895475032826653e-08 5.3899906760079829837e-08 5.4874849553243620903e-08 5.8500003063954864047e-08 5.9550000486296994495e-08 5.9474992042396479519e-08 5.7899903538327635033e-08 5.6274984672199934721e-08 5.4749964562006425695e-08 5.4675005856097413925e-08 5.4825019191184765077e-08 5.5100013440778639051e-08 5.5124949938090139767e-08 5.4849909503218441387e-08 5.460000096491057775e-08 5.427503424471069593e-08 5.4325056453308206983e-08 5.5699921119867212838e-08 5.8199930208502337337e-08 6.0725071193701296579e-08 6.2099886122268799227e-08 6.209997849282444804e-08 6.0599994355925446143e-08
9.0374996375430782791e-08 7.5799796661613072501e-08 6.3524915105972468155e-08 7.1799895806634594919e-08 7.4950030182208138285e-08 7.6650046310078323586e-08 7.5950005395952757681e-08 7.840008464654601994e-08 8.3675097073410142912e-08 7.9125072716124122962e-08 7.7974938506031321594e-08 7.8074982923226343701e-08 7.6350119115886627696e-08 7.0575048027876619017e-08 5.8674956449067394715e-08 5.4425001394520222675e-08 5.1974964776491106022e-08 5.1749992735494743101e-08 5.1974964776491106022e-08 5.1950024726465926506e-08 5.1050140115194153623e-08 5.060005037194059696e-08 5.0475073010147752939e-08 5.1600025585685216356e-08 5.2200032740756796557e-08 5.2700091401902682264e-08 5.3074980854717068723e-08 5.4274988059432871523e-08 5.5600118287202349165e-08 5.6975078877030682634e-08 5.849995687867703964e-08 5.9799958762596361339e-08 6.1450002419860538794e-08 6.2949851553639746271e-08 6.4399955590488389134e-08 6.4875123939600598533e-08 6.419992359951720573e-08
1.1100006247488636291e-07 8.5674905392352229683e-08 6.6400097864516283153e-08 1.211000864032030222e-07 1.004999603537726216e-07 7.512502975259849336e-08 8.0124998191877239151e-08 7.7599999315225431928e-08 8.0324838336309767328e-08 7.6125097336898761569e-08 7.2399949146983999526e-08 7.2374966464394674404e-08 7.1475028562417719513e-08 6.7224931399323395453e-08 5.8425094096037355484e-08 5.5899953110838396242e-08 5.4624795353674926446e-08 5.4225061774104688084e-08 5.2175046505453792633e-08 5.2375220604972128058e-08 5.1824855518134427257e-08 5.190005225585991866e-08 5.2200032740756796557e-08 5.3949975153955165297e-08 5.5350017902355830302e-08 5.669994251888965664e-08 5.8049966611406489392e-08 6.027493526516991551e-08 6.1599969569670065539e-08 6.3599969735150807537e-08 6.4749954731269099284e-08 6.5275045812995813321e-08 6.6049956615188420983e-08 6.690001441711501684e-08 6.8249896401084697573e-08 6.9099996835575439036e-08 6.9499968446962157032e-08
1.3542504007091338281e-07 1.0357499036217632238e-07 7.4600031041427428136e-08 1.2207493682581116445e-07 1.4719996954681846546e-07 8.0650046641039807582e-08 8.1174896138236363186e-08 8.8499831463195732795e-08 7.8500029587758035632e-08 7.6674986360103503102e-08 7.3825120239234820474e-08 6.7675159698410425335e-08 6.757498027809560881e-08 6.5574930374623363605e-08 5.8424902249498700257e-08 5.8274984837680676719e-08 5.9499882354430155829e-08 5.8524943113980043563e-08 5.6424998007287285873e-08 5.4475069788395558135e-08 5.3725099036228129989e-08 5.3774929398286985816e-08 5.5024958811600299668e-08 5.7300042044516885653e-08 5.9300088395275452058e-08 6.1449959787296393188e-08 6.3600161581689462764e-08 6.572503963298004237e-08 6.7749979848485963885e-08 6.9975044425518717617e-08 7.1124979683645506157e-08 7.2000027273588784738e-08 7.1949955326999770477e-08 7.2274971785191155504e-08 7.2875167234087712131e-08 7.38749506012936763e-08 7.4399999050456244731e-08
1.6385011747388489312e-07 1.2555007344872137764e-07 9.3449976645842980361e-08 9.7574996971161453985e-08 1.1690011092468921561e-07 1.277249310760453227e-07 8.5549977768550888868e-08 8.6974957014263054589e-08 8.2124998357357981149e-08 8.4725186866307922173e-08 8.4100150843369192444e-08 8.3974839526490541175e-08 6.2600037153970333748e-08 6.0824966396921809064e-08 6.0524939726747106761e-08 6.1549997099064057693e-08 6.7575022910659754416e-08 7.7450039270843262784e-08 6.3399937744179624133e-08 6.1425069475262716878e-08 5.6799937198093175539e-08 5.6325102804066773388e-08 5.6949996718458351097e-08 5.9200001345516284346e-08 6.149997489046654664e-08 6.4274928490704041906e-08 6.7024949146343715256e-08 6.8624970595010381658e-08 7.0175026678498397814e-08 7.1650028132808074588e-08 7.3449946569326129975e-08 7.5224974693810509052e-08 7.6675078730659151915e-08 7.7925065511408320162e-08 7.8774974099360406399e-08 7.9275181974480801728e-08 7.9300072286514478037e-08
1.7742505065143632237e-07 1.4387502744739322225e-07 1.0922508408839348704e-07 9.3125059663634601748e-08 1.0165000219330977416e-07 1.018999569168954622e-07 9.4274902551205741474e-08 8.8325073477335536154e-08 8.5475065247919701505e-08 8.8875005133104423294e-08 8.175010890454359469e-08 7.5699993828948208829e-08 6.7849967422262125183e-08 6.4325000437293056166e-08 6.3474942635366460308e-08 7.4800013294407108333e-08 7.1999785689058626303e-08 7.930002254852297483e-08 6.8399955921449873131e-08 6.4399955590488389134e-08 5.9824898812621540856e-08 5.7250023388633053401e-08 5.7474995429629416321e-08 5.8099889344020994031e-08 6.0025023174148373073e-08 6.2499907471647020429e-08 6.5175008501228148816e-08 6.697497667573770741e-08 6.9424963555775320856e-08 7.1450045879828394391e-08 7.5349952055603353074e-08 7.9049968348954280373e-08 8.2349920660362840863e-08 8.5274791672418359667e-08 8.6775017393847519998e-08 8.8000057019144151127e-08 8.7875029919359803898e-08
1.7502497939858585596e-07 1.5517511542384454515e-07 1.2234997370796918403e-07 1.0439987363497493789e-07 9.8224923306133860024e-08 1.0195002886348447646e-07 8.9400053582266991725e-08 9.0424869370053784223e-08 8.8125133856920001563e-08 9.0325166013371926965e-08 8.8299891842780198203e-08 7.8624914578995230841e-08 7.4599888932880276116e-08 7.202500995617810986e-08 6.7950054472021292895e-08 7.8675029158148390707e-08 8.3275125462023424916e-08 7.9374743222615506966e-08 7.2025059694169613067e-08 6.7299986028501734836e-08 6.4024973767118353862e-08 6.1574837673106230795e-08 6.0650158673070109216e-08 6.0499957044157781638e-08 6.1549947361072554486e-08 6.2750004303779860493e-08 6.4550114586836571107e-08 6.6324950864782294957e-08 6.8374966133433190407e-08 7.1274854462899384089e-08 7.5699901458392560016e-08 8.077492452684964519e-08 8.624992631212080596e-08 9.0925027507182676345e-08 9.5024923041364672827e-08 9.7499849971427465789e-08 9.9474952719447173877e-08
1.594499536849980359e-07 1.5030002487037563697e-07 1.3430003775738441618e-07 1.1612500827595795272e-07 1.0492496471670165192e-07 1.1452498682729128632e-07 9.2775103155418037204e-08 8.7800025028172967723e-08 8.4699919966624293011e-08 7.9474972380921826698e-08 7.9024836452390445629e-08 7.8199910547027684515e-08 7.5874950766774418298e-08 7.362494613971648505e-08 7.1299936621471715625e-08 7.3524901722521462943e-08 7.4275114059219049523e-08 7.1724990391430765158e-08 7.1275088942002184922e-08 7.1349951724641869077e-08 7.1249964150865707779e-08 7.0299911669735593023e-08 6.9600105234712827951e-08 6.9124844515044969739e-08 6.8950029685765912291e-08 6.9200041252770461142e-08 6.9474886288389825495e-08 7.1625045450218749465e-08 7.4574948882855096599e-08 7.8074982923226343701e-08 8.1349995184609724674e-08 8.4949967060765629867e-08 8.8900044659112609224e-08 9.4000050410159019521e-08 9.977497938962187618e-08 1.055999732102463895e-07 1.1135006161566707306e-07
1.440002392882888671e-07 1.3847503055330889765e-07 1.3037499968504562275e-07 1.241249520944620599e-07 1.0374998993256667745e-07 9.8300027673303702613e-08 1.0542493100729188882e-07 9.3175124504796258407e-08 8.5724970233513886342e-08 8.0375102129437436815e-08 7.7274989962461404502e-08 7.8825095783940923866e-08 7.9249957707361318171e-08 7.8149987814413179876e-08 7.7099990392071049428e-08 7.6474997001696465304e-08 7.6499937051721644821e-08 7.4850127873560268199e-08 7.6049900599173270166e-08 7.8575041584372229408e-08 8.1025078202401346061e-08 8.2849837212961574551e-08 8.2749984642305207672e-08 8.232508008632066776e-08 8.0924991152642178349e-08 7.9625081639278505463e-08 7.9125022978132619755e-08 8.0900001364625495626e-08 8.2475089868694340112e-08 8.5949899641946103657e-08 8.8550045518331899075e-08 9.1249944489391054958e-08 9.4425061547553923447e-08 9.8175000573519355385e-08 1.0342507295035829884e-07 1.1002487809719241341e-07 1.1809997602085786639e-07
1.3260002162951423088e-07 1.2969999829692824278e-07 1.2362480106276052538e-07 1.2310003683069226099e-07 1.1320009463133828831e-07 9.6100187363390432438e-08 9.7175025359774735989e-08 1.0232481884031585651e-07 9.262514311103586806e-08 8.3300015774057101225e-08 7.9825070997685543261e-08 8.022499287108075805e-08 8.23750028189351724e-08 8.3574917653095326386e-08 8.3749959856049827067e-08 8.2675121859665523516e-08 8.1674912166818103287e-08 8.1024936093854194041e-08 8.2824847424944891827e-08 8.6150024003472935874e-08 9.0125084284409240354e-08 9.2674973473094723886e-08 9.3575046378191473195e-08 9.3474959328432305483e-08 9.1800025359134451719e-08 9.0199947067048924509e-08 8.9249994061901816167e-08 9.1000082136361015728e-08 9.2849973043485078961e-08 9.4725038479737122543e-08 9.5574904435125063173e-08 9.7950078270514495671e-08 1.0002501227290849783e-07 1.0382502324546294403e-07 1.0887501389333920088e-07 1.1557502688219756237e-07 1.234000706062943209e-07
