inst/extdata/temperatureDeviation.asc
ncols        144
nrows        72
xllcorner    -180.000000000000
yllcorner    -90.000000000000
cellsize     2.500000000000
NODATA_value  nan
[rows 0 to 15 of 72, columns 37 to 73 of 144]
5.9657509154931176454e-07 5.9832507304236060008e-07 5.85025077270984184e-07 5.8792500112758716568e-07 5.9292494825058383867e-07 5.8992509366362355649e-07 5.9420005982246948406e-07 5.9552496622927719727e-07 5.9509994798645493574e-07 5.9595015500235604122e-07 6.0472495988506125286e-07 5.9557504528129356913e-07 5.9659993212335393764e-07 5.9410007224869332276e-07 5.9032498711530934088e-07 5.8762492471942096017e-07 5.8317499451732146554e-07 5.7665005215312703513e-07 5.777250180472037755e-07 5.749498654950002674e-07 5.7225003047278732993e-07 5.7140005083056166768e-07 5.7042507251026108861e-07 5.6992513464138028212e-07 5.6940001513794413768e-07 5.6969997785927262157e-07 5.7282494481114554219e-07 5.7600004765845369548e-07 5.7570008493712521158e-07 5.6860011454773484729e-07 5.6527483138779643923e-07 5.6084996913341456093e-07 5.6377507462457288057e-07 5.6712502782829687931e-07 5.7135002862196415663e-07 5.7542496278983890079e-07 5.7752509974307031371e-07
5.9340010238884133287e-07 5.9412496966615435667e-07 5.8887502518700785004e-07 5.8657496992964297533e-07 5.8637493793867179193e-07 5.8472488717598025687e-07 5.8532498314889380708e-07 5.853250968357315287e-07 5.8487489695835392922e-07 5.8367493238620227203e-07 5.8647498235586681403e-07 5.84225062993937172e-07 5.8297490568293142132e-07 5.7987500667877611704e-07 5.7667500641400692984e-07 5.7315020285386708565e-07 5.6902513279055710882e-07 5.6357498579018283635e-07 5.6197507092292653397e-07 5.5807510079830535688e-07 5.5509985941171180457e-07 5.5374988505718647502e-07 5.5202502835527411662e-07 5.5055005532267387025e-07 5.4829990858706878498e-07 5.4712512564947246574e-07 5.4559995987801812589e-07 5.4239995961324893869e-07 5.4085012379800900817e-07 5.3784998499395442195e-07 5.3557505452772602439e-07 5.3172499292486463673e-07 5.2947501671951613389e-07 5.2917499715476878919e-07 5.301999408402480185e-07 5.3170003866398474202e-07 5.3230002095006057061e-07
6.2112485466059297323e-07 6.185749725773348473e-07 6.1087501990186865442e-07 5.9717501699196873233e-07 5.9759997839137213305e-07 5.9637500271492172033e-07 5.9402486840554047376e-07 5.9382483641456929035e-07 5.9350003311919863336e-07 5.9452503364809672348e-07 6.0622488717854139395e-07 6.0895001752214739099e-07 6.0390004819055320695e-07 5.9452497680467786267e-07 5.8777504818863235414e-07 5.8242500244887196459e-07 5.737250035053875763e-07 5.6439995432810974307e-07 5.5412499477824894711e-07 5.5059990700101479888e-07 5.4755003020545700565e-07 5.4527504289580974728e-07 5.435999810288194567e-07 5.4164996754479943775e-07 5.4050008202466415241e-07 5.4087496437205118127e-07 5.3857490911468630657e-07 5.3872491889705997892e-07 5.3600001592712942511e-07 5.3207503469820949249e-07 5.2380005399754736573e-07 5.117749992678000126e-07 5.0382504923618398607e-07 5.0159985676145879552e-07 5.0214998736919369549e-07 5.0347506430625799112e-07 5.0612499080671113916e-07
6.1637490489374613389e-07 6.1165019360487349331e-07 6.1222505109981284477e-07 6.0232503074075793847e-07 5.9707519994844915345e-07 5.970251777398516424e-07 5.9245002148600178771e-07 5.939500056229007896e-07 5.9347507885831873864e-07 5.9137511243534390815e-07 5.9157514442631509155e-07 5.9587500800262205303e-07 5.9107486549692112021e-07 5.875251076759013813e-07 5.8270012459615827538e-07 5.777250748906226363e-07 5.7145007303915917873e-07 5.6502506140532204881e-07 5.5579999980182037689e-07 5.4967506457614945248e-07 5.4387487580243032426e-07 5.3732503602077485994e-07 5.2990009180575725622e-07 5.247750891612668056e-07 5.1849997362296562642e-07 5.1277510237923706882e-07 5.0002506668533897027e-07 4.917500291412579827e-07 4.9024998816094012e-07 4.9340002306053065695e-07 4.9379985966879758053e-07 4.8182505452132318169e-07 4.7397489311151730362e-07 4.6662495378768653609e-07 4.6287507871056732256e-07 4.6134996978253184352e-07 4.5977500917615543585e-07
6.1800005823897663504e-07 6.2372492948270519264e-07 6.361750592986936681e-07 6.3900000668581924401e-07 6.4492485307710012421e-07 6.4004996147559722885e-07 6.3937494587662513368e-07 6.3049998288988717832e-07 6.2172489379008766264e-07 6.1989987898414256051e-07 6.150749527478183154e-07 6.1089991731932968833e-07 6.0760004316762206145e-07 6.0835014892290928401e-07 6.0812499214080162346e-07 6.0550013358806609176e-07 6.0362492604326689616e-07 6.0052514072594931349e-07 5.9482499636942520738e-07 5.8982521977668511681e-07 5.8109981182496994734e-07 5.6827485650501330383e-07 5.5699985068713431247e-07 5.4327495035977335647e-07 5.2885008017256041057e-07 5.1657491439982550219e-07 4.9667499979477724992e-07 4.621250013769895304e-07 4.5612500798597466201e-07 4.5252505742610082962e-07 4.5457500164047814906e-07 4.4877504024043446407e-07 4.454001043541211402e-07 4.3832503138219180983e-07 4.3162503970961552113e-07 4.2797503851943474729e-07 4.2560003521430189721e-07
6.2645005982631118968e-07 6.4527495169386384077e-07 6.7007511006522690877e-07 7.036500164758763276e-07 7.2272518991667311639e-07 7.2900013492471771315e-07 7.1984999294727458619e-07 6.9707493821624666452e-07 6.8105003947493969463e-07 6.6417493371773161925e-07 6.5845006247400306165e-07 6.4755005269034882076e-07 6.3545019202138064429e-07 6.3574981368219596334e-07 6.397751235454052221e-07 6.446751399380445946e-07 6.4882505057539674453e-07 6.5219995804000063799e-07 6.5322501541231758893e-07 6.5114977587654720992e-07 6.4035003788376343437e-07 6.2504994957635062747e-07 6.060500368221255485e-07 5.8650005030358443037e-07 5.6734990039331023581e-07 5.4862510978637146764e-07 5.2577502174244727939e-07 4.9850007144414121285e-07 4.7905007249937625602e-07 4.6384994334403018001e-07 4.4689994638247299008e-07 4.3859998299922153819e-07 4.3445001551845052745e-07 4.3207501221331767738e-07 4.2492501961532980204e-07 4.1942499251490517054e-07 4.1609999357206106652e-07
5.8270001090932055376e-07 6.1162501197031815536e-07 6.4032491309262695722e-07 6.6954999056179076433e-07 6.9650008072130731307e-07 7.2170007570093730465e-07 7.2550005825178232044e-07 7.3204995487685664557e-07 7.3512489962013205513e-07 7.4795002547034528106e-07 7.6892496281288913451e-07 7.5814989486389094964e-07 7.3412491019553272054e-07 6.8317484647195669822e-07 6.7805001435772283003e-07 6.8510007622535340488e-07 6.9624985599148203619e-07 7.0634996518492698669e-07 7.1447527716372860596e-07 7.1717505534252268262e-07 6.9569995275742257945e-07 6.6852487634605495259e-07 6.3492478830085019581e-07 6.0622494402196025476e-07 5.8087493925995659083e-07 5.6472487131031812169e-07 5.4087507805888890289e-07 5.1300003178766928613e-07 4.7895008492560009472e-07 4.7277498538278450724e-07 4.6672496978317212779e-07 4.7472502728851395659e-07 4.7297504579546512105e-07 4.7270003733501653187e-07 4.7127497282417607494e-07 4.6677499199176963884e-07 4.641250370696070604e-07
5.1789999133688979782e-07 5.6292503813892835751e-07 6.0979994032095419243e-07 6.4355003814853262156e-07 6.7997490305060637183e-07 7.0762507675681263208e-07 7.2515001647843746468e-07 7.3935007094405591488e-07 7.5750006089947419241e-07 7.9597504054618184455e-07 8.6092495621414855123e-07 8.9612495912660961039e-07 8.6305004742825985886e-07 7.6315006936056306586e-07 7.2242499982166918926e-07 7.2227504688271437772e-07 7.2954998131535830908e-07 7.3632520525279687718e-07 7.4597494403860764578e-07 7.3467487027301103808e-07 7.1232506115848082118e-07 6.7409990833766642027e-07 6.3274995909523568116e-07 5.9754989933935576119e-07 5.6652504554222105071e-07 5.4715002306693349965e-07 5.3627491070074029267e-07 5.1552507329688523896e-07 4.9817498393167625181e-07 4.933500008519331459e-07 5.0202498869111877866e-07 5.1540001777539146133e-07 5.2314999265945516527e-07 5.2787498816542210989e-07 5.3387498155643697828e-07 5.3014997547506936826e-07 5.2330000244182883762e-07
4.741251018458569888e-07 5.2177495035721221939e-07 5.7225008731620619074e-07 6.3700002783662057482e-07 6.8952488163631642237e-07 7.2805005402187816799e-07 7.5402482480058097281e-07 7.6382508495953516103e-07 7.7554994959427858703e-07 8.0957499903888674453e-07 8.9837504901879583485e-07 9.6392489012941950932e-07 9.9545002285594819114e-07 8.4812501199849066325e-07 7.6539998872249270789e-07 7.6250006486588972621e-07 7.6354996281224885024e-07 7.6427505746323731728e-07 7.5757486683869501576e-07 7.2967486630659550428e-07 6.9502488031503162347e-07 6.4949995248753111809e-07 6.1804990991731756367e-07 5.8277498737879795954e-07 5.4819997785671148449e-07 5.2500001856969902292e-07 5.1237503839729470201e-07 5.1074994189548306167e-07 5.2409995987545698881e-07 5.3897497309662867337e-07 5.6074998155963839963e-07 5.7347500614923774265e-07 5.7877497283698176034e-07 5.8245001355317072012e-07 5.8467497865422046743e-07 5.7522498764228657819e-07 5.5787501196391531266e-07
4.7027495497786730994e-07 5.1902503628298291005e-07 5.6769999901007395238e-07 6.2567505665356293321e-07 6.8504999717333703302e-07 7.3535005640223971568e-07 7.7174991020001471043e-07 7.952250484777323436e-07 8.1092503023683093488e-07 8.3795004002240602858e-07 8.4717498793906997889e-07 8.6922500486252829432e-07 8.6915002839305088855e-07 8.6187498027356923558e-07 8.0157496995525434613e-07 7.9587510981582454406e-07 7.9490001780868624337e-07 8.016499464247317519e-07 7.9677488429297227412e-07 7.9210002468244056217e-07 7.6992506592432619072e-07 7.4239994773961370811e-07 7.3015002044485299848e-07 6.9627498078261851333e-07 6.5717500774553627707e-07 6.3214997680915985256e-07 6.0740001117665087804e-07 5.9657503470589290373e-07 6.1137495777074946091e-07 6.2372498632612405345e-07 6.3800001726121990941e-07 6.437999786612635944e-07 6.4392497733933851123e-07 6.4754999584692995995e-07 6.3785000747884623706e-07 6.1614997548531391658e-07 5.8547499293126747943e-07
4.8969997124004294164e-07 5.3362498420028714463e-07 5.8089995036425534636e-07 6.2492506458511343226e-07 6.7919995672127697617e-07 7.2965002573255333118e-07 7.7152503763500135392e-07 7.9339997682836838067e-07 8.0089995435628225096e-07 8.2527498079798533581e-07 8.2362504372213152237e-07 8.1857496070369961672e-07 7.8402501912933075801e-07 8.0465002838536747731e-07 8.337749477504985407e-07 8.5195000565363443457e-07 8.758000831221579574e-07 9.0317496415082132444e-07 9.110499377129599452e-07 9.201500006383867003e-07 9.0552498477336484939e-07 8.9629998001328203827e-07 8.8587495383762870915e-07 8.6072498106659622863e-07 8.1907501225941814482e-07 7.9752499004825949669e-07 7.7744999771311995573e-07 7.5622500617100740783e-07 7.5647500352715724148e-07 7.4932501092916936614e-07 7.4569999242157791741e-07 7.330750122491735965e-07 7.0940001251074136235e-07 6.9689997417299309745e-07 6.7309997575648594648e-07 6.4300002122763544321e-07 6.0152495962029206567e-07
5.2684998763652401976e-07 5.6829998129614978097e-07 6.1179997601357172243e-07 6.5140005744979134761e-07 6.8197493874322390184e-07 7.2895005587270134129e-07 7.6477493848869926296e-07 7.8595002150905202143e-07 7.8734996122875600122e-07 7.7377501384034985676e-07 7.7832504530306323431e-07 7.8477501119778025895e-07 8.0165000326815061271e-07 8.3722500221483642235e-07 8.9647500089995446615e-07 9.6405005933775100857e-07 1.0124749678652733564e-06 1.0599000006550340913e-06 1.1146249789817375131e-06 1.1318500128254527226e-06 1.1193749287485843524e-06 1.0869000561797292903e-06 1.0576500244496855885e-06 1.0278499757987447083e-06 9.935249636328080669e-07 9.6987503184209344909e-07 9.5382506515306886286e-07 9.4137499218049924821e-07 9.2829998266097391024e-07 9.0789995965678826906e-07 8.7627495304332114756e-07 8.3302501252546790056e-07 7.7945003340573748574e-07 7.2402502837576321326e-07 6.8067498659729608335e-07 6.4132501620406401344e-07 6.0209998764548799954e-07
5.8804999980566208251e-07 6.2064998473942978308e-07 6.5504997337484383024e-07 6.8902500061085447669e-07 7.0792503947814111598e-07 7.3465002969896886498e-07 7.6789996228399104439e-07 7.8699997629883000627e-07 7.9634997973698773421e-07 7.9039989486773265526e-07 7.9030002098079421557e-07 8.101499702206638176e-07 8.6417497868751524948e-07 9.8082500699092634022e-07 1.0722000070018111728e-06 1.1693749684127396904e-06 1.1749749546652310528e-06 1.1896249816345516592e-06 1.2110500620110542513e-06 1.2050750228809192777e-06 1.18590003239660291e-06 1.1440749858593335375e-06 1.1076749615313019603e-06 1.07740004295919789e-06 1.0474000191607046872e-06 1.0302250075255869888e-06 1.019899968923709821e-06 1.0116500561707653105e-06 9.9625003713299520314e-07 9.7337499482819112018e-07 9.3254999455893994309e-07 8.8752500460032024421e-07 8.0745002151161315851e-07 7.1842498527985299006e-07 6.6774998686014441773e-07 6.2127503497322322801e-07 5.8842499583988683298e-07
6.5809996385723934509e-07 6.728249672960373573e-07 6.9612497100024484098e-07 7.2107496862372499891e-07 7.360750373663904611e-07 7.5644999242285848595e-07 7.9157501886584213935e-07 8.1647493743730592541e-07 8.2715001781252794899e-07 8.3232492897877818905e-07 8.3834999031751067378e-07 8.4990000459583825432e-07 9.0587502654670970514e-07 1.0128500207429169677e-06 1.1317000598864979111e-06 1.2412750720613985322e-06 1.2467750138966948725e-06 1.2374499647194170393e-06 1.2179999657746520825e-06 1.1950500038437894545e-06 1.1664750445561367087e-06 1.1189499673491809517e-06 1.0800999916682485491e-06 1.0531999805607483722e-06 1.031350052471680101e-06 1.0196999937761574984e-06 1.0158499890167149715e-06 1.0140249742107698694e-06 1.0049250249721808359e-06 9.8942507520405342802e-07 9.496749839854601305e-07 8.945249874159344472e-07 8.2760004715964896604e-07 7.2247502203026670031e-07 6.6510000351627240889e-07 6.1877506141172489151e-07 5.8787497891898965463e-07
7.3110004450427368283e-07 7.3059993610513629392e-07 7.3662511113070650026e-07 7.4439998343223123811e-07 7.5120004794371197931e-07 7.8275007808770169504e-07 8.2612501728362985887e-07 8.5457497789320768788e-07 8.718999993106990587e-07 8.8207502813020255417e-07 8.9234998768006335013e-07 9.0422491894059930928e-07 9.3157501623863936402e-07 9.9959993349330034107e-07 1.0844750022442894988e-06 1.1653499996100435965e-06 1.1753750186471734196e-06 1.1616499477895558812e-06 1.1386499636500957422e-06 1.1097749847976956517e-06 1.0766500508907483891e-06 1.0368750054112751968e-06 1.0015249927164404653e-06 9.7475003713043406606e-07 9.588750344846630469e-07 9.5245002285082591698e-07 9.515750321043014992e-07 9.5500001862092176452e-07 9.5690006673976313323e-07 9.5345001227542525157e-07 9.3929998001840431243e-07 8.8062500935848220252e-07 8.0625000009604264051e-07 7.2919999638543231413e-07 6.7079997734253993258e-07 6.236749641175265424e-07 5.8762503840625868179e-07
7.7792498132112086751e-07 7.7425005429176962934e-07 7.7055000247128191404e-07 7.6457502018456580117e-07 7.7387511510096373968e-07 8.0512506883678724989e-07 8.4349994722288101912e-07 8.6210002336883917451e-07 8.7774992607592139393e-07 8.9227489752374822274e-07 9.0422497578401817009e-07 9.1564999138427083381e-07 9.3800002787247649394e-07 9.7042504876299062744e-07 1.0196250741500989534e-06 1.0673750239220680669e-06 1.0751000445452518761e-06 1.0615750625220243819e-06 1.0383249673395766877e-06 1.0122749927177210338e-06 9.845000477071153e-07 9.5280000778075191192e-07 9.231500257556035649e-07 8.9697499561225413345e-07 8.796000656730029732e-07 8.6902502971497597173e-07 8.6682501887480611913e-07 8.6877497551540727727e-07 8.7285002337011974305e-07 8.7417498662034631707e-07 8.7032503870432265103e-07 8.6652499931005877443e-07 7.9902503102857735939e-07 7.1285001013166038319e-07 6.4767499452500487678e-07 5.9992504475303576328e-07 5.650249477184843272e-07
