data-raw/precipfiles/01_grid_data_1000BP.asc
ncols 144
nrows 72
xllcorner -180
yllcorner -90
cellsize 2.5
nodata_value -9999
[rows 34 to 67 of 72, columns 0 to 76 of 144]
5.936 5.526 5.382 5.135 4.845 4.742 4.616 4.380 4.165 4.047 3.602 3.477 3.227 3.058 2.957 2.932 2.908 2.834 2.823 2.910 2.999 3.152 3.028 2.922 2.809 2.770 2.789 2.984 3.208 3.325 3.366 3.911 4.367 4.845 5.144 5.330 4.977 4.103 3.567 4.291 14.048 8.206 6.949 7.406 10.452 10.045 9.087 6.705 6.179 6.234 8.257 9.651 3.541 4.509 5.078 6.171 6.920 7.585 7.536 7.337 7.097 6.945 6.418 6.091 5.231 4.551 4.169 4.049 4.284 4.580 3.477 3.923 3.062 3.688 5.834 7.238 5.338
3.747 3.486 3.112 2.596 2.450 2.593 2.617 2.434 2.236 2.144 1.961 1.861 1.623 1.606 1.577 1.602 1.629 1.530 1.516 1.494 1.540 1.506 1.477 1.433 1.423 1.439 1.455 1.528 1.658 1.788 1.859 1.988 2.028 2.037 1.817 1.624 1.480 1.278 1.215 1.859 7.068 7.220 7.760 8.038 9.090 11.299 8.861 8.374 7.846 6.261 6.182 8.319 8.164 3.624 3.656 4.414 5.070 5.567 5.312 4.696 4.146 3.778 3.286 3.133 2.674 2.313 2.013 1.935 1.815 1.932 2.176 2.433 2.701 2.847 3.031 6.744 5.295
3.326 3.264 2.681 2.267 2.144 2.317 2.415 2.211 1.983 1.849 1.795 1.711 1.588 1.535 1.560 1.526 1.450 1.389 1.384 1.433 1.449 1.417 1.357 1.304 1.279 1.231 1.131 1.135 1.153 1.211 1.278 1.219 1.176 1.147 1.079 1.009 0.910 0.794 0.846 2.463 6.269 6.385 6.226 9.994 8.040 7.556 15.363 9.168 8.323 7.971 4.879 6.642 8.593 7.257 5.691 3.087 3.454 3.737 3.538 3.016 2.442 2.057 1.735 1.366 1.043 0.906 0.827 0.824 0.896 0.996 1.194 1.406 1.656 1.859 2.300 4.199 4.852
4.482 3.972 3.513 3.129 2.938 2.718 2.584 2.313 2.091 1.889 1.825 1.828 1.798 1.737 1.733 1.664 1.595 1.512 1.385 1.362 1.409 1.374 1.410 1.315 1.286 1.269 1.194 1.195 1.190 1.197 1.190 1.168 1.089 1.021 1.062 1.107 1.069 0.832 0.631 1.472 4.583 6.561 5.517 10.878 7.807 7.109 8.474 7.024 6.317 6.710 5.525 5.363 6.338 6.312 5.117 3.308 2.808 2.805 2.769 2.735 2.351 1.989 1.402 1.077 0.742 0.616 0.562 0.508 0.503 0.514 0.558 0.658 0.847 1.071 1.394 2.619 3.649
6.319 5.845 5.357 5.022 4.581 4.099 3.681 3.337 2.869 2.452 2.221 2.006 1.875 1.770 1.631 1.455 1.333 1.216 1.112 1.015 0.984 1.003 1.080 1.024 1.055 1.007 0.947 0.878 0.887 0.829 0.827 0.823 0.770 0.798 0.866 0.824 0.770 0.632 0.421 0.513 2.329 4.747 6.185 38.269 46.482 7.798 7.203 6.729 6.224 7.548 13.857 -9999 -9999 -9999 3.289 2.336 2.283 2.150 3.549 1.744 1.341 1.105 0.795 0.556 0.403 0.312 0.270 0.213 0.178 0.168 0.206 0.214 0.279 0.399 0.585 0.914 2.122
7.003 6.740 6.566 6.463 5.880 5.474 4.953 4.530 4.040 3.588 3.150 2.736 2.527 2.172 1.824 1.519 1.305 1.182 1.021 0.855 0.749 0.680 0.649 0.562 0.527 0.470 0.413 0.369 0.368 0.366 0.375 0.368 0.344 0.399 0.434 0.373 0.409 0.414 0.292 0.127 1.362 6.261 5.460 6.898 10.103 18.628 6.627 6.925 6.038 6.698 -9999 -9999 17.272 9.140 2.217 1.556 1.728 2.788 4.288 1.201 0.814 0.566 0.440 0.343 0.262 0.191 0.156 0.131 0.125 0.129 0.148 0.149 0.135 0.140 0.186 0.286 0.604
6.692 6.534 6.479 6.539 6.193 5.992 5.721 5.351 4.848 4.329 3.917 3.405 2.999 2.615 2.221 1.900 1.627 1.429 1.164 0.934 0.772 0.631 0.521 0.432 0.347 0.303 0.233 0.204 0.194 0.189 0.181 0.176 0.157 0.156 0.175 0.184 0.208 0.237 0.200 0.095 0.507 2.631 5.377 6.033 6.453 7.992 59.316 11.494 15.134 17.588 -9999 -9999 13.178 3.526 2.158 1.724 2.299 3.529 1.222 0.875 0.624 0.469 0.394 0.315 0.241 0.192 0.149 0.134 0.128 0.126 0.135 0.143 0.146 0.127 0.118 0.140 0.336
5.612 5.659 5.736 5.758 5.580 5.638 5.648 5.490 5.182 4.818 4.411 4.064 3.463 2.981 2.593 2.382 2.253 1.969 1.695 1.422 1.179 0.948 0.701 0.571 0.484 0.392 0.301 0.240 0.199 0.205 0.215 0.188 0.166 0.148 0.154 0.161 0.169 0.179 0.207 0.122 0.109 0.685 2.451 5.614 5.853 6.067 6.048 5.869 5.842 5.066 5.001 4.782 4.284 3.485 2.280 2.092 3.722 1.461 1.206 0.863 0.628 0.473 0.383 0.334 0.271 0.228 0.184 0.163 0.147 0.140 0.136 0.141 0.154 0.156 0.145 0.137 0.374
4.053 4.228 4.505 4.645 4.823 4.949 4.925 4.791 4.754 4.734 4.548 4.321 3.869 3.496 3.088 2.848 2.721 2.519 2.217 1.925 1.560 1.313 0.976 0.756 0.626 0.518 0.411 0.339 0.280 0.255 0.242 0.229 0.202 0.184 0.189 0.198 0.203 0.211 0.232 0.178 0.119 0.077 0.518 1.172 2.413 6.178 6.457 4.454 4.398 4.504 4.869 4.187 4.028 3.481 2.840 2.645 3.478 1.674 1.409 1.111 0.765 0.604 0.467 0.386 0.313 0.275 0.244 0.214 0.191 0.177 0.173 0.184 0.198 0.201 0.192 0.115 0.202
3.477 3.584 3.833 4.110 4.336 4.307 4.389 4.401 4.368 4.451 4.428 4.370 4.030 3.785 3.418 3.320 3.200 2.908 2.687 2.431 2.091 1.696 1.321 1.071 0.937 0.785 0.602 0.505 0.416 0.378 0.334 0.294 0.262 0.239 0.224 0.224 0.246 0.252 0.249 0.207 0.139 0.108 0.108 0.083 0.732 1.668 3.012 3.541 3.706 4.222 4.868 4.356 4.085 4.014 3.726 3.432 3.328 2.134 1.859 1.365 1.060 0.788 0.574 0.456 0.375 0.345 0.315 0.276 0.238 0.219 0.208 0.215 0.236 0.237 0.207 0.128 0.205
3.543 3.661 3.721 3.811 4.020 4.094 3.993 4.150 4.230 4.282 4.238 4.360 4.480 4.377 4.238 4.116 3.900 3.521 3.241 2.995 2.702 2.286 1.843 1.538 1.298 1.179 0.964 0.791 0.667 0.592 0.538 0.473 0.401 0.339 0.295 0.273 0.262 0.260 0.241 0.221 0.163 0.114 0.081 0.039 0.273 1.240 3.024 2.581 3.590 4.696 4.917 4.128 4.251 4.646 4.634 4.128 2.795 2.783 2.678 2.136 1.673 1.328 0.967 0.736 0.543 0.473 0.414 0.362 0.305 0.266 0.244 0.239 0.244 0.244 0.218 0.157 0.129
3.647 3.867 3.976 3.990 4.167 4.310 4.281 4.371 4.342 4.361 4.285 4.449 4.689 4.853 4.727 4.613 4.429 4.151 3.829 3.543 3.260 2.949 2.593 2.253 1.986 1.787 1.548 1.366 1.192 1.041 0.896 0.789 0.693 0.602 0.472 0.400 0.353 0.309 0.272 0.241 0.221 0.148 0.108 0.040 0.293 2.022 2.697 2.776 4.018 5.638 5.280 4.749 4.597 5.294 5.508 4.071 3.425 3.962 3.525 3.083 2.580 2.142 1.640 1.343 1.045 0.823 0.668 0.548 0.460 0.385 0.330 0.283 0.256 0.240 0.229 0.196 0.155
3.605 3.823 4.008 4.173 4.336 4.479 4.434 4.523 4.476 4.404 4.377 4.501 4.656 4.897 5.009 5.084 4.868 4.705 4.501 4.301 4.000 3.625 3.332 3.022 2.855 2.663 2.365 2.034 1.837 1.730 1.509 1.301 1.155 0.992 0.785 0.633 0.515 0.428 0.343 0.297 0.260 0.213 0.148 0.094 0.402 2.213 2.432 3.125 4.417 5.535 6.228 5.703 5.574 3.942 3.770 4.099 4.363 4.764 4.478 4.100 3.620 3.042 2.481 2.055 1.737 1.414 1.257 0.970 0.739 0.620 0.497 0.407 0.348 0.288 0.265 0.242 0.216
3.371 3.496 3.680 4.044 4.346 4.379 4.353 4.350 4.318 4.267 4.278 4.380 4.543 4.755 4.878 5.141 5.051 4.934 4.883 4.985 4.599 4.181 3.896 3.664 3.537 3.423 3.226 2.929 2.606 2.435 2.183 1.940 1.734 1.523 1.241 0.993 0.788 0.649 0.518 0.438 0.376 0.305 0.220 0.263 0.560 1.189 2.154 3.031 4.147 5.511 6.064 5.467 5.394 4.122 4.231 4.552 4.734 5.063 4.969 4.708 4.457 4.217 3.574 3.059 2.688 2.315 1.867 1.553 1.188 0.949 0.768 0.615 0.528 0.429 0.369 0.340 0.345
3.092 3.091 3.226 3.550 3.718 3.880 4.050 4.077 4.088 4.087 3.942 4.117 4.169 4.461 4.586 4.767 4.747 4.773 4.869 5.022 4.843 4.527 4.349 4.218 4.098 3.841 3.660 3.528 3.348 3.132 2.858 2.610 2.310 2.015 1.732 1.493 1.219 1.032 0.857 0.716 0.579 0.487 0.353 0.832 0.622 1.561 2.434 3.069 3.786 4.526 4.969 4.870 4.531 4.647 4.709 4.829 5.024 5.335 5.232 4.983 4.747 4.513 4.132 3.629 3.391 3.016 2.673 2.496 1.918 1.692 1.305 1.085 0.937 0.782 0.718 0.607 0.599
2.912 2.908 2.983 3.091 3.345 3.578 3.699 3.803 3.929 3.880 3.909 3.971 4.013 4.122 4.166 4.387 4.449 4.575 4.674 4.672 4.729 4.636 4.459 4.349 4.220 4.032 3.940 3.782 3.655 3.431 3.131 3.053 2.858 2.587 2.297 2.039 1.766 1.555 1.331 1.088 0.879 0.692 0.666 1.969 1.333 1.949 2.508 2.854 3.699 4.184 4.424 4.086 4.265 4.618 4.722 4.830 4.848 5.175 5.058 5.050 4.907 4.703 4.463 4.082 3.876 3.476 3.133 2.776 2.663 2.277 2.089 1.758 1.567 1.366 1.178 1.034 0.929
2.564 2.583 2.619 2.734 2.951 3.186 3.345 3.445 3.415 3.447 3.570 3.621 3.603 3.735 3.865 3.879 4.098 4.205 4.260 4.250 4.300 4.278 4.145 4.109 4.039 3.954 3.975 3.950 3.786 3.564 3.324 3.211 3.013 2.892 2.682 2.427 2.135 1.935 1.729 1.512 1.270 1.000 3.685 3.035 1.532 1.819 2.361 2.778 3.006 3.211 3.837 3.837 3.967 4.275 4.472 4.666 4.582 4.800 4.731 4.709 4.700 4.569 4.515 4.304 4.128 3.915 3.540 3.255 3.195 2.927 2.834 2.553 2.353 2.040 1.881 1.680 1.594
2.571 2.539 2.464 2.511 2.808 3.083 3.201 3.302 3.385 3.262 3.302 3.285 3.232 3.337 3.404 3.584 3.781 3.893 3.918 3.913 4.082 3.982 3.837 3.841 3.918 3.898 3.889 3.788 3.690 3.511 3.461 3.484 3.266 3.178 3.010 2.808 2.540 2.329 2.149 1.972 1.761 1.348 4.309 3.310 1.321 1.251 1.620 2.549 2.745 3.428 3.462 3.504 3.861 4.142 4.341 4.482 4.382 4.503 4.469 4.443 4.402 4.401 4.453 4.491 4.423 4.142 3.857 3.768 3.529 3.438 3.367 3.278 3.081 2.794 2.604 2.398 2.317
2.359 2.377 2.488 2.378 2.501 2.677 2.772 2.880 2.814 2.825 2.769 2.802 2.938 3.051 3.052 3.040 3.047 3.298 3.439 3.568 3.694 3.766 3.810 3.801 3.642 3.699 3.570 3.732 3.610 3.567 3.428 3.518 3.407 3.352 3.095 3.087 2.832 2.665 2.508 2.465 2.234 2.470 5.194 3.788 1.121 0.930 1.173 1.876 2.459 2.676 3.212 3.492 3.585 3.460 3.515 3.791 3.738 3.786 3.983 4.094 4.090 4.266 4.003 3.932 3.842 3.925 3.834 3.691 3.554 3.471 3.474 3.425 3.329 3.219 2.960 2.878 2.707
2.297 2.101 2.348 2.375 2.366 2.338 2.414 2.454 2.440 2.451 2.455 2.524 2.548 2.720 2.655 2.589 2.651 2.794 2.840 2.948 3.007 3.048 3.171 3.188 3.072 3.163 3.110 3.162 3.054 3.195 3.069 3.149 3.063 3.065 3.025 2.913 2.840 2.780 2.590 2.615 2.555 2.881 6.234 4.531 0.926 0.892 1.517 2.291 2.317 2.696 3.061 3.219 3.206 3.164 3.185 3.300 3.170 3.351 3.452 3.671 3.685 3.829 3.678 3.606 3.528 3.546 3.590 3.488 3.396 3.369 3.240 3.319 3.365 3.323 3.052 3.178 3.011
2.225 2.322 2.308 2.344 2.326 2.324 2.258 2.328 2.305 2.351 2.311 2.311 2.366 2.400 2.438 2.478 2.492 2.592 2.631 2.608 2.691 2.738 2.741 2.776 2.747 2.768 2.753 2.807 2.765 2.832 2.828 2.867 2.870 2.918 2.753 2.838 2.683 2.811 2.746 2.784 2.859 3.254 4.409 1.619 0.975 0.894 2.225 2.283 2.236 2.458 2.696 2.977 3.070 3.076 3.062 3.163 3.199 3.167 3.256 3.229 3.159 3.173 3.118 3.194 3.224 3.193 3.116 3.082 3.108 3.018 3.051 3.074 3.153 3.174 3.124 3.210 3.170
2.126 2.293 2.329 2.348 2.367 2.326 2.256 2.300 2.308 2.381 2.262 2.304 2.338 2.278 2.350 2.405 2.420 2.454 2.402 2.434 2.456 2.483 2.425 2.496 2.516 2.541 2.529 2.527 2.522 2.554 2.620 2.603 2.592 2.692 2.630 2.610 2.590 2.700 2.754 2.853 3.089 2.887 2.555 1.269 0.996 1.003 2.366 2.335 2.265 2.336 2.518 2.774 2.951 3.006 2.966 3.029 3.048 2.970 2.954 2.966 2.923 2.981 2.985 2.961 2.857 2.897 2.975 2.905 2.860 2.830 2.855 2.879 2.859 2.938 2.944 2.981 2.929
2.211 2.207 2.247 2.285 2.226 2.279 2.278 2.295 2.296 2.380 2.386 2.401 2.364 2.376 2.381 2.375 2.424 2.462 2.445 2.436 2.426 2.422 2.355 2.389 2.404 2.457 2.422 2.456 2.436 2.468 2.470 2.516 2.506 2.556 2.588 2.625 2.619 2.654 2.694 2.841 3.095 4.099 4.343 1.394 1.019 2.585 2.697 2.551 2.227 2.575 2.546 2.651 2.776 2.712 2.736 2.761 2.815 2.811 2.813 2.865 2.910 2.922 2.873 2.857 2.871 2.893 2.840 2.812 2.747 2.787 2.760 2.814 2.805 2.812 2.856 2.894 2.889
2.361 2.387 2.335 2.367 2.361 2.390 2.383 2.459 2.449 2.472 2.512 2.567 2.543 2.581 2.579 2.608 2.576 2.598 2.574 2.598 2.578 2.602 2.501 2.507 2.464 2.479 2.478 2.562 2.541 2.597 2.568 2.569 2.572 2.630 2.612 2.656 2.669 2.667 2.734 2.821 3.037 3.396 5.652 2.572 1.453 2.330 3.048 2.966 2.787 2.789 2.752 2.801 2.806 2.825 2.835 2.817 2.861 3.084 2.983 2.994 2.949 2.979 2.972 3.023 3.028 3.010 2.988 2.937 2.847 2.798 2.804 2.822 2.770 2.755 2.804 2.886 2.870
2.680 2.701 2.621 2.625 2.595 2.639 2.687 2.765 2.725 2.719 2.726 2.758 2.745 2.765 2.803 2.848 2.870 2.854 2.864 2.852 2.832 2.868 2.799 2.765 2.720 2.759 2.724 2.770 2.807 2.861 2.843 2.875 2.869 2.868 2.854 2.860 2.846 2.869 2.833 2.959 3.048 3.250 3.404 2.777 2.584 3.081 3.582 3.350 3.098 3.060 2.996 3.012 2.978 2.999 3.010 3.021 3.032 3.065 3.111 3.134 3.062 3.046 3.083 3.097 3.061 3.071 3.036 2.967 2.964 2.980 2.947 2.896 2.861 2.845 2.882 2.876 2.909
2.823 2.918 2.873 2.844 2.776 2.800 2.802 2.845 2.779 2.751 2.723 2.751 2.741 2.750 2.779 2.857 2.866 2.888 2.891 2.890 2.864 2.860 2.808 2.769 2.727 2.759 2.736 2.752 2.777 2.860 2.867 2.888 2.861 2.867 2.834 2.830 2.781 2.801 2.792 2.826 2.892 3.003 3.006 3.009 2.929 3.049 3.048 3.046 2.971 2.997 2.939 2.947 2.877 2.884 2.820 2.822 2.772 2.743 2.730 2.730 2.666 2.717 2.782 2.771 2.706 2.694 2.639 2.654 2.623 2.655 2.628 2.585 2.525 2.559 2.578 2.592 2.590
2.465 2.583 2.610 2.590 2.532 2.511 2.451 2.405 2.337 2.334 2.311 2.343 2.329 2.326 2.285 2.332 2.384 2.413 2.449 2.437 2.416 2.392 2.378 2.370 2.356 2.366 2.361 2.335 2.341 2.388 2.378 2.382 2.355 2.352 2.329 2.353 2.337 2.382 2.400 2.387 2.406 2.455 2.455 2.425 2.367 2.397 2.384 2.404 2.389 2.465 2.464 2.416 2.271 2.250 2.184 2.117 2.047 2.047 2.021 2.017 2.025 2.086 2.093 2.097 2.064 2.051 2.012 2.030 2.004 2.009 2.035 2.018 1.953 1.959 1.996 2.019 2.032
1.923 1.974 1.988 1.973 1.935 1.917 1.883 1.822 1.794 1.790 1.766 1.790 1.777 1.759 1.746 1.745 1.770 1.805 1.865 1.885 1.877 1.878 1.867 1.879 1.902 1.904 1.884 1.864 1.881 1.901 1.873 1.869 1.862 1.849 1.850 1.873 1.889 1.926 1.933 1.938 1.938 1.948 1.987 2.002 2.008 2.051 2.132 2.270 2.390 2.473 2.074 1.823 1.644 1.578 1.480 1.459 1.429 1.422 1.413 1.439 1.451 1.478 1.462 1.465 1.422 1.415 1.386 1.371 1.359 1.376 1.435 1.450 1.416 1.413 1.398 1.429 1.452
1.374 1.360 1.398 1.413 1.412 1.389 1.387 1.411 1.401 1.378 1.361 1.343 1.366 1.371 1.398 1.412 1.443 1.458 1.491 1.481 1.499 1.496 1.525 1.542 1.582 1.613 1.631 1.620 1.654 1.684 1.687 1.690 1.715 1.705 1.737 1.740 1.745 1.777 1.771 1.734 1.697 1.728 1.755 1.775 1.748 1.983 2.289 2.344 2.147 1.876 1.592 1.460 1.310 1.262 1.201 1.193 1.168 1.182 1.178 1.196 1.161 1.172 1.155 1.155 1.114 1.077 1.063 1.041 1.028 1.029 1.070 1.091 1.108 1.109 1.127 1.145 1.159
1.236 1.235 1.264 1.300 1.297 1.300 1.320 1.342 1.352 1.328 1.305 1.272 1.271 1.280 1.311 1.335 1.358 1.368 1.388 1.406 1.461 1.457 1.463 1.469 1.480 1.510 1.541 1.553 1.585 1.602 1.624 1.613 1.651 1.660 1.676 1.694 1.686 1.698 1.669 1.654 1.669 1.726 1.836 1.941 1.944 2.120 2.142 2.026 1.855 1.637 1.469 1.355 1.225 1.181 1.115 1.114 1.099 1.111 1.076 1.060 1.024 1.016 0.974 0.963 0.931 0.920 0.897 0.896 0.895 0.892 0.873 0.885 0.898 0.956 0.987 0.984 0.963
1.065 1.027 1.053 1.062 1.104 1.108 1.130 1.142 1.158 1.151 1.131 1.114 1.120 1.109 1.142 1.171 1.207 1.230 1.236 1.244 1.189 1.185 1.200 1.201 1.285 1.310 1.394 1.412 1.458 1.458 1.458 1.476 1.500 1.464 1.415 1.436 1.416 1.433 1.459 1.468 1.520 1.673 1.865 1.980 1.663 1.682 1.684 1.748 1.638 1.434 1.389 1.311 1.194 1.154 1.058 1.020 0.969 0.970 0.906 0.884 0.830 0.819 0.775 0.752 0.703 0.741 0.789 0.850 0.854 0.797 0.698 0.630 0.510 0.561 0.562 0.568 0.524
0.960 0.930 0.919 0.926 0.974 0.986 1.010 1.010 1.014 1.012 1.015 1.016 1.017 1.037 1.103 1.138 1.218 1.270 1.274 1.343 1.371 1.397 1.379 1.340 1.421 1.423 1.550 1.536 1.550 1.562 1.690 1.786 1.816 1.773 1.707 1.660 1.478 1.432 1.421 1.443 1.495 1.516 1.509 1.491 1.383 1.398 1.448 1.482 1.388 1.274 1.276 1.223 1.133 1.110 1.022 0.981 0.905 0.879 0.806 0.788 0.728 0.743 0.704 0.717 0.668 0.749 0.711 0.716 0.628 0.737 0.672 0.672 0.532 0.662 0.647 0.760 0.638
0.744 0.754 0.780 0.808 0.875 0.905 0.946 0.930 0.929 0.956 1.017 1.107 1.236 1.390 1.481 1.653 1.604 1.742 1.665 1.608 1.440 1.445 1.388 1.375 1.524 1.590 1.738 1.706 1.661 1.622 1.578 1.564 1.533 1.559 1.519 1.496 1.390 1.354 1.354 1.353 1.362 1.354 1.310 1.277 1.168 1.098 1.062 1.011 1.097 1.085 1.085 1.049 0.982 0.941 0.877 0.852 0.768 0.767 0.712 0.734 0.681 0.712 0.656 0.673 0.539 0.534 0.403 0.432 0.363 0.407 0.312 0.306 0.245 0.245 0.207 0.228 0.197
0.507 0.542 0.605 0.643 0.710 0.742 0.810 0.808 0.829 0.905 0.994 1.053 1.102 1.187 1.242 1.289 1.284 1.277 1.229 1.256 1.200 1.219 1.118 1.119 1.132 1.140 1.191 1.183 1.179 1.175 1.158 1.139 1.085 1.096 1.048 1.041 1.031 0.987 0.998 0.925 0.941 0.900 0.879 0.844 0.842 0.792 0.802 0.764 0.795 0.797 0.799 0.831 0.791 0.741 0.714 0.689 0.657 0.705 0.697 0.711 0.632 0.623 0.529 0.520 0.361 0.346 0.251 0.246 0.193 0.186 0.146 0.151 0.131 0.134 0.121 0.121 0.112
