data-raw/precipfiles/01_grid_data_1000BP.asc
ncols 144
nrows 72
xllcorner -180
yllcorner -90
cellsize 2.5
nodata_value -9999
[rows 0 to 33 of 72, columns 0 to 76 of 144]
0.437 0.447 0.463 0.454 0.423 0.449 0.448 0.455 0.484 0.491 0.459 0.470 0.479 0.487 0.468 0.457 0.475 0.480 0.475 0.465 0.447 0.469 0.465 0.485 0.471 0.467 0.479 0.459 0.467 0.467 0.467 0.454 0.442 0.444 0.458 0.457 0.434 0.443 0.442 0.454 0.472 0.495 0.473 0.475 0.493 0.487 0.499 0.491 0.466 0.482 0.483 0.489 0.503 0.508 0.508 0.499 0.486 0.511 0.503 0.491 0.496 0.503 0.496 0.514 0.507 0.509 0.537 0.524 0.527 0.518 0.529 0.535 0.550 0.554 0.538 0.551 0.537
0.461 0.452 0.459 0.449 0.441 0.433 0.442 0.442 0.442 0.443 0.439 0.434 0.437 0.442 0.440 0.440 0.439 0.443 0.442 0.440 0.439 0.446 0.444 0.454 0.444 0.443 0.430 0.442 0.425 0.432 0.434 0.429 0.420 0.416 0.401 0.406 0.397 0.399 0.406 0.433 0.401 0.403 0.399 0.397 0.406 0.405 0.403 0.400 0.419 0.396 0.397 0.394 0.386 0.389 0.382 0.391 0.377 0.407 0.405 0.390 0.395 0.392 0.401 0.397 0.398 0.409 0.413 0.417 0.421 0.428 0.434 0.426 0.422 0.432 0.434 0.433 0.435
0.440 0.447 0.444 0.433 0.432 0.434 0.430 0.422 0.414 0.417 0.420 0.411 0.421 0.420 0.413 0.414 0.417 0.418 0.418 0.414 0.420 0.414 0.410 0.414 0.404 0.408 0.405 0.407 0.411 0.408 0.400 0.390 0.381 0.380 0.371 0.374 0.383 0.391 0.414 0.424 0.424 0.421 0.427 0.426 0.432 0.440 0.430 0.420 0.371 0.358 0.335 0.340 0.331 0.330 0.348 0.332 0.349 0.366 0.408 0.430 0.435 0.419 0.416 0.380 0.391 0.385 0.418 0.424 0.433 0.434 0.428 0.434 0.444 0.447 0.446 0.461 0.466
0.494 0.491 0.487 0.477 0.471 0.474 0.463 0.453 0.445 0.437 0.445 0.432 0.424 0.425 0.420 0.411 0.414 0.420 0.408 0.413 0.409 0.410 0.402 0.410 0.398 0.418 0.407 0.407 0.412 0.422 0.412 0.422 0.407 0.435 0.472 0.394 0.385 0.387 0.392 0.399 0.376 0.398 0.560 0.511 0.356 0.348 0.357 0.384 0.339 0.318 0.294 0.302 0.294 0.271 0.263 0.240 0.265 0.285 0.344 0.362 0.374 0.395 0.450 0.405 0.558 0.800 0.603 0.501 0.506 0.493 0.490 0.518 0.574 0.609 0.647 0.667 0.660
0.536 0.528 0.533 0.522 0.509 0.508 0.487 0.478 0.460 0.456 0.447 0.440 0.428 0.434 0.424 0.415 0.414 0.413 0.406 0.407 0.397 0.394 0.392 0.393 0.399 0.391 0.401 0.424 0.396 0.414 0.424 0.442 0.439 0.483 0.362 0.379 0.369 0.361 0.398 0.426 0.429 0.433 0.440 0.422 0.405 0.388 0.334 0.312 0.268 0.298 0.249 0.313 0.264 0.252 0.214 0.195 0.204 0.196 0.224 0.224 0.263 0.300 0.389 0.493 0.616 0.466 0.544 0.541 0.575 0.593 0.647 0.723 0.787 0.863 0.914 0.943 1.241
0.561 0.560 0.564 0.560 0.554 0.552 0.540 0.533 0.527 0.514 0.500 0.493 0.477 0.476 0.467 0.453 0.437 0.435 0.420 0.420 0.413 0.413 0.422 0.479 0.418 0.532 0.545 0.503 0.458 0.329 0.427 0.479 0.344 0.380 0.410 0.412 0.417 0.455 0.476 0.463 0.478 0.655 0.648 0.603 0.451 0.400 0.373 0.346 0.330 0.318 0.395 0.378 0.364 0.329 0.277 0.260 0.227 0.207 0.187 0.197 0.259 0.293 0.395 0.513 0.773 0.650 0.775 0.783 0.864 0.917 1.013 1.030 1.021 1.036 1.045 1.079 1.108
0.665 0.692 0.704 0.709 0.695 0.684 0.638 0.611 0.608 0.594 0.575 0.566 0.557 0.565 0.548 0.533 0.517 0.509 0.492 0.477 0.469 0.446 0.566 0.368 0.362 0.372 0.365 0.351 0.301 0.298 0.457 0.495 0.371 0.427 0.434 0.483 0.495 0.505 0.533 0.511 0.543 0.644 0.647 0.625 0.644 0.672 0.699 0.778 0.825 0.562 0.468 0.647 0.576 0.551 0.440 0.427 0.322 0.313 0.309 0.353 0.635 0.457 0.680 0.756 1.070 1.108 1.291 1.327 1.416 1.407 1.384 1.360 1.325 1.326 1.337 1.369 1.356
0.911 0.668 0.929 0.967 0.993 0.944 0.788 0.729 0.490 0.451 0.446 0.422 0.387 0.581 0.595 0.677 0.681 0.695 0.632 0.477 0.456 0.367 0.400 0.444 0.444 0.478 0.422 0.398 0.366 0.348 0.340 0.481 0.551 0.457 0.478 0.461 0.538 0.598 0.593 0.587 0.569 0.574 0.571 0.584 0.711 0.758 0.896 1.013 1.138 1.132 0.852 0.758 0.849 0.895 0.778 0.687 0.529 0.502 0.568 0.624 0.936 1.017 1.369 1.210 1.748 1.738 1.891 1.946 1.954 1.909 1.816 1.809 1.745 1.752 1.736 1.760 1.713
1.981 1.395 1.350 1.475 1.555 1.327 1.138 0.952 0.885 0.774 0.679 0.661 0.618 0.581 0.577 0.626 0.654 0.670 0.565 0.545 0.474 0.512 0.507 0.491 0.555 0.577 0.449 0.418 0.385 0.381 0.430 0.387 0.410 0.459 0.496 0.573 0.660 0.588 0.628 0.620 0.609 0.671 0.709 0.670 0.748 0.815 1.054 1.586 1.806 1.829 1.321 1.107 0.994 1.161 1.073 1.498 1.903 2.174 2.618 2.816 2.520 2.375 2.586 3.233 3.006 2.868 2.818 2.857 2.802 2.797 2.694 2.674 2.620 2.591 2.486 2.434 2.161
2.448 1.868 1.909 1.689 1.466 1.626 1.346 1.194 1.114 0.997 1.038 0.925 0.870 0.781 0.775 0.809 0.878 0.914 0.817 0.668 0.707 0.760 0.698 0.622 0.616 0.642 0.640 0.671 0.595 0.564 0.544 0.573 0.590 0.629 0.664 0.758 0.776 0.776 0.736 1.002 1.146 1.040 0.850 0.772 0.833 1.007 1.821 1.807 2.174 2.185 1.506 1.303 1.142 1.358 1.729 2.423 3.430 3.157 3.213 3.425 3.600 3.621 3.625 2.431 1.909 2.069 3.297 3.274 3.127 3.051 2.946 2.977 3.003 3.051 2.680 2.495 4.652
1.820 2.111 2.301 1.679 1.634 1.449 1.543 1.289 1.216 1.180 1.323 1.547 1.285 1.502 1.314 1.057 1.033 1.033 1.112 0.891 0.973 0.913 0.862 0.819 0.728 0.710 0.726 0.726 0.715 0.742 0.777 0.807 0.787 0.818 0.838 0.847 0.812 1.301 1.021 1.326 1.481 1.258 1.031 1.151 1.223 1.437 1.815 2.162 2.659 2.859 2.637 2.564 2.647 2.632 3.232 4.086 3.415 3.675 3.873 3.798 3.770 3.855 4.224 4.243 5.078 5.098 4.503 3.770 3.602 3.508 3.384 3.437 3.523 3.558 5.555 4.114 3.472
2.404 2.346 2.302 2.217 2.226 1.961 1.699 1.543 1.362 1.718 2.205 2.459 4.148 4.022 3.659 3.829 2.081 1.026 0.927 1.210 1.319 1.149 0.822 0.963 0.851 0.827 0.808 0.839 0.892 0.942 0.967 1.022 0.996 0.959 1.001 1.119 1.371 1.543 1.423 1.398 1.465 1.311 1.379 1.416 1.377 1.539 2.041 2.492 3.076 3.263 3.349 2.913 3.389 3.115 4.460 3.608 4.033 4.042 4.029 3.850 3.785 3.724 3.771 3.739 3.718 3.744 3.783 3.814 3.661 6.712 3.269 3.396 3.459 6.254 5.898 2.178 2.085
2.627 2.656 2.630 2.543 2.566 2.320 2.080 2.045 2.046 2.113 3.800 3.179 4.935 5.835 4.071 8.196 7.552 4.593 3.534 1.471 1.359 1.278 1.173 1.097 1.134 1.083 1.073 1.023 1.098 1.156 1.310 1.194 1.152 1.167 1.202 1.350 1.452 1.591 1.640 1.697 1.540 1.347 1.322 1.416 1.649 1.948 2.425 2.549 2.878 3.265 3.659 3.773 3.781 3.908 4.714 4.195 4.262 4.125 4.075 3.848 3.776 3.681 3.655 3.661 3.705 3.707 3.680 3.644 3.437 5.160 3.675 2.730 3.187 3.212 5.913 3.379 2.598
2.751 2.767 2.827 2.806 2.864 2.937 3.254 2.928 2.110 2.212 3.851 3.363 2.910 2.991 3.048 3.138 3.178 6.576 7.237 4.986 2.795 1.488 1.432 1.287 1.224 1.295 1.307 1.325 1.266 1.326 1.458 1.329 1.377 1.318 1.232 1.330 1.624 1.726 1.652 1.753 1.884 1.759 1.679 1.760 1.924 2.006 2.346 3.070 3.045 3.037 3.718 3.890 4.182 4.210 4.371 4.383 4.317 4.263 4.130 3.937 3.737 3.641 3.510 3.509 3.488 3.535 3.460 3.503 4.766 6.046 3.975 2.576 2.860 2.994 2.555 3.126 2.226
2.809 2.817 2.874 2.909 3.353 3.931 2.990 2.938 2.811 2.748 2.746 2.807 2.893 2.951 3.044 3.076 3.184 3.378 4.973 6.885 6.513 2.135 1.347 2.009 1.734 1.831 1.588 1.363 1.337 1.353 1.383 1.413 1.427 1.376 1.484 1.519 1.617 1.555 1.638 2.204 1.938 1.907 2.108 2.161 2.194 2.409 2.488 2.828 3.149 3.120 3.237 3.608 3.977 4.079 4.255 4.225 4.156 4.096 3.896 3.774 3.567 3.512 3.419 3.369 3.378 3.469 3.310 3.556 4.114 3.290 3.844 2.839 2.116 2.689 2.766 2.929 2.222
3.066 4.047 3.280 3.056 3.021 3.041 2.985 3.023 2.987 3.004 2.968 2.973 2.984 3.061 3.189 3.165 3.219 3.329 3.457 6.724 8.306 5.019 2.257 1.426 2.546 1.954 1.437 1.111 1.064 1.126 1.286 1.514 1.503 1.504 1.725 1.947 1.998 2.023 2.124 2.066 2.181 2.291 2.407 2.674 2.789 2.992 2.786 3.068 3.780 3.423 3.205 3.481 3.809 3.907 4.140 4.197 4.171 4.021 3.919 3.775 3.554 3.449 3.350 3.308 3.235 3.257 3.130 6.461 4.557 3.334 3.769 2.353 2.148 2.547 2.808 3.174 2.490
3.350 3.407 3.371 3.381 3.305 3.245 3.260 3.296 3.313 3.398 3.322 3.303 3.311 3.410 3.367 3.300 3.289 3.309 3.299 3.466 3.638 8.537 5.829 3.856 1.463 2.048 1.823 1.109 1.142 1.044 1.129 1.403 1.579 1.714 2.029 2.305 2.468 2.508 2.430 2.458 2.640 2.826 2.740 3.013 2.863 3.180 3.139 3.447 4.409 3.996 4.103 3.408 3.654 3.880 4.077 4.691 4.603 4.339 4.030 3.989 3.792 3.602 3.441 3.395 3.269 3.083 2.949 2.915 2.668 2.721 3.026 2.508 2.201 2.340 3.128 3.088 3.131
3.737 3.775 3.728 3.700 3.639 3.593 3.655 3.607 3.645 3.836 3.786 3.828 3.731 3.716 3.649 3.557 3.423 3.319 3.275 3.328 3.335 3.250 5.776 3.341 1.321 2.292 1.479 1.439 1.306 1.111 1.258 1.483 1.686 2.056 2.468 2.901 3.075 3.000 3.035 2.807 2.968 2.875 3.071 3.397 3.295 3.296 3.686 4.697 4.001 5.246 4.805 3.855 3.863 4.139 4.545 4.926 4.691 4.327 4.074 3.894 3.719 3.530 3.319 3.116 2.931 2.757 2.692 2.630 2.517 2.383 2.010 2.391 2.531 2.507 3.596 3.998 3.231
4.254 4.221 4.372 4.290 4.305 4.095 4.067 4.104 4.026 4.156 4.259 3.992 3.781 3.743 3.585 3.528 3.379 3.121 3.075 2.951 2.885 3.091 5.240 2.605 1.411 1.690 1.068 1.544 0.936 1.148 1.424 1.611 1.987 2.442 2.762 2.953 3.060 3.175 2.726 3.061 3.011 3.348 3.614 3.883 4.163 4.234 4.402 4.506 4.779 4.778 4.534 4.454 4.396 5.173 5.688 5.097 4.551 4.254 4.099 3.990 3.600 3.302 2.905 2.818 2.654 2.526 2.473 2.325 4.330 3.242 2.944 3.423 2.551 2.821 2.601 2.706 2.571
4.836 4.910 5.008 4.868 4.759 4.496 4.483 4.422 4.431 4.430 4.141 3.963 3.838 3.719 3.496 3.431 3.194 3.158 2.904 2.742 2.730 2.866 4.911 2.586 1.122 1.289 1.085 1.327 0.922 1.250 1.316 1.681 2.139 2.548 2.915 3.038 3.123 3.158 2.912 3.229 3.627 3.486 3.913 4.088 4.443 4.897 5.553 6.358 6.641 6.790 6.206 5.797 5.448 5.563 5.185 4.661 4.385 4.160 3.989 3.560 3.118 2.784 2.666 2.537 2.314 2.275 2.231 2.065 4.033 2.293 1.697 1.496 1.815 2.365 2.015 2.432 2.618
5.519 5.245 4.944 4.707 4.704 4.553 4.373 4.288 4.180 3.946 3.736 3.598 3.625 3.428 3.287 3.096 2.785 2.443 2.268 2.146 2.042 1.756 4.286 3.294 1.398 3.137 -9999 1.204 1.298 1.436 1.275 1.491 1.984 2.708 3.183 3.214 3.353 3.479 3.256 3.448 3.414 3.593 3.692 5.416 6.713 7.223 7.465 7.426 6.999 6.288 5.744 5.082 5.056 4.712 4.400 4.134 3.775 3.356 3.002 2.709 2.450 2.327 2.169 2.047 1.908 1.749 1.726 1.927 2.354 2.050 1.845 1.561 2.058 1.991 1.440 2.232 1.599
4.982 4.753 4.555 4.351 4.343 4.187 3.991 3.938 3.824 3.632 3.557 3.435 3.238 2.993 2.761 2.522 2.269 2.027 1.845 1.662 1.497 1.253 0.950 1.677 1.579 -9999 11.067 1.590 1.183 1.444 1.458 1.727 2.424 3.159 3.565 3.617 3.816 3.818 3.736 3.650 3.791 3.971 4.864 6.244 6.429 6.290 6.183 5.981 5.636 5.156 4.769 4.386 4.185 3.886 3.667 3.371 3.151 2.968 2.510 2.228 2.023 1.910 1.810 1.636 1.547 1.540 1.516 1.605 2.629 2.063 1.734 1.209 1.526 1.759 2.136 2.045 1.422
4.162 4.099 4.057 3.856 3.842 3.745 3.568 3.530 3.423 3.336 3.223 3.015 2.908 2.591 2.303 1.990 1.768 1.602 1.408 1.244 1.103 0.983 0.823 1.721 1.645 1.072 3.171 3.297 2.110 1.391 1.307 1.711 2.159 3.200 4.098 4.376 4.333 4.003 3.807 3.620 4.130 4.681 5.751 5.427 5.128 5.083 5.035 4.835 4.532 4.270 3.955 3.435 3.467 3.209 2.928 2.658 2.407 2.289 2.007 1.819 1.654 1.624 1.443 1.273 1.217 1.235 1.263 1.332 1.413 1.728 1.252 0.891 0.901 0.860 0.743 1.000 1.109
3.334 3.329 3.413 3.354 3.339 3.136 2.981 2.993 2.901 2.865 2.645 2.422 2.232 2.042 1.802 1.519 1.299 1.152 1.018 0.892 0.784 0.740 0.690 0.648 0.459 0.840 0.597 3.858 2.843 2.530 1.134 1.358 1.874 2.764 4.469 4.967 4.909 4.252 3.897 3.936 4.159 4.983 4.469 4.213 4.304 4.490 4.396 4.289 4.200 3.966 3.636 3.239 2.823 2.511 2.294 2.162 2.044 1.941 1.738 1.539 1.393 1.292 1.080 0.933 0.880 0.896 0.947 0.826 1.042 0.983 -9999 0.522 0.413 0.365 0.254 0.377 0.680
2.642 2.728 2.856 2.750 2.640 2.446 2.342 2.154 2.093 2.113 1.954 1.870 1.737 1.522 1.335 1.168 1.056 0.943 0.819 0.689 0.633 0.586 0.586 0.486 0.364 0.420 0.409 1.002 2.508 2.386 1.049 1.249 1.870 3.092 4.762 5.311 4.900 4.087 4.386 4.038 3.143 3.515 3.466 3.557 3.869 4.028 3.922 3.890 3.813 3.533 2.944 2.389 2.220 2.036 1.969 1.867 1.679 1.555 1.374 1.224 1.033 0.882 0.736 0.654 0.982 0.944 0.492 0.553 0.476 0.376 0.752 0.266 0.164 0.275 0.361 0.430 0.201
2.314 2.369 2.467 2.379 2.262 1.944 1.789 1.626 1.621 1.584 1.486 1.424 1.393 1.152 1.051 0.972 0.923 0.840 0.750 0.665 0.628 0.587 0.562 0.462 0.374 0.279 0.269 0.469 2.051 5.532 1.147 1.021 1.641 2.306 2.912 3.166 3.136 2.921 3.194 4.022 3.144 2.740 2.607 3.013 3.430 3.716 3.638 3.503 3.290 2.833 2.393 2.049 1.802 1.812 1.704 1.596 1.416 1.304 1.069 0.903 0.733 0.604 0.498 0.426 0.455 0.442 0.385 -9999 -9999 -9999 -9999 -9999 0.212 0.459 1.610 -9999 -9999
1.976 1.936 1.956 1.879 1.802 1.549 1.430 1.262 1.228 1.218 1.158 1.106 1.023 0.876 0.881 0.872 0.856 0.790 0.752 0.736 0.742 0.695 0.645 0.529 0.503 0.441 0.432 0.637 1.357 3.813 2.320 1.193 2.024 2.024 2.225 2.059 1.816 2.002 3.440 4.028 3.109 1.765 1.900 2.449 2.947 3.236 3.423 3.130 2.748 2.329 2.056 1.732 1.534 1.419 1.311 1.238 1.082 0.954 0.797 0.681 0.568 0.490 0.415 0.377 0.343 0.195 0.259 -9999 -9999 -9999 -9999 -9999 0.187 -9999 -9999 -9999 -9999
1.630 1.577 1.534 1.489 1.419 1.428 1.370 1.256 1.152 1.028 1.102 0.963 0.859 0.837 0.838 0.880 0.924 0.874 0.852 0.835 0.836 0.833 0.765 0.657 0.661 0.717 0.813 0.864 1.098 3.838 3.137 1.922 3.636 4.192 2.009 2.336 2.925 3.291 3.920 3.745 4.202 4.038 3.242 2.456 3.012 3.218 3.099 2.592 2.259 1.900 1.614 1.379 1.318 1.147 1.024 0.944 0.865 0.767 0.659 0.550 0.480 0.427 0.420 0.412 0.417 0.164 0.218 -9999 -9999 -9999 -9999 -9999 -9999 -9999 -9999 -9999 -9999
1.430 1.463 1.393 1.337 1.262 1.254 1.312 1.224 1.196 4.666 1.046 0.944 0.927 0.978 0.956 0.998 1.014 0.971 0.988 0.961 0.985 1.073 1.141 1.084 1.146 1.293 1.571 1.804 1.758 2.374 2.375 2.781 3.056 6.960 6.937 4.668 4.137 3.250 2.608 2.627 5.488 5.497 4.413 6.319 7.950 7.928 2.777 2.245 2.005 1.693 1.393 1.212 1.231 1.142 1.024 0.917 0.813 0.737 0.649 0.566 0.501 0.471 0.455 0.490 0.532 0.431 0.265 0.301 0.291 -9999 -9999 -9999 -9999 -9999 -9999 -9999 -9999
1.378 1.387 1.283 1.247 1.200 1.231 1.262 1.261 1.249 1.155 1.143 1.127 1.083 1.193 1.199 1.301 1.345 1.340 1.366 1.407 1.506 1.691 1.810 1.960 2.280 2.536 2.667 2.918 3.006 2.839 2.863 2.548 4.766 4.050 4.848 8.153 9.187 7.971 10.656 3.664 3.148 2.794 2.494 2.297 2.606 2.366 2.073 5.112 1.869 1.671 1.434 1.290 1.281 1.299 1.240 1.078 0.967 0.960 0.900 0.854 0.838 0.767 0.755 0.786 1.068 0.793 -9999 -9999 -9999 -9999 -9999 -9999 -9999 -9999 -9999 -9999 -9999
1.777 1.803 1.688 1.690 1.708 1.807 1.878 1.854 1.869 1.797 1.626 1.635 1.648 1.753 1.901 2.060 2.388 2.611 2.850 3.072 3.267 3.637 4.168 4.637 5.101 5.162 5.195 5.272 5.201 4.870 4.623 4.609 4.547 4.214 5.007 8.114 8.738 8.124 13.130 6.218 3.637 2.372 1.576 1.214 1.406 1.585 1.805 2.169 2.341 2.366 1.950 1.699 1.694 1.719 1.619 1.548 1.440 1.405 1.426 1.522 1.481 1.375 1.451 1.576 1.900 1.960 -9999 -9999 -9999 -9999 -9999 -9999 -9999 -9999 -9999 -9999 -9999
2.934 2.903 2.749 2.903 3.078 3.198 3.269 3.284 3.414 3.528 3.509 3.528 3.491 3.669 3.838 4.122 4.674 5.086 5.538 5.962 6.364 6.731 7.381 8.123 8.775 8.914 8.914 8.557 8.186 7.556 6.979 6.528 5.521 4.977 4.645 3.999 4.808 7.539 12.485 6.535 4.921 5.433 6.238 2.960 3.823 4.861 4.896 5.598 2.478 2.605 2.685 2.701 2.760 2.896 2.711 2.639 2.593 2.717 2.851 2.760 2.834 2.726 3.134 3.192 3.432 4.263 5.063 4.143 -9999 -9999 -9999 -9999 -9999 -9999 -9999 -9999 -9999
5.434 5.279 5.289 5.418 5.647 5.994 6.118 6.213 6.380 6.492 6.525 6.510 6.809 6.873 6.997 7.306 7.865 8.152 8.428 8.522 8.899 9.154 9.553 9.700 9.891 9.986 10.214 10.203 9.794 9.211 8.644 8.448 8.116 7.680 6.737 5.503 4.819 7.227 10.997 8.228 9.953 8.277 7.176 5.978 5.298 4.564 4.176 5.684 6.157 2.336 3.021 3.680 4.134 4.712 4.912 5.011 5.164 5.350 5.552 5.618 5.636 5.600 5.850 5.834 5.479 5.684 8.046 6.983 5.107 3.474 2.999 3.433 3.468 3.171 3.410 3.352 3.387
7.493 7.264 7.318 7.407 7.257 7.412 7.341 7.374 7.214 7.199 6.899 6.627 6.480 6.268 6.233 6.163 6.264 6.284 6.295 6.321 6.353 6.507 6.479 6.392 6.449 6.342 6.445 6.891 7.086 6.951 6.824 7.030 7.389 8.019 8.614 9.136 8.957 8.830 8.931 7.980 15.324 24.056 9.214 17.108 6.902 7.305 8.102 7.277 7.820 5.937 6.002 4.078 3.877 5.120 6.203 7.200 7.681 8.114 8.085 8.181 8.185 8.144 7.320 6.647 6.110 5.714 6.464 6.985 5.842 3.920 3.768 3.863 3.252 3.978 5.340 5.743 4.875
