data-raw/precipfiles/02_grid_data_2000BP.asc
ncols 144
nrows 72
xllcorner -180
yllcorner -90
cellsize 2.5
nodata_value -9999
[rows 0 to 33 of 72, columns 0 to 76 of 144]
0.453 0.463 0.477 0.467 0.434 0.459 0.457 0.464 0.494 0.502 0.468 0.480 0.488 0.497 0.476 0.464 0.482 0.487 0.482 0.473 0.454 0.477 0.473 0.492 0.478 0.476 0.486 0.467 0.475 0.475 0.475 0.462 0.449 0.452 0.466 0.465 0.440 0.451 0.451 0.462 0.479 0.505 0.482 0.484 0.503 0.497 0.507 0.499 0.472 0.489 0.490 0.495 0.507 0.512 0.512 0.504 0.492 0.518 0.510 0.497 0.500 0.509 0.503 0.522 0.516 0.518 0.543 0.531 0.533 0.525 0.536 0.543 0.559 0.563 0.545 0.559 0.545
0.473 0.463 0.471 0.459 0.450 0.442 0.450 0.450 0.450 0.451 0.447 0.442 0.445 0.450 0.447 0.448 0.446 0.450 0.449 0.447 0.446 0.454 0.451 0.461 0.450 0.449 0.435 0.448 0.431 0.438 0.440 0.435 0.426 0.423 0.408 0.413 0.404 0.406 0.415 0.442 0.410 0.413 0.409 0.407 0.416 0.415 0.412 0.409 0.428 0.405 0.405 0.402 0.393 0.396 0.389 0.398 0.383 0.413 0.409 0.394 0.398 0.396 0.404 0.401 0.402 0.413 0.416 0.421 0.425 0.433 0.439 0.432 0.428 0.439 0.442 0.441 0.443
0.450 0.456 0.452 0.439 0.439 0.441 0.436 0.427 0.418 0.420 0.424 0.414 0.423 0.422 0.415 0.416 0.418 0.419 0.418 0.415 0.422 0.415 0.412 0.417 0.406 0.411 0.408 0.410 0.415 0.412 0.404 0.394 0.386 0.385 0.376 0.381 0.389 0.399 0.424 0.434 0.435 0.433 0.440 0.438 0.444 0.453 0.442 0.431 0.381 0.368 0.345 0.349 0.339 0.338 0.356 0.338 0.355 0.372 0.413 0.434 0.438 0.421 0.417 0.380 0.390 0.384 0.416 0.423 0.433 0.434 0.429 0.436 0.447 0.451 0.451 0.466 0.472
0.499 0.496 0.494 0.484 0.478 0.482 0.472 0.462 0.454 0.445 0.454 0.440 0.430 0.432 0.426 0.417 0.419 0.426 0.413 0.417 0.413 0.413 0.406 0.414 0.400 0.418 0.406 0.407 0.413 0.423 0.415 0.426 0.413 0.441 0.479 0.400 0.393 0.395 0.401 0.408 0.386 0.409 0.575 0.525 0.366 0.359 0.369 0.398 0.352 0.330 0.305 0.314 0.306 0.280 0.272 0.247 0.271 0.292 0.350 0.367 0.377 0.396 0.448 0.401 0.553 0.796 0.601 0.501 0.507 0.494 0.493 0.524 0.583 0.621 0.661 0.682 0.675
0.540 0.534 0.541 0.530 0.518 0.520 0.499 0.491 0.473 0.469 0.459 0.451 0.437 0.442 0.431 0.422 0.420 0.419 0.412 0.412 0.400 0.397 0.393 0.393 0.399 0.389 0.400 0.423 0.394 0.413 0.426 0.447 0.444 0.489 0.367 0.394 0.382 0.370 0.400 0.428 0.434 0.437 0.446 0.429 0.412 0.397 0.343 0.321 0.276 0.307 0.257 0.323 0.274 0.262 0.222 0.201 0.209 0.199 0.227 0.226 0.263 0.298 0.382 0.482 0.601 0.455 0.535 0.535 0.570 0.592 0.651 0.733 0.802 0.883 0.937 0.969 1.274
0.569 0.569 0.573 0.568 0.563 0.563 0.553 0.547 0.541 0.526 0.512 0.502 0.484 0.481 0.470 0.455 0.437 0.435 0.419 0.419 0.411 0.410 0.417 0.473 0.413 0.525 0.543 0.503 0.457 0.328 0.430 0.488 0.350 0.384 0.414 0.440 0.453 0.483 0.476 0.451 0.468 0.647 0.643 0.603 0.452 0.403 0.377 0.350 0.334 0.323 0.403 0.388 0.374 0.338 0.286 0.266 0.229 0.206 0.185 0.192 0.251 0.280 0.379 0.489 0.734 0.618 0.743 0.754 0.839 0.901 1.009 1.040 1.037 1.057 1.069 1.105 1.134
0.668 0.697 0.708 0.714 0.701 0.690 0.647 0.619 0.615 0.599 0.578 0.566 0.556 0.561 0.541 0.528 0.511 0.502 0.485 0.469 0.461 0.439 0.557 0.366 0.362 0.373 0.366 0.353 0.302 0.298 0.458 0.501 0.376 0.432 0.437 0.490 0.514 0.518 0.537 0.498 0.526 0.633 0.639 0.624 0.646 0.679 0.709 0.790 0.840 0.576 0.479 0.666 0.598 0.571 0.457 0.439 0.327 0.311 0.301 0.337 0.603 0.429 0.636 0.706 1.001 1.042 1.226 1.270 1.374 1.380 1.372 1.362 1.339 1.349 1.364 1.396 1.384
0.901 0.663 0.925 0.967 0.996 0.949 0.794 0.733 0.491 0.452 0.444 0.419 0.383 0.573 0.587 0.683 0.690 0.692 0.627 0.472 0.451 0.362 0.396 0.443 0.446 0.482 0.426 0.402 0.369 0.350 0.343 0.487 0.560 0.464 0.483 0.465 0.540 0.598 0.590 0.578 0.555 0.563 0.563 0.581 0.715 0.769 0.914 1.038 1.167 1.170 0.882 0.785 0.885 0.929 0.799 0.697 0.531 0.496 0.550 0.595 0.883 0.959 1.295 1.146 1.670 1.669 1.823 1.892 1.916 1.882 1.803 1.807 1.748 1.764 1.747 1.771 1.724
1.910 1.354 1.326 1.460 1.549 1.331 1.137 0.950 0.881 0.769 0.674 0.655 0.611 0.573 0.569 0.635 0.702 0.686 0.566 0.545 0.474 0.512 0.507 0.493 0.557 0.579 0.451 0.421 0.388 0.385 0.436 0.395 0.420 0.467 0.502 0.576 0.658 0.582 0.622 0.611 0.596 0.661 0.703 0.668 0.756 0.832 1.085 1.638 1.871 1.903 1.370 1.148 1.031 1.200 1.098 1.511 1.899 2.144 2.545 2.721 2.403 2.271 2.504 3.148 2.935 2.816 2.780 2.832 2.788 2.789 2.688 2.671 2.617 2.587 2.471 2.414 2.141
2.375 1.823 1.874 1.669 1.458 1.620 1.333 1.176 1.097 0.981 1.023 0.914 0.860 0.772 0.763 0.796 0.882 0.914 0.811 0.669 0.700 0.752 0.692 0.617 0.612 0.636 0.633 0.665 0.589 0.558 0.543 0.576 0.600 0.641 0.674 0.760 0.773 0.767 0.723 0.986 1.122 1.017 0.834 0.764 0.837 1.024 1.863 1.852 2.210 2.213 1.526 1.320 1.161 1.380 1.743 2.421 3.406 3.134 3.177 3.385 3.543 3.558 3.554 2.392 1.888 2.043 3.269 3.241 3.090 3.010 2.891 2.905 2.925 2.965 2.606 2.429 4.541
1.776 2.071 2.262 1.655 1.620 1.431 1.512 1.254 1.182 1.150 1.292 1.515 1.266 1.477 1.291 1.037 1.008 1.007 1.080 0.879 0.949 0.889 0.840 0.801 0.717 0.698 0.714 0.714 0.703 0.732 0.770 0.807 0.795 0.832 0.851 0.853 0.810 1.296 1.011 1.310 1.458 1.226 0.999 1.122 1.207 1.444 1.837 2.201 2.685 2.855 2.633 2.551 2.643 2.630 3.217 4.047 3.362 3.612 3.827 3.755 3.734 3.809 4.150 4.140 4.968 4.979 4.405 3.687 3.519 3.422 3.282 3.321 3.396 3.425 5.371 3.984 3.375
2.356 2.309 2.266 2.184 2.194 1.919 1.649 1.491 1.311 1.663 2.139 2.387 4.039 3.919 3.561 3.735 2.038 1.007 0.909 1.184 1.272 1.096 0.786 0.923 0.821 0.807 0.793 0.825 0.881 0.934 0.965 1.026 1.005 0.973 1.017 1.130 1.378 1.552 1.430 1.400 1.457 1.283 1.336 1.367 1.343 1.523 2.058 2.543 3.134 3.268 3.325 2.873 3.340 3.069 4.394 3.535 3.947 3.959 3.946 3.777 3.717 3.658 3.689 3.635 3.592 3.616 3.664 3.703 3.559 6.509 3.165 3.289 3.343 6.043 5.734 2.119 2.026
2.582 2.618 2.614 2.527 2.549 2.295 2.042 1.997 1.992 2.052 3.683 3.084 4.801 5.690 3.980 8.044 7.461 4.561 3.529 1.472 1.361 1.265 1.150 1.069 1.100 1.056 1.050 1.002 1.075 1.131 1.293 1.191 1.154 1.176 1.220 1.375 1.473 1.608 1.644 1.694 1.529 1.330 1.296 1.384 1.619 1.928 2.433 2.588 2.937 3.299 3.611 3.642 3.600 3.724 4.499 4.016 4.087 3.988 3.970 3.801 3.740 3.643 3.568 3.542 3.565 3.594 3.598 3.595 3.410 5.108 3.619 2.695 3.144 3.174 5.828 3.305 2.521
2.720 2.732 2.803 2.787 2.837 2.897 3.201 2.871 2.063 2.155 3.741 3.281 2.849 2.933 2.998 3.103 3.164 6.591 7.291 5.044 2.835 1.506 1.436 1.278 1.210 1.274 1.289 1.302 1.236 1.295 1.425 1.312 1.368 1.304 1.227 1.332 1.629 1.726 1.643 1.741 1.864 1.741 1.655 1.731 1.891 1.976 2.325 3.083 3.083 3.061 3.688 3.759 3.947 3.959 4.123 4.154 4.111 4.088 4.007 3.882 3.722 3.626 3.458 3.411 3.364 3.428 3.389 3.472 4.733 6.061 3.966 2.578 2.868 3.008 2.565 3.132 2.198
2.783 2.782 2.841 2.876 3.295 3.832 2.925 2.875 2.743 2.678 2.672 2.749 2.847 2.912 3.011 3.058 3.192 3.408 5.041 6.991 6.641 2.179 1.365 2.027 1.739 1.830 1.594 1.358 1.315 1.331 1.360 1.396 1.421 1.360 1.442 1.479 1.579 1.516 1.597 2.165 1.906 1.880 2.081 2.129 2.157 2.370 2.448 2.794 3.124 3.104 3.218 3.526 3.792 3.849 4.009 4.006 3.970 3.948 3.795 3.729 3.556 3.506 3.395 3.312 3.287 3.382 3.253 3.535 4.056 3.249 3.859 2.855 2.134 2.720 2.787 2.961 2.257
3.021 3.976 3.222 3.004 2.966 2.970 2.904 2.934 2.905 2.930 2.911 2.955 2.980 3.058 3.169 3.143 3.204 3.335 3.499 6.853 8.526 5.157 2.306 1.437 2.557 1.952 1.405 1.076 1.025 1.071 1.231 1.474 1.497 1.497 1.686 1.873 1.938 1.978 2.077 2.028 2.147 2.229 2.350 2.616 2.730 2.928 2.724 3.001 3.713 3.385 3.182 3.448 3.734 3.793 3.987 4.044 4.033 3.915 3.850 3.744 3.557 3.470 3.356 3.287 3.184 3.205 3.092 6.431 4.555 3.329 3.794 2.356 2.159 2.567 2.826 3.187 2.495
3.307 3.346 3.311 3.317 3.246 3.182 3.175 3.199 3.211 3.311 3.264 3.286 3.323 3.421 3.359 3.283 3.267 3.314 3.321 3.530 3.718 8.744 5.938 3.885 1.452 2.033 1.846 1.088 1.105 0.987 1.065 1.342 1.547 1.701 2.001 2.267 2.417 2.473 2.398 2.422 2.603 2.774 2.672 2.947 2.805 3.123 3.078 3.386 4.321 3.937 4.049 3.368 3.607 3.814 3.999 4.588 4.520 4.273 3.995 3.973 3.799 3.628 3.460 3.399 3.249 3.067 2.936 2.916 2.677 2.729 3.048 2.523 2.209 2.354 3.088 3.057 3.084
3.708 3.729 3.686 3.659 3.595 3.545 3.591 3.527 3.544 3.736 3.717 3.801 3.729 3.719 3.637 3.535 3.399 3.328 3.309 3.370 3.370 3.264 5.795 3.312 1.287 2.232 1.545 1.506 1.299 1.071 1.208 1.437 1.665 2.041 2.453 2.903 3.078 3.001 3.039 2.801 2.935 2.848 3.043 3.361 3.257 3.261 3.657 4.665 3.970 5.172 4.735 3.800 3.815 4.089 4.493 4.873 4.664 4.314 4.060 3.886 3.721 3.537 3.321 3.110 2.926 2.764 2.707 2.646 2.535 2.403 2.021 2.412 2.570 2.556 3.532 3.850 3.151
4.233 4.187 4.335 4.256 4.246 4.016 3.984 4.004 3.940 4.085 4.225 3.999 3.808 3.759 3.592 3.530 3.392 3.131 3.096 2.967 2.900 3.097 5.232 2.564 1.364 1.655 1.093 1.581 0.932 1.116 1.383 1.575 1.993 2.451 2.741 2.961 3.058 3.158 2.802 3.131 3.058 3.363 3.627 3.893 4.174 4.240 4.424 4.539 4.797 4.779 4.534 4.459 4.407 5.168 5.669 5.073 4.538 4.244 4.076 3.961 3.587 3.304 2.911 2.822 2.661 2.538 2.490 2.344 4.378 3.268 2.936 3.378 2.543 2.845 2.615 2.672 2.559
4.814 4.889 4.980 4.822 4.702 4.408 4.381 4.312 4.347 4.381 4.149 4.001 3.916 3.780 3.548 3.467 3.238 3.199 2.942 2.767 2.745 2.878 4.916 2.555 1.100 1.249 1.088 1.351 0.922 1.257 1.325 1.700 2.173 2.574 2.898 3.006 3.123 3.155 3.039 3.313 3.661 3.487 3.919 4.099 4.482 4.961 5.644 6.469 6.759 6.861 6.229 5.811 5.468 5.567 5.170 4.626 4.357 4.136 3.957 3.547 3.098 2.774 2.652 2.531 2.306 2.270 2.231 2.069 4.058 2.298 1.684 1.457 1.734 2.360 2.004 2.424 2.603
5.488 5.224 4.913 4.655 4.614 4.443 4.248 4.159 4.073 3.889 3.760 3.643 3.697 3.520 3.394 3.194 2.862 2.502 2.321 2.191 2.076 1.780 4.313 3.268 1.359 2.598 -9999 1.134 1.270 1.457 1.300 1.551 2.047 2.737 3.151 3.148 3.292 3.472 3.421 3.616 3.375 3.536 3.658 5.402 6.737 7.284 7.567 7.569 7.133 6.358 5.756 5.069 5.032 4.679 4.353 4.074 3.732 3.322 2.969 2.707 2.464 2.337 2.154 2.020 1.879 1.722 1.694 1.840 2.293 1.989 1.786 1.526 2.012 1.940 1.390 2.130 1.527
4.950 4.730 4.533 4.299 4.251 4.060 3.831 3.746 3.654 3.503 3.478 3.441 3.274 3.054 2.806 2.581 2.341 2.089 1.900 1.707 1.538 1.282 0.967 1.680 1.568 -9999 7.320 1.521 1.168 1.465 1.361 1.579 2.379 3.054 3.384 3.481 3.710 3.747 3.681 3.623 3.675 3.925 4.841 6.245 6.386 6.230 6.102 5.934 5.594 5.091 4.695 4.308 4.104 3.803 3.594 3.321 3.142 2.971 2.514 2.247 2.054 1.936 1.834 1.649 1.562 1.529 1.483 1.517 2.491 1.942 1.647 1.193 1.515 1.721 2.006 1.904 1.340
4.177 4.119 4.056 3.809 3.766 3.610 3.399 3.319 3.230 3.193 3.124 2.975 2.909 2.624 2.345 2.035 1.829 1.650 1.453 1.276 1.130 1.007 0.837 1.759 1.663 1.079 3.022 3.208 2.175 1.438 1.248 1.552 2.188 3.131 3.916 4.163 4.244 3.996 3.783 3.580 4.029 4.606 5.717 5.414 5.076 5.002 4.920 4.718 4.405 4.131 3.822 3.339 3.393 3.154 2.875 2.636 2.405 2.307 2.024 1.853 1.696 1.654 1.468 1.298 1.247 1.246 1.243 1.257 1.331 1.623 1.181 0.848 0.882 0.842 0.745 1.011 1.092
3.390 3.387 3.459 3.358 3.275 2.999 2.809 2.788 2.720 2.728 2.584 2.385 2.220 2.058 1.839 1.561 1.343 1.182 1.038 0.911 0.801 0.753 0.691 0.644 0.448 0.828 0.542 3.367 2.987 2.696 1.091 1.275 1.972 2.912 4.385 4.778 4.806 4.366 3.984 3.987 4.152 4.966 4.451 4.189 4.239 4.391 4.283 4.167 4.059 3.793 3.467 3.118 2.805 2.532 2.325 2.195 2.065 1.953 1.743 1.564 1.429 1.319 1.103 0.957 0.892 0.889 0.912 0.786 1.006 0.945 -9999 0.505 0.421 0.340 0.268 0.383 0.670
2.642 2.721 2.820 2.682 2.520 2.290 2.178 2.018 1.996 2.040 1.908 1.861 1.760 1.558 1.386 1.223 1.114 0.980 0.841 0.707 0.653 0.606 0.603 0.484 0.354 0.409 0.405 0.974 2.467 2.403 0.988 1.155 1.807 3.084 4.588 5.077 4.745 4.079 4.386 4.040 3.156 3.518 3.449 3.508 3.809 3.938 3.829 3.802 3.742 3.475 2.910 2.375 2.251 2.069 2.001 1.875 1.689 1.562 1.374 1.237 1.057 0.905 0.744 0.658 0.967 0.932 0.460 0.510 0.454 0.364 1.098 0.237 0.160 0.425 0.449 0.263 0.182
2.251 2.295 2.348 2.257 2.120 1.822 1.691 1.565 1.579 1.564 1.468 1.436 1.436 1.196 1.109 1.030 0.979 0.873 0.770 0.685 0.648 0.608 0.583 0.481 0.377 0.276 0.268 0.468 2.018 5.482 1.127 0.968 1.597 2.259 2.797 3.029 3.050 2.916 3.208 4.025 3.181 2.760 2.618 2.996 3.379 3.633 3.559 3.452 3.274 2.856 2.412 2.088 1.841 1.853 1.735 1.603 1.429 1.323 1.067 0.915 0.747 0.619 0.501 0.420 0.426 0.403 0.329 -9999 -9999 -9999 -9999 -9999 0.276 0.961 1.790 -9999 -9999
1.883 1.835 1.825 1.751 1.698 1.482 1.397 1.266 1.239 1.229 1.162 1.120 1.052 0.910 0.927 0.919 0.895 0.811 0.768 0.762 0.774 0.728 0.676 0.562 0.523 0.447 0.434 0.624 1.321 3.784 2.321 1.183 2.049 2.033 2.175 2.008 1.796 2.018 3.506 4.124 3.192 1.803 1.931 2.477 2.950 3.192 3.309 3.072 2.762 2.408 2.090 1.737 1.534 1.419 1.307 1.228 1.077 0.954 0.804 0.699 0.583 0.492 0.406 0.359 0.341 0.196 0.300 -9999 -9999 -9999 -9999 -9999 0.158 -9999 -9999 -9999 -9999
1.569 1.525 1.486 1.450 1.399 1.420 1.380 1.273 1.164 1.031 1.091 0.951 0.861 0.855 0.857 0.897 0.945 0.897 0.879 0.877 0.891 0.888 0.811 0.696 0.685 0.732 0.815 0.857 1.079 3.955 3.349 2.000 3.636 4.198 1.993 2.291 2.893 3.294 3.976 3.840 4.345 4.164 3.316 2.490 2.987 3.151 3.041 2.570 2.288 1.937 1.663 1.402 1.319 1.147 1.030 0.953 0.870 0.776 0.668 0.558 0.484 0.421 0.407 0.385 0.401 0.176 0.266 -9999 -9999 -9999 -9999 -9999 -9999 -9999 -9999 -9999 -9999
1.385 1.432 1.361 1.307 1.237 1.225 1.305 1.212 1.171 4.656 1.014 0.901 0.894 0.951 0.943 1.012 1.048 1.027 1.044 1.028 1.039 1.113 1.158 1.092 1.162 1.318 1.584 1.768 1.697 2.302 2.471 2.959 3.164 6.837 6.902 4.606 4.096 3.232 2.641 2.681 5.644 5.650 4.448 6.248 7.812 7.697 2.728 2.218 2.021 1.714 1.419 1.235 1.238 1.138 1.027 0.930 0.822 0.747 0.656 0.572 0.502 0.460 0.435 0.440 0.502 0.272 0.288 0.307 0.282 -9999 -9999 -9999 -9999 -9999 -9999 -9999 -9999
1.347 1.370 1.265 1.231 1.188 1.194 1.209 1.216 1.191 1.100 1.084 1.063 1.029 1.142 1.177 1.302 1.378 1.377 1.403 1.440 1.541 1.713 1.808 1.946 2.263 2.547 2.690 2.896 2.882 2.672 2.723 2.612 4.808 4.010 4.752 8.193 9.080 8.031 10.455 3.544 3.031 2.682 2.391 2.191 2.506 2.291 2.032 4.986 1.809 1.647 1.430 1.314 1.298 1.314 1.260 1.106 0.997 0.984 0.915 0.869 0.843 0.746 0.719 0.739 1.147 0.804 -9999 -9999 -9999 -9999 -9999 -9999 -9999 -9999 -9999 -9999 -9999
1.700 1.734 1.668 1.695 1.723 1.804 1.856 1.816 1.803 1.712 1.542 1.538 1.571 1.707 1.889 2.061 2.384 2.573 2.798 3.023 3.253 3.623 4.128 4.568 5.014 5.087 5.169 5.259 5.143 4.691 4.375 4.380 4.374 4.104 5.038 8.394 9.047 8.216 12.520 5.746 3.235 2.087 1.410 1.150 1.342 1.518 1.731 2.069 2.219 2.198 1.850 1.674 1.758 1.852 1.761 1.704 1.600 1.545 1.523 1.610 1.532 1.374 1.369 1.456 1.769 2.022 -9999 -9999 -9999 -9999 -9999 -9999 -9999 -9999 -9999 -9999 -9999
2.905 2.894 2.776 2.955 3.149 3.265 3.320 3.312 3.414 3.492 3.461 3.494 3.454 3.660 3.841 4.128 4.664 5.043 5.457 5.870 6.277 6.659 7.305 8.024 8.637 8.738 8.714 8.431 8.081 7.407 6.765 6.297 5.372 4.852 4.607 4.010 4.911 7.697 12.836 6.724 5.056 5.317 6.196 3.007 3.914 4.838 4.916 5.685 2.496 2.611 2.685 2.686 2.757 2.891 2.707 2.645 2.635 2.785 2.914 2.782 2.828 2.688 3.063 3.119 3.341 4.267 5.207 4.174 -9999 -9999 -9999 -9999 -9999 -9999 -9999 -9999 -9999
5.434 5.301 5.348 5.506 5.772 6.115 6.244 6.337 6.474 6.543 6.541 6.546 6.873 6.960 7.076 7.369 7.914 8.197 8.460 8.547 8.880 9.107 9.504 9.619 9.763 9.783 9.904 9.861 9.505 8.925 8.354 8.211 7.940 7.561 6.632 5.452 4.830 7.331 11.138 8.383 10.108 8.490 7.361 6.152 5.345 4.509 4.119 5.803 6.256 2.373 3.044 3.673 4.084 4.624 4.784 4.893 5.084 5.316 5.562 5.614 5.613 5.556 5.835 5.845 5.500 5.675 8.049 6.985 5.011 3.404 2.983 3.426 3.456 3.161 3.417 3.365 3.376
7.547 7.349 7.419 7.535 7.405 7.598 7.569 7.633 7.457 7.402 7.063 6.787 6.666 6.483 6.440 6.336 6.399 6.432 6.447 6.453 6.396 6.461 6.346 6.243 6.243 6.078 6.090 6.441 6.599 6.456 6.347 6.579 7.035 7.723 8.332 8.838 8.765 8.747 8.650 7.900 13.593 20.147 8.554 14.529 6.845 7.191 7.840 7.446 8.178 5.905 5.977 4.057 3.844 4.983 5.903 6.810 7.324 7.800 7.897 8.218 8.293 8.363 7.552 6.852 6.238 5.794 6.489 6.941 5.748 3.826 3.691 3.787 3.181 3.867 5.204 5.642 4.836
