data-raw/precipfiles/02_grid_data_2000BP.asc
ncols 144
nrows 72
xllcorner -180
yllcorner -90
cellsize 2.5
nodata_value -9999
[rows 34 to 67 of 72, columns 0 to 76 of 144]
5.908 5.543 5.433 5.217 4.959 4.884 4.787 4.592 4.369 4.225 3.742 3.588 3.341 3.186 3.086 3.044 2.963 2.865 2.863 2.925 2.963 3.034 2.829 2.720 2.586 2.517 2.476 2.603 2.797 2.881 2.926 3.434 3.894 4.389 4.690 4.853 4.648 3.935 3.466 4.179 13.411 7.926 6.798 7.463 8.460 9.600 8.670 5.832 6.048 6.068 8.092 9.593 3.515 4.453 4.980 6.004 6.699 7.409 7.439 7.370 7.181 7.055 6.533 6.184 5.293 4.581 4.214 4.073 4.253 4.503 3.404 3.836 2.981 3.590 5.674 6.996 5.205
3.205 3.001 2.693 2.329 2.283 2.566 2.622 2.395 2.216 2.169 1.975 1.795 1.538 1.495 1.466 1.481 1.487 1.380 1.329 1.290 1.293 1.256 1.241 1.220 1.196 1.200 1.199 1.253 1.393 1.500 1.559 1.671 1.728 1.787 1.641 1.489 1.398 1.242 1.165 1.738 6.603 7.075 7.683 8.074 8.388 10.337 9.068 6.732 8.497 6.978 6.213 8.345 8.161 3.614 3.632 4.369 4.914 5.482 5.297 4.761 4.226 3.845 3.304 3.117 2.642 2.285 1.994 1.930 1.802 1.908 2.144 2.390 2.655 2.816 3.004 6.621 5.092
2.800 2.614 2.252 1.982 1.970 2.180 2.270 2.067 1.886 1.792 1.715 1.612 1.462 1.379 1.382 1.363 1.311 1.242 1.203 1.200 1.184 1.152 1.109 1.081 1.054 1.019 0.955 0.972 1.011 1.092 1.159 1.119 1.084 1.062 1.004 0.941 0.874 0.793 0.847 2.344 5.813 6.888 7.062 10.064 8.018 7.418 15.469 7.973 8.933 12.301 5.240 6.814 8.722 7.263 5.672 3.147 3.529 3.797 3.581 3.051 2.474 2.075 1.727 1.349 1.027 0.887 0.807 0.799 0.877 0.979 1.182 1.397 1.647 1.850 2.313 4.212 4.794
4.373 3.866 3.415 3.041 2.878 2.682 2.550 2.287 2.071 1.873 1.806 1.804 1.765 1.702 1.695 1.612 1.530 1.433 1.312 1.288 1.330 1.289 1.324 1.244 1.202 1.176 1.108 1.124 1.133 1.133 1.123 1.104 1.051 0.992 1.028 1.060 1.035 0.831 0.631 1.442 4.349 6.450 6.668 10.986 7.906 7.031 8.178 6.830 5.882 7.017 5.738 5.471 6.509 6.016 5.208 3.450 2.887 2.905 2.832 2.764 2.412 2.163 1.473 1.168 0.767 0.627 0.568 0.508 0.502 0.511 0.556 0.653 0.844 1.067 1.405 2.649 3.686
6.298 5.798 5.310 4.981 4.555 4.088 3.675 3.332 2.865 2.447 2.212 1.994 1.860 1.752 1.613 1.439 1.310 1.196 1.094 0.997 0.966 0.981 1.057 1.010 1.037 0.972 0.915 0.854 0.877 0.818 0.812 0.802 0.761 0.797 0.870 0.815 0.759 0.633 0.419 0.506 2.276 4.640 6.292 48.235 39.131 7.843 6.808 6.495 5.984 6.478 8.605 -9999 -9999 -9999 3.605 2.534 2.382 2.207 3.631 1.766 1.348 1.110 0.806 0.567 0.419 0.328 0.284 0.224 0.189 0.178 0.215 0.220 0.282 0.402 0.590 0.919 2.138
7.059 6.768 6.593 6.492 5.910 5.492 4.967 4.535 4.046 3.598 3.158 2.727 2.507 2.149 1.810 1.510 1.303 1.193 1.041 0.880 0.768 0.695 0.661 0.581 0.547 0.487 0.429 0.387 0.392 0.390 0.400 0.393 0.371 0.434 0.470 0.396 0.426 0.425 0.292 0.127 1.346 6.178 5.484 6.936 9.468 19.476 6.459 6.766 6.008 6.322 -9999 -9999 13.705 5.669 2.406 1.761 1.851 2.857 4.422 1.243 0.838 0.584 0.461 0.363 0.276 0.202 0.166 0.141 0.134 0.140 0.163 0.163 0.145 0.147 0.191 0.288 0.597
6.776 6.598 6.526 6.572 6.216 6.000 5.722 5.345 4.850 4.339 3.932 3.403 2.984 2.590 2.202 1.886 1.619 1.436 1.178 0.952 0.789 0.643 0.531 0.446 0.361 0.316 0.244 0.216 0.210 0.203 0.195 0.190 0.170 0.171 0.192 0.196 0.221 0.248 0.204 0.094 0.503 2.610 5.346 5.966 6.069 6.683 15.494 9.984 14.261 15.650 -9999 -9999 8.438 3.586 2.259 1.900 2.424 3.633 1.284 0.908 0.643 0.486 0.410 0.333 0.250 0.198 0.153 0.140 0.135 0.135 0.146 0.155 0.157 0.136 0.123 0.144 0.338
5.704 5.747 5.815 5.816 5.602 5.655 5.662 5.500 5.200 4.839 4.418 4.053 3.442 2.963 2.576 2.362 2.231 1.961 1.695 1.418 1.175 0.945 0.696 0.574 0.499 0.419 0.325 0.261 0.216 0.218 0.223 0.192 0.167 0.148 0.153 0.159 0.168 0.183 0.216 0.123 0.107 0.682 2.447 5.533 5.758 5.766 5.603 5.670 5.818 5.096 5.079 4.796 4.325 3.531 2.399 2.274 3.897 1.526 1.273 0.896 0.644 0.484 0.390 0.337 0.270 0.228 0.184 0.163 0.148 0.141 0.136 0.141 0.156 0.161 0.149 0.137 0.382
4.138 4.311 4.583 4.721 4.894 5.032 5.012 4.879 4.857 4.849 4.653 4.390 3.925 3.553 3.137 2.877 2.723 2.494 2.179 1.877 1.521 1.283 0.961 0.747 0.624 0.528 0.423 0.352 0.291 0.263 0.246 0.226 0.199 0.182 0.186 0.192 0.196 0.206 0.233 0.180 0.117 0.077 0.527 1.195 2.403 6.077 6.183 4.405 4.373 4.418 4.876 4.302 4.177 3.578 2.926 2.778 3.558 1.718 1.501 1.176 0.794 0.624 0.480 0.390 0.312 0.274 0.244 0.214 0.189 0.174 0.171 0.182 0.196 0.200 0.194 0.113 0.201
3.594 3.699 3.954 4.232 4.468 4.452 4.516 4.510 4.487 4.607 4.605 4.528 4.167 3.911 3.524 3.405 3.245 2.934 2.679 2.410 2.073 1.666 1.301 1.070 0.939 0.788 0.609 0.509 0.419 0.379 0.333 0.286 0.257 0.236 0.223 0.219 0.239 0.245 0.245 0.209 0.140 0.111 0.110 0.085 0.743 1.649 2.957 3.469 3.592 3.964 4.799 4.394 4.129 4.009 3.747 3.481 3.348 2.152 1.933 1.435 1.111 0.824 0.598 0.469 0.377 0.347 0.316 0.277 0.236 0.214 0.202 0.210 0.229 0.228 0.207 0.128 0.200
3.677 3.782 3.833 3.948 4.171 4.263 4.141 4.240 4.328 4.419 4.418 4.536 4.661 4.553 4.411 4.276 4.018 3.614 3.308 3.052 2.755 2.317 1.842 1.543 1.312 1.187 0.974 0.799 0.665 0.589 0.528 0.456 0.387 0.332 0.293 0.268 0.256 0.255 0.238 0.220 0.169 0.119 0.083 0.041 0.279 1.234 2.955 2.518 3.500 4.340 4.784 4.135 4.244 4.596 4.584 4.110 2.784 2.796 2.759 2.220 1.748 1.399 1.025 0.774 0.559 0.480 0.420 0.366 0.306 0.262 0.237 0.234 0.240 0.238 0.218 0.162 0.131
3.703 3.895 3.967 3.980 4.181 4.339 4.303 4.374 4.358 4.404 4.352 4.538 4.800 4.998 4.919 4.832 4.642 4.347 4.003 3.707 3.395 3.044 2.646 2.281 2.013 1.812 1.580 1.390 1.211 1.056 0.899 0.773 0.664 0.574 0.455 0.386 0.344 0.305 0.268 0.238 0.221 0.154 0.111 0.040 0.301 2.006 2.619 2.677 3.904 5.462 5.348 4.806 4.494 5.240 5.506 4.049 3.422 3.987 3.600 3.180 2.691 2.254 1.750 1.433 1.091 0.835 0.672 0.556 0.464 0.384 0.324 0.277 0.253 0.239 0.230 0.203 0.158
3.654 3.863 4.034 4.119 4.266 4.393 4.367 4.475 4.477 4.412 4.382 4.526 4.724 5.019 5.196 5.344 5.136 4.952 4.735 4.515 4.163 3.742 3.402 3.069 2.889 2.690 2.398 2.059 1.846 1.716 1.482 1.266 1.122 0.960 0.766 0.632 0.510 0.423 0.336 0.293 0.259 0.217 0.150 0.094 0.401 2.149 2.320 3.014 4.283 5.456 6.200 5.762 5.448 3.865 3.705 4.031 4.335 4.751 4.493 4.165 3.738 3.189 2.621 2.190 1.839 1.467 1.270 0.973 0.737 0.615 0.488 0.398 0.343 0.287 0.266 0.245 0.224
3.429 3.547 3.720 4.043 4.241 4.220 4.201 4.258 4.302 4.291 4.284 4.391 4.562 4.833 5.004 5.329 5.261 5.133 5.072 5.177 4.750 4.291 3.965 3.723 3.580 3.458 3.259 2.948 2.598 2.392 2.118 1.874 1.683 1.487 1.216 0.985 0.791 0.645 0.513 0.434 0.377 0.307 0.217 0.259 0.541 1.142 2.031 2.887 3.987 5.421 6.040 5.416 5.214 3.968 4.101 4.420 4.647 5.011 4.933 4.723 4.526 4.365 3.721 3.209 2.829 2.416 1.908 1.557 1.189 0.947 0.762 0.610 0.524 0.430 0.373 0.344 0.351
3.134 3.106 3.233 3.521 3.645 3.757 3.915 3.969 4.035 4.078 3.948 4.129 4.179 4.464 4.607 4.821 4.837 4.867 4.958 5.103 4.925 4.614 4.445 4.310 4.177 3.886 3.695 3.542 3.332 3.084 2.791 2.536 2.262 1.989 1.718 1.474 1.208 1.019 0.850 0.715 0.582 0.482 0.343 0.822 0.593 1.506 2.368 2.962 3.641 4.390 4.854 4.762 4.376 4.444 4.514 4.658 4.897 5.251 5.194 4.968 4.765 4.575 4.215 3.732 3.522 3.133 2.749 2.513 1.941 1.720 1.329 1.109 0.959 0.799 0.735 0.621 0.610
2.945 2.931 2.993 3.076 3.292 3.502 3.606 3.714 3.858 3.838 3.870 3.935 3.989 4.096 4.141 4.356 4.431 4.553 4.656 4.642 4.706 4.644 4.506 4.400 4.275 4.068 3.953 3.781 3.636 3.406 3.094 3.009 2.823 2.566 2.283 2.023 1.751 1.545 1.332 1.087 0.873 0.677 0.642 1.943 1.271 1.912 2.501 2.776 3.532 3.983 4.289 4.016 4.200 4.509 4.601 4.728 4.779 5.136 5.060 5.052 4.908 4.720 4.518 4.143 3.958 3.563 3.212 2.832 2.722 2.333 2.141 1.811 1.615 1.406 1.203 1.053 0.943
2.584 2.604 2.624 2.727 2.918 3.133 3.283 3.380 3.350 3.394 3.518 3.559 3.544 3.681 3.821 3.839 4.039 4.127 4.173 4.156 4.205 4.201 4.109 4.094 4.037 3.961 3.968 3.923 3.751 3.534 3.295 3.186 2.986 2.868 2.656 2.401 2.114 1.924 1.726 1.511 1.257 0.977 3.596 2.951 1.444 1.749 2.368 2.737 2.944 3.111 3.775 3.787 3.953 4.231 4.424 4.638 4.580 4.814 4.767 4.744 4.725 4.581 4.546 4.343 4.159 3.955 3.583 3.312 3.258 2.989 2.887 2.611 2.409 2.086 1.912 1.703 1.614
2.574 2.553 2.467 2.505 2.794 3.049 3.150 3.247 3.323 3.203 3.256 3.244 3.190 3.282 3.357 3.543 3.738 3.825 3.835 3.823 3.968 3.864 3.733 3.763 3.864 3.863 3.858 3.745 3.628 3.459 3.413 3.433 3.213 3.123 2.955 2.760 2.503 2.305 2.130 1.953 1.737 1.318 4.194 3.208 1.247 1.170 1.540 2.435 2.658 3.393 3.480 3.522 3.853 4.099 4.293 4.481 4.407 4.543 4.503 4.486 4.442 4.432 4.475 4.505 4.423 4.142 3.857 3.765 3.537 3.453 3.388 3.310 3.122 2.835 2.631 2.421 2.340
2.353 2.387 2.501 2.379 2.493 2.660 2.750 2.858 2.803 2.809 2.755 2.779 2.916 3.024 3.028 3.013 3.020 3.263 3.390 3.505 3.608 3.664 3.695 3.682 3.548 3.622 3.509 3.670 3.539 3.486 3.357 3.447 3.335 3.283 3.035 3.037 2.788 2.625 2.467 2.419 2.186 2.411 5.064 3.707 1.101 0.901 1.126 1.833 2.406 2.651 3.194 3.488 3.555 3.417 3.457 3.745 3.707 3.776 3.974 4.084 4.085 4.250 3.991 3.932 3.838 3.909 3.813 3.674 3.550 3.466 3.467 3.415 3.323 3.221 2.985 2.911 2.742
2.275 2.098 2.345 2.375 2.360 2.326 2.400 2.445 2.435 2.448 2.446 2.508 2.530 2.703 2.640 2.575 2.629 2.775 2.823 2.928 2.971 2.998 3.102 3.108 2.990 3.086 3.046 3.100 2.996 3.126 3.002 3.083 2.999 3.001 2.972 2.863 2.796 2.738 2.544 2.568 2.507 2.825 6.090 4.434 0.912 0.876 1.477 2.257 2.295 2.666 3.022 3.181 3.156 3.104 3.130 3.242 3.125 3.313 3.424 3.645 3.658 3.790 3.644 3.579 3.508 3.522 3.568 3.470 3.385 3.366 3.238 3.309 3.343 3.304 3.054 3.194 3.042
2.166 2.277 2.274 2.315 2.303 2.303 2.243 2.319 2.292 2.331 2.288 2.283 2.336 2.377 2.419 2.462 2.480 2.583 2.626 2.604 2.680 2.719 2.717 2.748 2.718 2.732 2.717 2.766 2.715 2.780 2.778 2.823 2.831 2.880 2.714 2.792 2.640 2.772 2.708 2.746 2.826 3.220 4.352 1.594 0.954 0.874 2.176 2.239 2.199 2.419 2.651 2.934 3.024 3.031 3.023 3.137 3.182 3.156 3.248 3.224 3.155 3.165 3.100 3.170 3.194 3.168 3.100 3.070 3.103 3.022 3.066 3.087 3.161 3.166 3.114 3.208 3.175
2.085 2.261 2.306 2.332 2.366 2.328 2.262 2.309 2.312 2.374 2.249 2.285 2.316 2.260 2.337 2.393 2.407 2.432 2.386 2.419 2.448 2.472 2.413 2.490 2.513 2.538 2.527 2.524 2.519 2.551 2.613 2.601 2.589 2.683 2.613 2.579 2.553 2.662 2.721 2.832 3.076 2.888 2.547 1.261 0.980 0.983 2.309 2.282 2.217 2.289 2.478 2.737 2.913 2.975 2.937 3.008 3.035 2.965 2.954 2.973 2.933 2.994 2.997 2.961 2.849 2.888 2.967 2.903 2.860 2.836 2.864 2.895 2.874 2.951 2.954 2.986 2.931
2.204 2.208 2.255 2.298 2.249 2.306 2.305 2.322 2.315 2.394 2.390 2.403 2.364 2.379 2.385 2.376 2.418 2.449 2.428 2.419 2.415 2.414 2.347 2.387 2.410 2.468 2.437 2.477 2.462 2.495 2.496 2.539 2.528 2.571 2.593 2.617 2.602 2.630 2.674 2.821 3.090 4.101 4.324 1.378 1.001 2.538 2.646 2.516 2.194 2.538 2.517 2.629 2.759 2.700 2.726 2.751 2.806 2.803 2.811 2.867 2.917 2.937 2.887 2.871 2.876 2.895 2.844 2.816 2.753 2.793 2.767 2.820 2.815 2.826 2.873 2.912 2.902
2.394 2.427 2.377 2.411 2.406 2.435 2.428 2.499 2.479 2.493 2.528 2.592 2.575 2.619 2.612 2.633 2.593 2.614 2.586 2.609 2.586 2.608 2.504 2.514 2.475 2.494 2.499 2.590 2.578 2.633 2.600 2.599 2.606 2.661 2.633 2.668 2.674 2.671 2.743 2.825 3.032 3.382 5.588 2.494 1.406 2.264 3.002 2.954 2.787 2.783 2.749 2.805 2.819 2.836 2.846 2.828 2.869 3.084 2.971 2.976 2.933 2.965 2.961 3.015 3.026 3.015 2.998 2.951 2.864 2.814 2.816 2.822 2.767 2.755 2.818 2.911 2.900
2.718 2.752 2.669 2.672 2.637 2.682 2.734 2.814 2.777 2.765 2.771 2.800 2.792 2.820 2.863 2.909 2.929 2.913 2.919 2.905 2.879 2.909 2.834 2.808 2.759 2.797 2.759 2.804 2.843 2.895 2.871 2.899 2.893 2.894 2.874 2.878 2.863 2.891 2.863 2.987 3.061 3.248 3.390 2.736 2.538 3.031 3.558 3.338 3.099 3.052 2.990 3.013 2.989 3.021 3.034 3.046 3.051 3.081 3.116 3.135 3.059 3.046 3.085 3.098 3.069 3.084 3.056 2.993 2.991 3.009 2.973 2.914 2.872 2.862 2.911 2.913 2.952
2.862 2.968 2.918 2.885 2.808 2.837 2.842 2.891 2.826 2.797 2.770 2.788 2.777 2.789 2.828 2.919 2.938 2.962 2.965 2.958 2.925 2.917 2.857 2.817 2.777 2.801 2.775 2.792 2.810 2.892 2.892 2.904 2.875 2.882 2.850 2.847 2.802 2.834 2.838 2.878 2.931 3.029 3.020 3.019 2.934 3.054 3.059 3.058 2.978 2.988 2.924 2.931 2.873 2.891 2.841 2.849 2.796 2.764 2.747 2.747 2.682 2.737 2.794 2.779 2.712 2.703 2.655 2.678 2.653 2.687 2.658 2.609 2.543 2.581 2.605 2.625 2.623
2.507 2.625 2.640 2.611 2.547 2.537 2.485 2.440 2.366 2.357 2.329 2.348 2.326 2.322 2.291 2.354 2.421 2.454 2.491 2.473 2.455 2.429 2.411 2.394 2.373 2.380 2.377 2.355 2.372 2.424 2.411 2.407 2.373 2.370 2.350 2.375 2.360 2.413 2.443 2.438 2.459 2.507 2.505 2.473 2.409 2.435 2.416 2.430 2.404 2.467 2.457 2.402 2.255 2.244 2.188 2.130 2.064 2.065 2.040 2.037 2.044 2.104 2.099 2.095 2.055 2.044 2.012 2.040 2.020 2.027 2.050 2.031 1.962 1.967 2.003 2.024 2.033
1.960 2.011 2.011 1.989 1.948 1.929 1.900 1.838 1.804 1.797 1.772 1.800 1.781 1.762 1.744 1.751 1.788 1.834 1.905 1.934 1.929 1.927 1.910 1.911 1.925 1.920 1.904 1.889 1.914 1.942 1.919 1.916 1.906 1.893 1.897 1.918 1.932 1.968 1.972 1.979 1.977 1.988 2.028 2.043 2.041 2.080 2.155 2.288 2.400 2.472 2.068 1.817 1.641 1.586 1.492 1.478 1.447 1.439 1.427 1.451 1.461 1.484 1.463 1.463 1.421 1.414 1.387 1.372 1.359 1.377 1.436 1.449 1.412 1.407 1.389 1.419 1.441
1.397 1.382 1.413 1.420 1.417 1.392 1.390 1.412 1.399 1.374 1.359 1.347 1.374 1.379 1.405 1.421 1.459 1.482 1.524 1.529 1.552 1.546 1.567 1.579 1.613 1.636 1.654 1.645 1.685 1.722 1.732 1.742 1.763 1.753 1.786 1.785 1.789 1.816 1.806 1.766 1.723 1.751 1.778 1.800 1.771 2.002 2.303 2.351 2.153 1.879 1.600 1.470 1.323 1.278 1.220 1.216 1.190 1.203 1.194 1.210 1.174 1.183 1.166 1.166 1.129 1.094 1.079 1.054 1.038 1.033 1.075 1.096 1.111 1.111 1.128 1.140 1.153
1.241 1.238 1.264 1.294 1.286 1.288 1.307 1.329 1.337 1.314 1.294 1.267 1.271 1.282 1.315 1.345 1.376 1.391 1.418 1.444 1.499 1.491 1.492 1.497 1.506 1.534 1.559 1.569 1.603 1.625 1.654 1.648 1.679 1.681 1.693 1.707 1.699 1.714 1.685 1.671 1.686 1.741 1.851 1.957 1.962 2.135 2.149 2.020 1.852 1.642 1.487 1.379 1.252 1.204 1.135 1.135 1.121 1.134 1.097 1.083 1.050 1.045 1.007 0.997 0.965 0.956 0.932 0.931 0.922 0.913 0.890 0.902 0.917 0.975 1.007 1.001 0.972
1.060 1.021 1.044 1.049 1.083 1.082 1.101 1.112 1.132 1.130 1.118 1.109 1.120 1.112 1.145 1.176 1.214 1.232 1.235 1.241 1.187 1.182 1.194 1.192 1.276 1.299 1.383 1.403 1.453 1.460 1.464 1.486 1.512 1.468 1.411 1.421 1.398 1.415 1.446 1.460 1.518 1.685 1.884 2.005 1.685 1.702 1.697 1.758 1.643 1.443 1.398 1.323 1.204 1.162 1.066 1.031 0.991 0.998 0.938 0.920 0.870 0.866 0.822 0.795 0.739 0.774 0.822 0.880 0.878 0.812 0.705 0.632 0.510 0.561 0.564 0.571 0.526
0.957 0.927 0.914 0.917 0.959 0.968 0.984 0.981 0.985 0.984 0.998 1.004 1.009 1.031 1.095 1.127 1.206 1.252 1.253 1.315 1.343 1.369 1.350 1.308 1.387 1.389 1.515 1.505 1.526 1.545 1.679 1.777 1.806 1.764 1.688 1.637 1.452 1.406 1.400 1.426 1.486 1.516 1.517 1.508 1.399 1.415 1.459 1.495 1.402 1.288 1.288 1.232 1.136 1.112 1.022 0.986 0.919 0.901 0.835 0.821 0.765 0.787 0.748 0.762 0.703 0.781 0.736 0.734 0.639 0.742 0.671 0.667 0.528 0.655 0.639 0.749 0.630
0.749 0.757 0.782 0.807 0.873 0.900 0.938 0.919 0.914 0.937 0.997 1.088 1.216 1.364 1.446 1.606 1.555 1.687 1.610 1.551 1.385 1.388 1.335 1.322 1.467 1.531 1.674 1.646 1.607 1.573 1.534 1.523 1.494 1.523 1.485 1.467 1.367 1.335 1.340 1.343 1.355 1.349 1.309 1.281 1.172 1.102 1.067 1.020 1.112 1.103 1.103 1.063 0.992 0.949 0.885 0.862 0.782 0.786 0.729 0.756 0.704 0.740 0.683 0.701 0.559 0.553 0.414 0.442 0.369 0.410 0.312 0.304 0.243 0.243 0.206 0.228 0.199
0.510 0.544 0.606 0.640 0.704 0.731 0.795 0.787 0.805 0.877 0.963 1.021 1.068 1.147 1.198 1.241 1.232 1.223 1.173 1.198 1.143 1.161 1.065 1.066 1.082 1.091 1.142 1.137 1.135 1.133 1.119 1.103 1.054 1.068 1.025 1.022 1.018 0.979 0.994 0.926 0.947 0.910 0.892 0.859 0.859 0.809 0.821 0.781 0.813 0.815 0.815 0.848 0.805 0.757 0.732 0.708 0.676 0.728 0.719 0.737 0.655 0.648 0.552 0.542 0.375 0.359 0.260 0.254 0.199 0.191 0.150 0.153 0.133 0.135 0.122 0.123 0.113
