data-raw/precipfiles/03_grid_data_3000BP.asc
ncols 144
nrows 72
xllcorner -180
yllcorner -90
cellsize 2.5
nodata_value -9999
[rows 0 to 33 of 72, columns 0 to 76 of 144]
0.471 0.482 0.498 0.489 0.453 0.480 0.479 0.485 0.516 0.524 0.490 0.502 0.510 0.520 0.499 0.486 0.505 0.512 0.507 0.497 0.476 0.500 0.496 0.516 0.504 0.502 0.515 0.496 0.506 0.509 0.510 0.497 0.486 0.490 0.505 0.506 0.479 0.490 0.487 0.497 0.516 0.541 0.515 0.515 0.534 0.526 0.535 0.527 0.498 0.515 0.517 0.523 0.538 0.543 0.544 0.536 0.523 0.548 0.541 0.526 0.530 0.539 0.531 0.549 0.543 0.543 0.571 0.559 0.564 0.556 0.567 0.575 0.594 0.600 0.581 0.597 0.582
0.493 0.483 0.491 0.481 0.471 0.463 0.473 0.472 0.473 0.474 0.470 0.465 0.468 0.473 0.470 0.471 0.469 0.475 0.474 0.471 0.471 0.479 0.476 0.487 0.476 0.475 0.463 0.477 0.459 0.467 0.470 0.464 0.456 0.453 0.436 0.442 0.433 0.435 0.446 0.475 0.441 0.444 0.440 0.437 0.448 0.446 0.443 0.440 0.461 0.436 0.436 0.432 0.422 0.424 0.416 0.426 0.410 0.441 0.438 0.421 0.426 0.423 0.431 0.427 0.428 0.439 0.442 0.447 0.451 0.457 0.464 0.456 0.451 0.463 0.466 0.465 0.467
0.465 0.472 0.469 0.458 0.459 0.460 0.456 0.447 0.438 0.442 0.447 0.437 0.448 0.447 0.441 0.442 0.445 0.447 0.448 0.444 0.451 0.444 0.440 0.445 0.435 0.440 0.438 0.441 0.448 0.445 0.438 0.428 0.419 0.418 0.409 0.413 0.423 0.434 0.462 0.475 0.477 0.475 0.483 0.481 0.490 0.500 0.487 0.477 0.422 0.406 0.379 0.382 0.370 0.368 0.386 0.366 0.384 0.403 0.447 0.469 0.473 0.454 0.448 0.407 0.418 0.411 0.445 0.451 0.459 0.459 0.451 0.457 0.467 0.471 0.470 0.486 0.492
0.521 0.520 0.519 0.509 0.504 0.510 0.498 0.489 0.482 0.472 0.484 0.468 0.459 0.461 0.454 0.444 0.447 0.454 0.441 0.447 0.442 0.444 0.435 0.443 0.429 0.448 0.436 0.436 0.441 0.450 0.441 0.451 0.435 0.465 0.504 0.420 0.416 0.418 0.430 0.441 0.419 0.447 0.628 0.575 0.403 0.396 0.406 0.437 0.389 0.365 0.336 0.344 0.333 0.305 0.296 0.268 0.293 0.315 0.379 0.398 0.410 0.430 0.487 0.438 0.606 0.873 0.653 0.540 0.540 0.522 0.517 0.545 0.603 0.640 0.677 0.699 0.693
0.571 0.566 0.575 0.566 0.553 0.555 0.532 0.524 0.505 0.501 0.491 0.482 0.468 0.472 0.460 0.450 0.447 0.447 0.440 0.441 0.430 0.427 0.423 0.423 0.429 0.418 0.427 0.448 0.415 0.433 0.447 0.467 0.465 0.509 0.380 0.410 0.400 0.388 0.421 0.453 0.464 0.472 0.484 0.467 0.450 0.435 0.377 0.355 0.306 0.341 0.285 0.357 0.300 0.285 0.242 0.218 0.226 0.215 0.245 0.244 0.286 0.325 0.419 0.531 0.665 0.502 0.586 0.580 0.609 0.623 0.677 0.755 0.822 0.901 0.953 0.985 1.287
0.604 0.605 0.611 0.608 0.604 0.603 0.592 0.584 0.577 0.560 0.544 0.531 0.512 0.509 0.496 0.480 0.462 0.460 0.444 0.445 0.438 0.439 0.449 0.509 0.445 0.565 0.576 0.527 0.474 0.340 0.449 0.512 0.367 0.402 0.433 0.459 0.476 0.515 0.506 0.479 0.499 0.694 0.693 0.653 0.490 0.438 0.412 0.385 0.370 0.357 0.445 0.428 0.415 0.374 0.317 0.296 0.255 0.228 0.203 0.211 0.277 0.311 0.421 0.545 0.814 0.684 0.814 0.818 0.895 0.941 1.035 1.055 1.049 1.070 1.085 1.125 1.160
0.699 0.728 0.738 0.743 0.726 0.711 0.669 0.639 0.638 0.620 0.590 0.574 0.565 0.567 0.549 0.536 0.518 0.509 0.495 0.479 0.474 0.454 0.581 0.380 0.377 0.389 0.380 0.365 0.310 0.306 0.475 0.524 0.391 0.451 0.458 0.514 0.538 0.546 0.566 0.522 0.549 0.661 0.668 0.648 0.671 0.713 0.753 0.850 0.911 0.624 0.519 0.723 0.655 0.634 0.519 0.510 0.384 0.365 0.352 0.394 0.699 0.498 0.734 0.807 1.131 1.156 1.334 1.354 1.429 1.413 1.385 1.368 1.342 1.351 1.375 1.417 1.412
0.935 0.689 0.956 0.990 1.011 0.963 0.835 0.777 0.528 0.484 0.468 0.440 0.400 0.602 0.620 0.704 0.705 0.702 0.635 0.478 0.457 0.369 0.405 0.456 0.460 0.499 0.442 0.414 0.380 0.359 0.353 0.506 0.583 0.483 0.504 0.487 0.570 0.628 0.619 0.604 0.573 0.579 0.576 0.588 0.721 0.782 0.946 1.096 1.246 1.251 0.935 0.838 0.958 1.027 0.905 0.806 0.626 0.582 0.644 0.693 1.023 1.105 1.476 1.289 1.851 1.814 1.949 1.981 1.977 1.928 1.832 1.836 1.785 1.803 1.802 1.833 1.789
2.037 1.435 1.379 1.504 1.579 1.348 1.211 1.086 1.013 0.884 0.771 0.742 0.692 0.657 0.658 0.717 0.747 0.715 0.590 0.565 0.487 0.526 0.523 0.511 0.580 0.606 0.473 0.440 0.402 0.395 0.448 0.405 0.431 0.482 0.518 0.597 0.686 0.613 0.655 0.642 0.621 0.684 0.718 0.670 0.752 0.834 1.110 1.713 1.985 2.026 1.436 1.203 1.101 1.314 1.231 1.729 2.207 2.501 2.954 3.131 2.717 2.531 2.731 3.400 3.133 2.959 2.898 2.926 2.884 2.903 2.812 2.812 2.761 2.739 2.629 2.564 2.266
2.526 1.918 1.957 1.729 1.497 1.657 1.406 1.293 1.163 1.035 1.070 0.953 0.900 0.808 0.802 0.846 0.916 0.948 0.866 0.741 0.752 0.796 0.730 0.651 0.643 0.666 0.655 0.682 0.598 0.560 0.542 0.575 0.603 0.648 0.684 0.769 0.789 0.790 0.752 1.029 1.175 1.060 0.860 0.774 0.833 1.024 1.898 1.917 2.312 2.324 1.594 1.376 1.226 1.488 1.915 2.710 3.879 3.647 3.736 3.956 4.000 3.814 3.654 2.434 1.914 2.092 3.402 3.458 3.385 3.364 3.299 3.344 3.315 3.318 2.833 2.594 4.754
1.868 2.167 2.365 1.715 1.666 1.485 1.590 1.354 1.243 1.169 1.304 1.532 1.276 1.493 1.311 1.053 1.030 1.025 1.104 0.955 1.060 0.966 0.901 0.857 0.761 0.733 0.739 0.727 0.707 0.729 0.761 0.798 0.789 0.830 0.854 0.855 0.810 1.308 1.023 1.331 1.492 1.259 1.028 1.144 1.218 1.450 1.862 2.240 2.747 2.937 2.709 2.635 2.755 2.775 3.446 4.391 3.733 4.095 4.410 4.339 4.271 4.140 4.350 4.236 5.089 5.180 4.658 4.000 3.915 3.879 3.802 3.839 3.864 3.802 5.789 4.229 3.492
2.469 2.407 2.357 2.263 2.265 2.005 1.744 1.591 1.388 1.724 2.194 2.445 4.135 4.020 3.670 3.842 2.087 1.027 0.919 1.194 1.368 1.212 0.844 0.985 0.874 0.848 0.823 0.846 0.887 0.938 0.966 1.026 1.001 0.967 1.010 1.122 1.370 1.549 1.423 1.390 1.442 1.273 1.336 1.385 1.364 1.546 2.087 2.558 3.139 3.289 3.371 2.942 3.451 3.186 4.581 3.747 4.255 4.343 4.414 4.251 4.188 4.087 4.051 3.937 3.859 3.893 3.962 4.047 3.942 7.315 3.566 3.674 3.656 6.367 5.896 2.166 2.085
2.704 2.744 2.729 2.629 2.639 2.363 2.107 2.068 2.065 2.102 3.730 3.147 4.901 5.822 4.111 8.310 7.681 4.660 3.572 1.476 1.366 1.305 1.196 1.114 1.161 1.122 1.101 1.038 1.094 1.135 1.299 1.197 1.164 1.184 1.225 1.353 1.435 1.557 1.597 1.653 1.497 1.292 1.266 1.368 1.617 1.938 2.449 2.596 2.933 3.311 3.736 3.859 3.889 3.979 4.789 4.254 4.343 4.264 4.285 4.101 4.051 3.958 3.933 3.927 3.960 3.939 3.896 3.854 3.644 5.449 3.834 2.815 3.267 3.246 5.996 3.433 2.667
2.827 2.854 2.926 2.900 2.940 2.981 3.279 2.917 2.095 2.186 3.762 3.316 2.895 2.999 3.087 3.203 3.256 6.727 7.377 5.057 2.824 1.491 1.430 1.274 1.224 1.320 1.344 1.353 1.266 1.309 1.450 1.339 1.406 1.338 1.256 1.344 1.620 1.696 1.603 1.679 1.804 1.671 1.590 1.684 1.866 1.965 2.325 3.083 3.084 3.071 3.787 4.017 4.350 4.369 4.497 4.471 4.387 4.329 4.222 4.058 3.880 3.814 3.716 3.743 3.740 3.766 3.661 3.671 4.959 6.269 4.040 2.611 2.899 3.046 2.612 3.207 2.302
2.874 2.885 2.950 2.980 3.424 3.986 2.985 2.906 2.760 2.691 2.685 2.774 2.885 2.961 3.077 3.130 3.257 3.456 5.077 6.997 6.588 2.143 1.333 1.963 1.677 1.804 1.620 1.402 1.362 1.364 1.399 1.462 1.489 1.421 1.496 1.521 1.610 1.540 1.603 2.125 1.836 1.802 1.996 2.065 2.124 2.354 2.437 2.790 3.139 3.133 3.267 3.697 4.165 4.307 4.489 4.413 4.306 4.210 3.978 3.849 3.641 3.602 3.550 3.540 3.578 3.659 3.472 3.698 4.214 3.337 3.901 2.900 2.182 2.810 2.882 3.044 2.283
3.098 4.108 3.310 3.079 3.033 3.025 2.945 2.960 2.906 2.923 2.901 2.944 2.975 3.054 3.177 3.164 3.230 3.349 3.489 6.798 8.378 5.050 2.248 1.401 2.526 1.992 1.512 1.187 1.135 1.168 1.314 1.549 1.545 1.534 1.709 1.884 1.926 1.941 2.056 2.003 2.111 2.201 2.335 2.629 2.749 2.975 2.797 3.119 3.863 3.515 3.259 3.556 3.945 4.099 4.376 4.442 4.392 4.197 4.058 3.878 3.634 3.524 3.428 3.413 3.367 3.395 3.274 6.778 4.802 3.480 3.906 2.466 2.264 2.692 2.963 3.317 2.570
3.342 3.384 3.347 3.361 3.282 3.203 3.186 3.200 3.199 3.286 3.236 3.250 3.291 3.382 3.327 3.259 3.257 3.302 3.305 3.493 3.661 8.593 5.844 3.855 1.471 2.114 1.924 1.188 1.219 1.096 1.157 1.416 1.593 1.730 2.012 2.262 2.413 2.441 2.370 2.399 2.600 2.789 2.707 3.024 2.890 3.216 3.194 3.526 4.514 4.089 4.163 3.449 3.713 3.971 4.208 4.885 4.795 4.503 4.166 4.087 3.876 3.665 3.487 3.442 3.338 3.194 3.087 3.087 2.848 2.902 3.212 2.674 2.381 2.524 3.317 3.246 3.250
3.681 3.700 3.649 3.627 3.573 3.505 3.544 3.479 3.494 3.679 3.663 3.738 3.669 3.670 3.593 3.496 3.371 3.302 3.290 3.371 3.366 3.255 5.791 3.355 1.349 2.396 1.576 1.553 1.413 1.192 1.327 1.527 1.720 2.081 2.487 2.923 3.083 3.003 3.029 2.801 2.960 2.895 3.115 3.459 3.371 3.380 3.775 4.782 4.050 5.251 4.789 3.841 3.861 4.139 4.550 4.946 4.728 4.379 4.121 3.919 3.733 3.553 3.313 3.117 2.956 2.848 2.832 2.818 2.727 2.594 2.181 2.598 2.777 2.780 3.869 4.215 3.362
4.170 4.103 4.234 4.160 4.141 3.927 3.883 3.894 3.819 3.961 4.102 3.917 3.745 3.696 3.523 3.460 3.333 3.090 3.082 2.988 2.941 3.143 5.325 2.649 1.455 1.747 1.110 1.611 0.995 1.231 1.525 1.690 2.060 2.508 2.812 2.997 3.060 3.134 2.719 3.052 3.018 3.382 3.695 3.998 4.259 4.312 4.464 4.535 4.765 4.722 4.474 4.397 4.363 5.128 5.635 5.042 4.496 4.212 4.060 3.936 3.548 3.267 2.829 2.779 2.678 2.618 2.611 2.499 4.710 3.565 3.247 3.772 2.812 3.060 2.836 2.883 2.705
4.715 4.760 4.849 4.700 4.568 4.319 4.292 4.211 4.235 4.241 4.009 3.901 3.828 3.692 3.469 3.380 3.170 3.171 2.943 2.810 2.828 2.983 5.086 2.691 1.164 1.351 1.111 1.357 0.954 1.303 1.432 1.816 2.251 2.615 2.955 3.062 3.129 3.114 2.886 3.189 3.616 3.527 3.990 4.194 4.541 4.961 5.593 6.384 6.602 6.690 6.090 5.696 5.381 5.506 5.128 4.594 4.332 4.096 3.913 3.512 3.053 2.738 2.606 2.497 2.342 2.367 2.364 2.219 4.419 2.493 1.854 1.632 1.951 2.556 2.172 2.642 2.809
5.371 5.086 4.752 4.505 4.513 4.394 4.225 4.133 4.025 3.824 3.663 3.545 3.595 3.402 3.291 3.109 2.800 2.500 2.362 2.273 2.188 1.886 4.571 3.529 1.525 3.723 -9999 1.191 1.315 1.433 1.309 1.621 2.089 2.764 3.183 3.205 3.341 3.460 3.232 3.376 3.352 3.631 3.782 5.527 6.819 7.287 7.494 7.463 7.009 6.253 5.694 5.035 5.012 4.664 4.352 4.093 3.754 3.332 2.960 2.692 2.441 2.306 2.149 2.050 1.973 1.844 1.841 2.018 2.540 2.194 1.967 1.666 2.189 2.121 1.509 2.366 1.729
4.893 4.653 4.443 4.226 4.223 4.074 3.873 3.801 3.678 3.510 3.467 3.406 3.238 3.009 2.773 2.559 2.336 2.135 1.978 1.796 1.643 1.385 1.051 1.820 1.710 -9999 11.822 1.568 1.172 1.439 1.366 1.620 2.364 3.038 3.373 3.507 3.766 3.797 3.721 3.463 3.474 4.016 5.041 6.489 6.572 6.359 6.210 6.031 5.695 5.212 4.851 4.466 4.252 3.912 3.694 3.420 3.225 3.041 2.562 2.245 2.028 1.893 1.823 1.679 1.650 1.646 1.624 1.679 2.762 2.158 1.825 1.284 1.617 1.863 2.201 2.119 1.509
4.191 4.139 4.125 3.881 3.844 3.687 3.474 3.403 3.274 3.205 3.134 2.983 2.898 2.599 2.327 2.044 1.865 1.723 1.548 1.361 1.215 1.092 0.913 1.900 1.769 1.115 2.988 3.540 2.044 1.345 1.240 1.582 2.178 3.103 3.878 4.214 4.353 4.127 3.856 3.646 3.933 4.692 5.981 5.672 5.296 5.182 5.094 4.902 4.594 4.338 4.033 3.521 3.546 3.280 3.001 2.744 2.490 2.379 2.080 1.865 1.684 1.622 1.465 1.323 1.319 1.341 1.354 1.370 1.472 1.828 1.338 0.940 0.936 0.877 0.763 1.021 1.145
3.459 3.464 3.605 3.528 3.424 3.119 2.906 2.867 2.747 2.717 2.563 2.382 2.206 2.015 1.801 1.554 1.383 1.248 1.114 0.969 0.848 0.790 0.726 0.671 0.458 0.829 0.632 4.382 2.923 2.208 1.071 1.280 1.970 2.906 4.340 4.791 4.907 4.569 4.082 4.056 4.286 5.183 4.675 4.380 4.424 4.576 4.486 4.400 4.317 4.077 3.706 3.282 2.851 2.551 2.358 2.244 2.111 1.989 1.758 1.540 1.390 1.306 1.109 0.973 0.913 0.915 0.943 0.812 1.047 1.021 -9999 0.577 0.433 0.359 0.294 0.469 0.814
2.796 2.903 3.038 2.896 2.687 2.395 2.228 2.029 1.957 1.980 1.853 1.816 1.704 1.488 1.337 1.196 1.120 1.016 0.888 0.743 0.677 0.617 0.602 0.488 0.349 0.400 0.399 1.395 3.992 1.761 0.954 1.157 1.829 3.142 4.690 5.103 4.750 4.040 4.465 4.090 3.229 3.626 3.557 3.597 3.930 4.084 3.990 3.956 3.864 3.536 2.949 2.367 2.177 2.013 1.977 1.899 1.698 1.562 1.372 1.236 1.042 0.894 0.736 0.656 0.972 0.929 0.456 0.517 0.470 0.359 1.017 0.285 0.139 0.331 0.372 0.299 0.211
2.411 2.471 2.541 2.447 2.264 1.871 1.674 1.509 1.504 1.485 1.407 1.378 1.374 1.139 1.061 0.993 0.969 0.884 0.794 0.705 0.654 0.610 0.572 0.474 0.372 0.269 0.258 0.478 2.129 5.539 1.116 0.992 1.621 2.319 2.965 3.180 3.143 2.913 3.222 4.052 3.202 2.807 2.687 3.082 3.531 3.856 3.795 3.619 3.326 2.800 2.359 2.008 1.755 1.800 1.707 1.641 1.443 1.316 1.076 0.917 0.748 0.616 0.495 0.410 0.422 0.391 0.286 -9999 -9999 -9999 -9999 -9999 0.325 0.377 0.791 -9999 -9999
1.998 1.940 1.934 1.843 1.767 1.468 1.340 1.185 1.160 1.167 1.123 1.088 1.022 0.887 0.901 0.898 0.880 0.810 0.774 0.768 0.770 0.717 0.661 0.547 0.508 0.426 0.412 0.612 1.361 3.910 2.485 1.250 2.110 2.115 2.336 2.148 1.881 2.086 3.619 4.209 3.220 1.863 2.024 2.626 3.194 3.538 3.708 3.342 2.865 2.383 2.072 1.743 1.581 1.494 1.399 1.310 1.121 0.977 0.822 0.702 0.583 0.496 0.411 0.368 0.350 0.204 0.305 -9999 -9999 -9999 -9999 -9999 0.135 -9999 -9999 -9999 -9999
1.608 1.552 1.511 1.454 1.380 1.357 1.305 1.221 1.137 1.021 1.094 0.956 0.864 0.847 0.848 0.891 0.939 0.901 0.885 0.888 0.899 0.885 0.802 0.669 0.658 0.693 0.776 0.841 1.086 3.898 3.359 2.228 4.131 4.540 2.112 2.420 3.049 3.455 4.200 4.020 4.544 4.443 3.579 2.785 3.414 3.676 3.532 2.905 2.480 2.001 1.684 1.421 1.365 1.194 1.075 0.975 0.877 0.769 0.662 0.560 0.487 0.426 0.418 0.402 0.440 0.242 0.535 -9999 -9999 -9999 -9999 -9999 -9999 -9999 -9999 -9999 -9999
1.377 1.407 1.333 1.268 1.180 1.150 1.213 1.159 1.144 4.592 1.009 0.898 0.886 0.930 0.914 0.990 1.028 1.002 1.028 1.021 1.043 1.097 1.138 1.067 1.143 1.280 1.550 1.737 1.704 2.308 2.381 2.962 3.358 7.501 7.376 4.883 4.352 3.444 2.796 2.866 6.120 6.115 4.890 7.150 8.987 9.077 3.145 2.473 2.198 1.758 1.391 1.204 1.201 1.113 1.018 0.905 0.792 0.721 0.639 0.564 0.502 0.460 0.444 0.442 0.509 0.296 0.355 0.449 0.383 -9999 -9999 -9999 -9999 -9999 -9999 -9999 -9999
1.298 1.313 1.198 1.149 1.095 1.098 1.117 1.144 1.128 1.050 1.035 1.014 0.973 1.078 1.116 1.247 1.330 1.327 1.360 1.413 1.532 1.715 1.793 1.947 2.286 2.601 2.755 2.963 2.922 2.725 2.739 2.470 4.733 4.108 5.143 9.524 10.534 8.883 11.860 4.121 3.573 3.095 2.730 2.497 2.846 2.592 2.249 5.382 1.911 1.721 1.463 1.305 1.253 1.273 1.212 1.067 0.952 0.940 0.882 0.841 0.822 0.742 0.727 0.693 0.921 0.781 -9999 -9999 -9999 -9999 -9999 -9999 -9999 -9999 -9999 -9999 -9999
1.639 1.662 1.567 1.549 1.543 1.614 1.673 1.645 1.648 1.596 1.455 1.452 1.466 1.575 1.756 1.931 2.253 2.484 2.729 2.984 3.228 3.645 4.230 4.760 5.286 5.406 5.473 5.551 5.375 4.877 4.527 4.468 4.440 4.245 5.424 9.827 11.105 9.922 15.689 7.657 4.184 2.602 1.717 1.295 1.560 1.773 2.079 2.497 2.610 2.600 2.241 1.996 2.097 2.124 1.960 1.781 1.574 1.512 1.505 1.607 1.546 1.397 1.420 1.397 1.561 1.705 -9999 -9999 -9999 -9999 -9999 -9999 -9999 -9999 -9999 -9999 -9999
2.798 2.768 2.598 2.723 2.870 3.006 3.075 3.092 3.215 3.306 3.312 3.353 3.300 3.467 3.630 3.931 4.496 4.910 5.337 5.787 6.232 6.705 7.499 8.375 9.126 9.340 9.367 9.089 8.703 7.964 7.220 6.632 5.553 4.989 4.804 4.234 5.354 8.445 14.350 7.950 6.218 6.376 7.553 3.657 4.647 5.655 5.742 6.484 2.769 2.842 2.837 2.777 2.815 2.982 2.815 2.747 2.778 2.984 3.228 3.189 3.214 3.098 3.546 3.493 3.515 4.164 4.903 4.235 -9999 -9999 -9999 -9999 -9999 -9999 -9999 -9999 -9999
5.270 5.128 5.093 5.183 5.381 5.751 5.917 6.030 6.190 6.298 6.349 6.366 6.676 6.739 6.826 7.139 7.756 8.050 8.312 8.395 8.783 9.115 9.703 9.982 10.261 10.391 10.607 10.660 10.422 9.812 9.145 8.864 8.450 7.958 6.950 5.747 5.185 7.789 12.486 9.429 12.459 10.307 8.763 7.441 6.309 5.112 4.545 6.273 6.749 2.529 3.169 3.746 4.073 4.646 4.847 5.018 5.250 5.542 5.921 6.094 6.156 6.108 6.358 6.285 5.794 5.793 8.029 6.917 5.120 3.571 3.197 3.595 3.594 3.275 3.462 3.372 3.394
7.400 7.180 7.151 7.184 7.013 7.228 7.211 7.275 7.078 7.066 6.802 6.569 6.451 6.258 6.264 6.197 6.318 6.351 6.361 6.384 6.385 6.543 6.544 6.475 6.501 6.310 6.393 6.858 7.151 7.083 7.009 7.293 7.806 8.509 9.142 9.823 10.117 10.079 9.592 8.337 16.052 33.221 10.853 17.681 7.940 7.880 8.110 7.445 8.199 6.210 6.101 4.144 3.835 4.926 5.861 6.787 7.406 7.891 8.025 8.360 8.430 8.426 7.606 6.861 6.268 5.794 6.436 6.736 5.500 3.747 3.699 3.893 3.270 3.963 5.192 5.544 4.732
