data-raw/precipfiles/03_grid_data_3000BP.asc
ncols 144
nrows 72
xllcorner -180
yllcorner -90
cellsize 2.5
nodata_value -9999
[rows 34 to 67 of 72, columns 0 to 76 of 144]
5.823 5.410 5.246 4.993 4.698 4.634 4.562 4.360 4.138 4.009 3.586 3.487 3.263 3.128 3.053 3.063 3.034 2.952 2.937 3.016 3.080 3.203 3.032 2.922 2.768 2.672 2.659 2.830 3.075 3.203 3.258 3.885 4.517 5.082 5.465 5.770 5.533 4.492 3.597 4.215 13.641 8.123 6.927 7.749 10.400 10.320 9.095 6.571 6.235 6.389 8.806 10.650 4.006 5.130 5.405 6.392 6.893 7.425 7.401 7.262 7.138 7.000 6.506 6.122 5.243 4.551 4.144 3.941 4.084 4.313 3.351 3.798 3.004 3.610 5.648 6.897 5.154
3.453 3.235 2.870 2.432 2.390 2.652 2.712 2.483 2.271 2.220 2.068 1.955 1.699 1.684 1.670 1.689 1.687 1.577 1.546 1.508 1.510 1.455 1.418 1.380 1.353 1.356 1.347 1.400 1.518 1.601 1.659 1.805 1.923 1.960 1.758 1.583 1.495 1.343 1.204 1.727 6.498 7.156 7.530 7.675 8.731 11.751 9.658 8.871 8.596 6.924 6.563 8.980 9.052 4.022 3.838 4.512 4.832 5.276 5.063 4.598 4.128 3.795 3.302 3.108 2.631 2.283 1.994 1.914 1.788 1.900 2.140 2.390 2.658 2.803 2.979 6.639 5.187
3.144 3.104 2.558 2.197 2.125 2.332 2.417 2.221 2.004 1.911 1.905 1.822 1.649 1.559 1.578 1.531 1.448 1.380 1.357 1.378 1.366 1.333 1.285 1.238 1.205 1.155 1.062 1.069 1.097 1.132 1.188 1.149 1.137 1.113 1.027 0.934 0.866 0.795 0.858 2.287 5.506 7.515 8.026 9.675 8.067 7.639 17.420 10.733 10.126 9.847 4.952 6.553 8.509 7.177 5.552 3.082 3.305 3.475 3.287 2.845 2.354 2.013 1.705 1.334 1.008 0.874 0.802 0.805 0.882 0.984 1.192 1.424 1.699 1.922 2.329 4.215 4.863
4.412 3.913 3.491 3.124 2.955 2.741 2.607 2.326 2.115 1.916 1.857 1.858 1.812 1.738 1.718 1.636 1.558 1.479 1.358 1.333 1.361 1.333 1.380 1.296 1.253 1.225 1.140 1.155 1.161 1.160 1.144 1.128 1.065 1.000 1.020 1.033 1.000 0.804 0.615 1.409 4.131 6.279 7.839 12.836 8.168 6.580 7.429 7.119 6.503 6.728 5.512 5.310 6.008 5.026 4.725 3.247 2.713 2.686 2.608 2.531 2.176 1.901 1.365 1.042 0.733 0.612 0.557 0.508 0.504 0.513 0.560 0.659 0.859 1.091 1.422 2.638 3.664
6.307 5.831 5.380 5.059 4.618 4.140 3.718 3.362 2.891 2.470 2.232 2.007 1.864 1.747 1.598 1.417 1.291 1.179 1.083 0.988 0.952 0.969 1.055 1.010 1.043 0.982 0.919 0.855 0.878 0.823 0.817 0.811 0.766 0.794 0.850 0.785 0.726 0.605 0.404 0.491 2.207 4.438 6.312 58.900 41.621 7.806 5.224 5.930 6.060 6.722 8.307 -9999 -9999 -9999 3.194 2.255 2.234 2.119 3.471 1.683 1.290 1.072 0.781 0.557 0.408 0.318 0.275 0.218 0.182 0.172 0.209 0.214 0.277 0.399 0.590 0.916 2.109
6.992 6.731 6.569 6.466 5.877 5.507 5.001 4.575 4.049 3.585 3.137 2.703 2.474 2.107 1.768 1.467 1.252 1.139 0.990 0.834 0.729 0.659 0.629 0.553 0.523 0.470 0.417 0.377 0.385 0.390 0.399 0.388 0.364 0.425 0.453 0.379 0.406 0.408 0.281 0.123 1.326 6.003 5.279 7.419 12.188 23.348 6.167 6.251 6.001 6.351 -9999 -9999 21.818 10.061 2.203 1.589 1.712 2.759 4.268 1.202 0.812 0.565 0.447 0.352 0.269 0.195 0.158 0.133 0.127 0.132 0.152 0.152 0.135 0.139 0.186 0.286 0.594
6.739 6.592 6.502 6.532 6.157 5.978 5.733 5.376 4.862 4.332 3.911 3.382 2.952 2.551 2.166 1.850 1.577 1.383 1.128 0.914 0.761 0.617 0.511 0.428 0.347 0.309 0.241 0.215 0.207 0.200 0.195 0.186 0.165 0.165 0.185 0.192 0.215 0.244 0.201 0.091 0.501 2.582 5.219 5.891 6.478 8.817 63.288 10.357 13.407 13.690 -9999 -9999 18.682 3.672 2.177 1.738 2.274 3.506 1.245 0.878 0.622 0.464 0.392 0.320 0.244 0.193 0.149 0.135 0.129 0.128 0.138 0.146 0.148 0.127 0.116 0.137 0.332
5.698 5.776 5.819 5.811 5.564 5.620 5.638 5.484 5.185 4.824 4.415 4.039 3.415 2.919 2.542 2.338 2.218 1.937 1.672 1.411 1.189 0.968 0.718 0.589 0.516 0.438 0.342 0.278 0.225 0.223 0.225 0.189 0.162 0.143 0.149 0.159 0.172 0.198 0.227 0.123 0.104 0.688 2.412 5.385 5.610 5.766 5.927 5.778 5.645 4.990 4.928 4.584 4.287 3.586 2.232 1.995 3.627 1.464 1.227 0.863 0.618 0.461 0.373 0.327 0.265 0.226 0.183 0.163 0.148 0.141 0.136 0.141 0.155 0.158 0.146 0.133 0.367
4.125 4.332 4.607 4.743 4.911 5.015 4.960 4.798 4.786 4.796 4.633 4.331 3.833 3.445 3.065 2.846 2.737 2.535 2.228 1.939 1.592 1.360 1.009 0.780 0.655 0.556 0.443 0.363 0.296 0.264 0.243 0.222 0.195 0.178 0.183 0.189 0.197 0.211 0.243 0.186 0.116 0.074 0.514 1.139 2.285 5.805 5.969 4.227 4.202 4.254 4.749 4.173 4.040 3.465 2.688 2.436 3.327 1.661 1.421 1.101 0.742 0.581 0.451 0.373 0.303 0.268 0.241 0.213 0.190 0.175 0.170 0.183 0.197 0.201 0.193 0.111 0.205
3.527 3.663 3.926 4.212 4.446 4.395 4.432 4.392 4.380 4.504 4.522 4.401 4.001 3.730 3.378 3.313 3.216 2.915 2.681 2.421 2.104 1.713 1.331 1.097 0.974 0.825 0.631 0.525 0.431 0.386 0.334 0.286 0.257 0.234 0.219 0.216 0.237 0.247 0.250 0.215 0.144 0.107 0.105 0.081 0.707 1.603 2.907 3.393 3.600 4.055 4.553 4.282 4.089 3.983 3.621 3.233 3.162 2.086 1.844 1.350 1.033 0.760 0.554 0.441 0.363 0.335 0.309 0.273 0.236 0.216 0.204 0.212 0.234 0.234 0.207 0.125 0.216
3.555 3.686 3.749 3.873 4.092 4.169 4.027 4.127 4.232 4.321 4.304 4.375 4.440 4.305 4.185 4.087 3.897 3.502 3.198 2.941 2.673 2.274 1.836 1.548 1.326 1.221 0.998 0.816 0.688 0.608 0.545 0.473 0.400 0.338 0.293 0.267 0.255 0.255 0.240 0.224 0.172 0.120 0.081 0.039 0.266 1.228 3.010 2.534 3.542 4.674 4.786 3.986 4.239 4.629 4.572 4.014 2.705 2.718 2.644 2.118 1.659 1.317 0.962 0.727 0.534 0.461 0.405 0.358 0.303 0.263 0.239 0.237 0.244 0.242 0.218 0.154 0.128
3.577 3.766 3.873 3.915 4.128 4.300 4.251 4.303 4.306 4.361 4.297 4.436 4.633 4.751 4.682 4.613 4.442 4.160 3.818 3.507 3.220 2.914 2.566 2.254 2.018 1.848 1.615 1.425 1.247 1.093 0.936 0.812 0.701 0.601 0.465 0.391 0.348 0.308 0.271 0.241 0.225 0.156 0.111 0.040 0.284 1.985 2.767 2.743 3.920 5.566 5.297 4.758 4.540 5.231 5.446 3.999 3.358 3.898 3.500 3.071 2.585 2.162 1.673 1.373 1.052 0.804 0.648 0.539 0.458 0.382 0.324 0.281 0.257 0.243 0.228 0.196 0.146
3.575 3.757 3.905 4.050 4.242 4.397 4.385 4.468 4.449 4.390 4.357 4.473 4.615 4.821 4.948 5.089 4.877 4.695 4.480 4.264 3.970 3.586 3.284 2.973 2.846 2.690 2.419 2.101 1.911 1.807 1.579 1.356 1.183 1.001 0.782 0.642 0.524 0.435 0.341 0.296 0.261 0.219 0.151 0.095 0.401 2.136 2.438 3.211 4.396 5.582 6.191 5.761 5.559 3.922 3.712 4.022 4.288 4.674 4.395 4.037 3.589 3.041 2.503 2.091 1.762 1.416 1.241 0.963 0.737 0.617 0.489 0.400 0.346 0.291 0.266 0.240 0.213
3.426 3.535 3.656 3.961 4.231 4.250 4.257 4.302 4.279 4.240 4.230 4.322 4.487 4.691 4.811 5.076 5.000 4.863 4.796 4.904 4.552 4.149 3.844 3.599 3.474 3.392 3.226 2.962 2.662 2.497 2.236 1.985 1.759 1.540 1.246 1.001 0.807 0.664 0.526 0.443 0.383 0.313 0.222 0.264 0.566 1.212 2.119 3.050 4.235 5.624 6.097 5.443 5.349 4.062 4.168 4.469 4.650 4.965 4.861 4.620 4.389 4.181 3.557 3.066 2.709 2.336 1.878 1.567 1.201 0.957 0.764 0.606 0.521 0.428 0.373 0.345 0.349
3.207 3.220 3.298 3.550 3.654 3.776 3.953 4.012 3.994 3.981 3.840 4.003 4.062 4.372 4.503 4.677 4.652 4.651 4.726 4.867 4.729 4.460 4.315 4.185 4.051 3.772 3.620 3.522 3.371 3.163 2.888 2.628 2.334 2.048 1.777 1.515 1.236 1.046 0.879 0.743 0.611 0.508 0.360 0.847 0.623 1.609 2.547 3.085 3.759 4.521 4.972 4.838 4.455 4.559 4.643 4.788 4.971 5.259 5.134 4.888 4.664 4.442 4.064 3.582 3.374 3.035 2.709 2.537 1.951 1.722 1.323 1.088 0.932 0.780 0.726 0.623 0.627
2.948 2.977 3.089 3.169 3.384 3.593 3.692 3.797 3.905 3.821 3.835 3.898 3.930 4.049 4.093 4.312 4.370 4.482 4.553 4.531 4.588 4.535 4.402 4.301 4.171 3.959 3.873 3.743 3.640 3.426 3.134 3.058 2.876 2.620 2.344 2.088 1.806 1.594 1.384 1.141 0.929 0.724 0.684 2.043 1.336 1.995 2.650 2.998 3.776 4.263 4.464 4.090 4.253 4.596 4.714 4.849 4.877 5.202 5.080 5.050 4.885 4.667 4.397 4.007 3.811 3.438 3.127 2.786 2.695 2.316 2.131 1.779 1.574 1.362 1.172 1.033 0.932
2.563 2.598 2.674 2.826 3.046 3.274 3.421 3.504 3.458 3.484 3.589 3.626 3.603 3.725 3.855 3.870 4.089 4.185 4.227 4.180 4.213 4.197 4.089 4.071 4.007 3.916 3.930 3.910 3.764 3.554 3.317 3.211 3.023 2.912 2.718 2.464 2.177 1.979 1.788 1.579 1.329 1.037 3.819 3.130 1.550 1.848 2.477 2.941 3.142 3.266 3.814 3.818 3.959 4.290 4.512 4.735 4.652 4.870 4.825 4.797 4.774 4.604 4.520 4.283 4.085 3.875 3.504 3.240 3.200 2.947 2.869 2.586 2.374 2.047 1.877 1.665 1.575
2.567 2.549 2.492 2.567 2.904 3.192 3.299 3.391 3.465 3.340 3.391 3.364 3.301 3.398 3.462 3.642 3.849 3.947 3.958 3.933 4.074 3.950 3.810 3.825 3.909 3.889 3.872 3.771 3.691 3.529 3.489 3.510 3.286 3.194 3.026 2.829 2.566 2.365 2.197 2.028 1.817 1.376 4.370 3.369 1.326 1.258 1.662 2.633 2.809 3.438 3.376 3.414 3.794 4.128 4.374 4.564 4.461 4.575 4.533 4.525 4.491 4.488 4.525 4.549 4.470 4.167 3.858 3.738 3.499 3.414 3.356 3.288 3.103 2.815 2.612 2.390 2.284
2.330 2.348 2.488 2.392 2.539 2.725 2.827 2.929 2.867 2.888 2.840 2.875 3.011 3.124 3.126 3.108 3.107 3.360 3.494 3.609 3.711 3.758 3.801 3.795 3.637 3.686 3.541 3.706 3.596 3.572 3.451 3.546 3.421 3.362 3.097 3.094 2.842 2.679 2.516 2.466 2.230 2.460 5.161 3.794 1.142 0.951 1.208 1.938 2.529 2.727 3.233 3.459 3.552 3.426 3.504 3.787 3.728 3.783 3.984 4.099 4.109 4.284 4.014 3.940 3.846 3.930 3.833 3.674 3.524 3.426 3.424 3.375 3.301 3.210 2.977 2.900 2.723
2.280 2.074 2.339 2.379 2.385 2.362 2.442 2.478 2.471 2.489 2.507 2.587 2.616 2.791 2.728 2.657 2.710 2.852 2.893 2.992 3.029 3.050 3.170 3.182 3.063 3.153 3.088 3.134 3.032 3.188 3.070 3.160 3.060 3.059 3.017 2.904 2.833 2.772 2.564 2.576 2.519 2.834 6.114 4.471 0.925 0.906 1.553 2.349 2.373 2.755 3.110 3.246 3.217 3.157 3.172 3.258 3.124 3.298 3.416 3.640 3.661 3.795 3.642 3.567 3.487 3.509 3.556 3.459 3.354 3.324 3.184 3.260 3.299 3.275 3.039 3.180 3.032
2.247 2.341 2.332 2.373 2.353 2.347 2.282 2.358 2.337 2.385 2.351 2.359 2.422 2.465 2.508 2.551 2.563 2.657 2.686 2.650 2.710 2.739 2.729 2.764 2.733 2.752 2.737 2.787 2.742 2.810 2.812 2.855 2.854 2.897 2.734 2.816 2.660 2.783 2.708 2.727 2.791 3.176 4.294 1.580 0.957 0.889 2.231 2.309 2.272 2.498 2.721 2.990 3.071 3.071 3.055 3.150 3.172 3.135 3.227 3.206 3.140 3.150 3.085 3.155 3.181 3.146 3.072 3.037 3.059 2.967 3.005 3.030 3.105 3.120 3.081 3.177 3.148
2.146 2.317 2.357 2.378 2.398 2.353 2.283 2.330 2.344 2.419 2.301 2.344 2.379 2.322 2.394 2.453 2.464 2.481 2.425 2.449 2.472 2.484 2.415 2.477 2.500 2.524 2.514 2.514 2.509 2.544 2.611 2.595 2.579 2.667 2.598 2.571 2.547 2.650 2.694 2.788 3.012 2.825 2.491 1.238 0.974 0.989 2.339 2.326 2.266 2.339 2.516 2.772 2.945 2.991 2.947 3.004 3.014 2.937 2.930 2.952 2.918 2.977 2.980 2.949 2.842 2.877 2.952 2.885 2.838 2.802 2.823 2.843 2.820 2.894 2.896 2.930 2.880
2.231 2.234 2.277 2.314 2.256 2.311 2.307 2.324 2.325 2.411 2.421 2.435 2.395 2.403 2.407 2.399 2.444 2.473 2.446 2.433 2.429 2.422 2.347 2.376 2.389 2.442 2.409 2.449 2.434 2.470 2.471 2.514 2.500 2.542 2.561 2.592 2.579 2.608 2.642 2.780 3.027 4.016 4.239 1.357 0.996 2.544 2.662 2.534 2.221 2.566 2.536 2.638 2.769 2.690 2.702 2.719 2.762 2.758 2.772 2.836 2.891 2.909 2.863 2.848 2.858 2.874 2.823 2.796 2.735 2.774 2.738 2.783 2.767 2.769 2.807 2.841 2.830
2.378 2.413 2.363 2.393 2.384 2.419 2.413 2.485 2.471 2.490 2.526 2.585 2.562 2.596 2.588 2.611 2.579 2.605 2.578 2.599 2.580 2.602 2.493 2.502 2.460 2.474 2.472 2.561 2.552 2.612 2.579 2.571 2.572 2.628 2.606 2.649 2.659 2.651 2.714 2.794 3.004 3.351 5.548 2.495 1.413 2.282 3.028 2.964 2.790 2.787 2.750 2.798 2.800 2.805 2.797 2.757 2.788 3.000 2.905 2.924 2.886 2.918 2.916 2.971 2.980 2.967 2.949 2.905 2.825 2.781 2.786 2.792 2.731 2.709 2.758 2.841 2.828
2.662 2.692 2.607 2.609 2.572 2.613 2.672 2.754 2.720 2.714 2.718 2.753 2.743 2.766 2.806 2.853 2.879 2.858 2.866 2.851 2.832 2.873 2.807 2.785 2.737 2.770 2.731 2.775 2.817 2.868 2.845 2.865 2.849 2.849 2.837 2.854 2.844 2.866 2.828 2.948 3.027 3.212 3.358 2.722 2.532 3.024 3.541 3.310 3.061 3.011 2.954 2.977 2.949 2.979 2.983 2.981 2.991 3.019 3.069 3.090 3.016 2.997 3.031 3.046 3.017 3.031 2.999 2.936 2.926 2.948 2.914 2.858 2.819 2.806 2.854 2.850 2.889
2.785 2.882 2.823 2.783 2.706 2.731 2.740 2.797 2.741 2.718 2.692 2.717 2.709 2.723 2.762 2.848 2.872 2.889 2.886 2.880 2.853 2.851 2.809 2.775 2.746 2.769 2.744 2.763 2.785 2.863 2.861 2.870 2.832 2.834 2.807 2.816 2.779 2.806 2.800 2.834 2.888 2.987 2.981 2.985 2.903 3.020 3.016 3.000 2.908 2.915 2.861 2.876 2.823 2.847 2.799 2.807 2.763 2.738 2.728 2.725 2.656 2.696 2.746 2.728 2.666 2.659 2.613 2.630 2.601 2.633 2.606 2.562 2.496 2.536 2.562 2.579 2.581
2.445 2.552 2.557 2.521 2.452 2.440 2.394 2.362 2.299 2.299 2.277 2.300 2.281 2.275 2.247 2.306 2.368 2.394 2.427 2.410 2.394 2.372 2.357 2.344 2.332 2.351 2.352 2.331 2.346 2.392 2.378 2.373 2.339 2.336 2.319 2.351 2.342 2.393 2.414 2.405 2.428 2.476 2.475 2.448 2.384 2.405 2.379 2.379 2.343 2.401 2.400 2.356 2.221 2.213 2.162 2.109 2.048 2.051 2.025 2.019 2.022 2.076 2.070 2.065 2.024 2.014 1.984 2.015 2.001 2.012 2.043 2.029 1.958 1.957 1.987 2.003 2.008
1.926 1.972 1.971 1.942 1.898 1.875 1.846 1.793 1.767 1.764 1.739 1.763 1.744 1.724 1.708 1.713 1.743 1.780 1.842 1.866 1.864 1.872 1.865 1.886 1.907 1.914 1.893 1.873 1.889 1.913 1.890 1.891 1.887 1.873 1.880 1.904 1.921 1.957 1.963 1.969 1.971 1.981 2.016 2.029 2.022 2.056 2.125 2.253 2.354 2.423 2.027 1.783 1.610 1.555 1.464 1.450 1.421 1.417 1.406 1.433 1.442 1.462 1.444 1.446 1.406 1.404 1.381 1.373 1.364 1.383 1.445 1.456 1.416 1.406 1.383 1.407 1.425
1.389 1.374 1.401 1.405 1.398 1.370 1.368 1.391 1.383 1.360 1.341 1.322 1.344 1.347 1.371 1.386 1.418 1.438 1.477 1.480 1.507 1.509 1.543 1.566 1.610 1.640 1.657 1.644 1.672 1.707 1.714 1.732 1.759 1.748 1.780 1.778 1.784 1.812 1.804 1.762 1.722 1.745 1.767 1.784 1.755 1.987 2.284 2.332 2.131 1.856 1.575 1.443 1.294 1.249 1.194 1.190 1.168 1.183 1.179 1.201 1.166 1.174 1.155 1.153 1.119 1.087 1.074 1.054 1.039 1.036 1.076 1.093 1.105 1.099 1.110 1.119 1.127
1.257 1.250 1.268 1.294 1.281 1.281 1.300 1.324 1.335 1.312 1.288 1.250 1.246 1.254 1.284 1.310 1.340 1.361 1.393 1.427 1.492 1.493 1.502 1.506 1.516 1.545 1.572 1.582 1.614 1.638 1.667 1.662 1.698 1.700 1.703 1.712 1.702 1.717 1.691 1.674 1.683 1.729 1.832 1.933 1.940 2.120 2.149 2.029 1.856 1.640 1.474 1.359 1.226 1.180 1.115 1.115 1.107 1.125 1.098 1.090 1.058 1.051 1.003 0.987 0.952 0.944 0.921 0.916 0.908 0.896 0.870 0.877 0.886 0.935 0.960 0.952 0.925
1.089 1.043 1.055 1.054 1.087 1.088 1.108 1.120 1.137 1.132 1.114 1.098 1.100 1.088 1.121 1.151 1.190 1.219 1.230 1.246 1.197 1.196 1.213 1.212 1.297 1.323 1.410 1.431 1.482 1.491 1.495 1.517 1.538 1.496 1.434 1.445 1.421 1.439 1.468 1.479 1.533 1.693 1.885 2.002 1.684 1.708 1.710 1.764 1.643 1.431 1.385 1.308 1.190 1.152 1.056 1.019 0.976 0.984 0.925 0.909 0.860 0.851 0.800 0.770 0.714 0.753 0.803 0.859 0.862 0.794 0.685 0.611 0.491 0.537 0.537 0.543 0.499
0.984 0.948 0.930 0.928 0.970 0.979 1.000 0.998 1.002 0.998 1.005 1.007 1.005 1.023 1.086 1.119 1.200 1.255 1.263 1.335 1.369 1.399 1.382 1.340 1.421 1.423 1.553 1.543 1.562 1.582 1.719 1.820 1.848 1.800 1.718 1.664 1.476 1.431 1.425 1.448 1.506 1.533 1.531 1.520 1.413 1.436 1.481 1.508 1.401 1.274 1.273 1.217 1.129 1.109 1.022 0.984 0.914 0.893 0.823 0.809 0.750 0.765 0.719 0.728 0.670 0.751 0.711 0.710 0.622 0.727 0.652 0.646 0.508 0.629 0.614 0.719 0.608
0.757 0.768 0.794 0.820 0.887 0.914 0.955 0.937 0.933 0.958 1.018 1.108 1.232 1.377 1.460 1.625 1.578 1.717 1.642 1.586 1.421 1.428 1.372 1.359 1.508 1.573 1.720 1.692 1.648 1.610 1.567 1.555 1.527 1.556 1.513 1.490 1.385 1.353 1.358 1.358 1.370 1.362 1.320 1.290 1.184 1.118 1.084 1.035 1.120 1.100 1.097 1.057 0.989 0.949 0.887 0.863 0.783 0.785 0.729 0.752 0.696 0.726 0.661 0.673 0.536 0.536 0.404 0.432 0.361 0.403 0.306 0.297 0.237 0.237 0.200 0.221 0.191
0.505 0.539 0.602 0.639 0.704 0.735 0.803 0.800 0.820 0.895 0.981 1.042 1.090 1.171 1.222 1.266 1.260 1.254 1.207 1.233 1.179 1.200 1.101 1.101 1.115 1.123 1.173 1.167 1.162 1.157 1.141 1.123 1.073 1.088 1.042 1.036 1.029 0.987 1.001 0.930 0.950 0.910 0.891 0.859 0.859 0.811 0.823 0.782 0.813 0.814 0.816 0.851 0.812 0.764 0.739 0.716 0.685 0.738 0.730 0.744 0.659 0.647 0.547 0.534 0.369 0.354 0.258 0.251 0.196 0.188 0.148 0.152 0.132 0.134 0.120 0.121 0.111
