data-raw/precipfiles/04_grid_data_4000BP.asc
ncols 144
nrows 72
xllcorner -180
yllcorner -90
cellsize 2.5
nodata_value -9999
[rows 0 to 33 of 72, columns 0 to 76 of 144]
0.467 0.477 0.493 0.484 0.450 0.476 0.476 0.483 0.511 0.520 0.486 0.496 0.503 0.511 0.489 0.477 0.495 0.499 0.494 0.483 0.464 0.488 0.482 0.503 0.490 0.487 0.499 0.482 0.488 0.490 0.490 0.475 0.469 0.472 0.485 0.488 0.461 0.473 0.469 0.478 0.497 0.520 0.495 0.494 0.514 0.506 0.515 0.510 0.483 0.500 0.500 0.505 0.521 0.523 0.525 0.517 0.504 0.528 0.521 0.509 0.512 0.520 0.513 0.530 0.524 0.523 0.547 0.533 0.538 0.532 0.543 0.550 0.567 0.572 0.555 0.572 0.559
0.484 0.475 0.483 0.472 0.463 0.455 0.464 0.464 0.464 0.465 0.462 0.456 0.459 0.463 0.460 0.460 0.458 0.462 0.461 0.457 0.455 0.462 0.460 0.470 0.459 0.458 0.445 0.459 0.441 0.449 0.452 0.447 0.439 0.436 0.420 0.426 0.416 0.418 0.427 0.455 0.422 0.425 0.421 0.418 0.428 0.426 0.424 0.421 0.441 0.417 0.416 0.412 0.404 0.406 0.398 0.407 0.391 0.423 0.419 0.402 0.407 0.404 0.413 0.408 0.411 0.422 0.425 0.430 0.434 0.441 0.447 0.440 0.436 0.447 0.450 0.449 0.452
0.455 0.461 0.459 0.446 0.447 0.448 0.444 0.435 0.427 0.430 0.436 0.427 0.437 0.436 0.429 0.429 0.431 0.431 0.431 0.427 0.433 0.424 0.420 0.425 0.415 0.419 0.417 0.420 0.426 0.424 0.419 0.409 0.400 0.399 0.390 0.395 0.404 0.413 0.439 0.450 0.450 0.448 0.457 0.455 0.462 0.472 0.460 0.449 0.397 0.381 0.356 0.359 0.346 0.343 0.360 0.341 0.357 0.375 0.416 0.436 0.441 0.425 0.421 0.385 0.397 0.392 0.426 0.434 0.442 0.443 0.437 0.444 0.455 0.459 0.459 0.475 0.481
0.507 0.504 0.501 0.491 0.485 0.488 0.478 0.468 0.463 0.455 0.467 0.453 0.444 0.446 0.441 0.431 0.434 0.439 0.425 0.429 0.422 0.422 0.413 0.419 0.406 0.423 0.412 0.414 0.420 0.431 0.425 0.438 0.417 0.446 0.483 0.410 0.405 0.405 0.416 0.427 0.404 0.431 0.598 0.548 0.391 0.383 0.394 0.425 0.373 0.348 0.319 0.327 0.317 0.289 0.279 0.253 0.276 0.297 0.357 0.374 0.385 0.406 0.459 0.412 0.570 0.826 0.627 0.525 0.526 0.510 0.507 0.537 0.596 0.634 0.671 0.691 0.683
0.556 0.550 0.553 0.542 0.528 0.528 0.505 0.498 0.480 0.476 0.469 0.461 0.449 0.454 0.445 0.436 0.434 0.434 0.426 0.426 0.413 0.408 0.403 0.402 0.407 0.395 0.403 0.424 0.396 0.416 0.432 0.456 0.451 0.491 0.375 0.404 0.394 0.380 0.412 0.444 0.454 0.462 0.475 0.461 0.446 0.431 0.372 0.348 0.299 0.331 0.275 0.344 0.289 0.274 0.230 0.208 0.215 0.205 0.233 0.232 0.271 0.308 0.398 0.506 0.633 0.485 0.572 0.570 0.601 0.615 0.671 0.752 0.822 0.902 0.951 0.980 1.278
0.592 0.590 0.591 0.584 0.576 0.574 0.561 0.553 0.546 0.530 0.514 0.504 0.488 0.487 0.478 0.465 0.449 0.448 0.433 0.434 0.426 0.425 0.433 0.490 0.427 0.537 0.547 0.502 0.454 0.326 0.432 0.495 0.363 0.399 0.431 0.457 0.473 0.513 0.503 0.475 0.494 0.684 0.689 0.651 0.490 0.441 0.414 0.386 0.369 0.355 0.441 0.423 0.407 0.364 0.305 0.283 0.242 0.217 0.195 0.202 0.266 0.299 0.407 0.529 0.796 0.674 0.808 0.814 0.893 0.941 1.038 1.062 1.054 1.072 1.080 1.112 1.139
0.686 0.712 0.717 0.719 0.701 0.684 0.641 0.610 0.608 0.592 0.566 0.556 0.551 0.559 0.544 0.532 0.517 0.508 0.493 0.477 0.471 0.450 0.569 0.372 0.367 0.377 0.367 0.352 0.301 0.298 0.462 0.510 0.386 0.446 0.454 0.509 0.534 0.543 0.561 0.517 0.543 0.659 0.674 0.659 0.687 0.728 0.767 0.864 0.925 0.635 0.526 0.730 0.657 0.628 0.505 0.487 0.363 0.346 0.335 0.375 0.666 0.474 0.703 0.782 1.113 1.155 1.342 1.367 1.443 1.421 1.387 1.363 1.329 1.329 1.340 1.376 1.366
0.919 0.671 0.926 0.959 0.982 0.934 0.811 0.751 0.512 0.473 0.458 0.433 0.397 0.597 0.618 0.702 0.706 0.705 0.638 0.481 0.459 0.369 0.402 0.447 0.447 0.482 0.426 0.401 0.368 0.350 0.345 0.491 0.566 0.472 0.492 0.475 0.557 0.616 0.604 0.590 0.563 0.577 0.583 0.601 0.742 0.800 0.961 1.103 1.254 1.260 0.945 0.842 0.951 1.007 0.875 0.767 0.590 0.549 0.610 0.657 0.968 1.048 1.403 1.242 1.816 1.805 1.959 1.997 1.991 1.930 1.825 1.817 1.751 1.754 1.741 1.766 1.723
1.931 1.360 1.325 1.443 1.518 1.307 1.172 1.053 0.985 0.864 0.756 0.728 0.680 0.645 0.645 0.706 0.739 0.711 0.588 0.564 0.487 0.524 0.518 0.502 0.566 0.586 0.456 0.423 0.389 0.383 0.435 0.395 0.422 0.470 0.505 0.582 0.668 0.594 0.632 0.622 0.604 0.674 0.719 0.677 0.764 0.841 1.103 1.677 1.939 1.983 1.415 1.184 1.071 1.265 1.171 1.631 2.076 2.353 2.787 2.963 2.576 2.410 2.619 3.276 3.044 2.905 2.862 2.906 2.859 2.859 2.754 2.737 2.680 2.648 2.536 2.477 2.195
2.387 1.854 1.911 1.677 1.449 1.622 1.369 1.263 1.134 1.014 1.052 0.936 0.882 0.790 0.783 0.828 0.902 0.939 0.860 0.737 0.749 0.793 0.726 0.647 0.637 0.657 0.643 0.666 0.582 0.543 0.528 0.562 0.590 0.630 0.660 0.741 0.759 0.760 0.724 0.993 1.144 1.051 0.863 0.783 0.843 1.028 1.879 1.873 2.248 2.262 1.552 1.335 1.178 1.415 1.812 2.555 3.668 3.434 3.520 3.731 3.811 3.690 3.559 2.383 1.877 2.036 3.271 3.278 3.156 3.109 3.015 3.056 3.070 3.105 2.701 2.498 4.630
1.798 2.098 2.291 1.674 1.622 1.451 1.558 1.324 1.208 1.144 1.281 1.505 1.250 1.457 1.277 1.028 1.010 1.012 1.098 0.950 1.049 0.959 0.895 0.853 0.759 0.732 0.736 0.722 0.698 0.716 0.745 0.784 0.775 0.810 0.824 0.822 0.781 1.262 0.996 1.301 1.471 1.255 1.032 1.155 1.228 1.462 1.857 2.215 2.713 2.900 2.679 2.574 2.669 2.668 3.305 4.212 3.576 3.899 4.189 4.133 4.088 4.028 4.281 4.198 5.046 5.083 4.505 3.795 3.655 3.578 3.469 3.512 3.574 3.584 5.562 4.095 3.421
2.356 2.319 2.274 2.187 2.185 1.952 1.704 1.539 1.337 1.665 2.138 2.392 4.030 3.912 3.572 3.753 2.048 1.012 0.911 1.189 1.350 1.192 0.836 0.982 0.877 0.856 0.830 0.853 0.896 0.945 0.970 1.027 0.999 0.957 0.986 1.089 1.329 1.510 1.404 1.385 1.447 1.288 1.352 1.393 1.371 1.556 2.105 2.573 3.165 3.327 3.402 2.938 3.400 3.115 4.482 3.665 4.147 4.203 4.236 4.091 4.048 3.976 3.974 3.886 3.821 3.832 3.870 3.902 3.759 6.925 3.363 3.477 3.495 6.232 5.860 2.142 2.041
2.560 2.594 2.590 2.510 2.532 2.293 2.063 2.039 2.026 2.059 3.650 3.057 4.756 5.637 3.976 8.062 7.484 4.570 3.523 1.464 1.354 1.290 1.184 1.106 1.154 1.119 1.112 1.054 1.120 1.177 1.342 1.233 1.190 1.201 1.231 1.355 1.435 1.559 1.609 1.671 1.517 1.315 1.283 1.375 1.612 1.927 2.440 2.623 2.984 3.387 3.761 3.828 3.813 3.901 4.694 4.176 4.261 4.172 4.171 3.982 3.935 3.839 3.796 3.787 3.816 3.820 3.799 3.767 3.557 5.329 3.763 2.763 3.220 3.227 5.967 3.386 2.605
2.703 2.732 2.810 2.792 2.849 2.903 3.218 2.891 2.082 2.170 3.721 3.248 2.814 2.901 2.978 3.094 3.159 6.576 7.254 5.009 2.809 1.490 1.435 1.282 1.228 1.325 1.368 1.386 1.309 1.371 1.515 1.392 1.438 1.359 1.266 1.349 1.629 1.699 1.619 1.709 1.835 1.708 1.617 1.697 1.864 1.958 2.317 3.098 3.124 3.139 3.843 3.987 4.246 4.252 4.392 4.382 4.307 4.251 4.147 3.982 3.806 3.721 3.597 3.602 3.584 3.628 3.560 3.608 4.872 6.214 4.046 2.606 2.901 3.044 2.610 3.209 2.284
2.787 2.809 2.886 2.927 3.370 3.917 2.957 2.894 2.761 2.696 2.684 2.744 2.828 2.889 2.989 3.040 3.174 3.384 4.996 6.923 6.572 2.154 1.353 2.002 1.718 1.847 1.681 1.468 1.433 1.445 1.469 1.498 1.500 1.420 1.493 1.515 1.596 1.526 1.602 2.133 1.867 1.836 2.025 2.077 2.123 2.349 2.442 2.807 3.168 3.178 3.323 3.708 4.074 4.175 4.345 4.302 4.212 4.132 3.912 3.791 3.588 3.546 3.473 3.443 3.463 3.541 3.382 3.635 4.125 3.276 3.885 2.877 2.161 2.769 2.859 3.046 2.326
3.027 4.025 3.255 3.033 2.990 2.998 2.936 2.971 2.933 2.953 2.921 2.944 2.953 3.025 3.151 3.135 3.206 3.325 3.473 6.786 8.430 5.106 2.286 1.433 2.597 2.046 1.554 1.236 1.194 1.239 1.396 1.628 1.595 1.562 1.739 1.962 1.970 1.952 2.051 1.990 2.092 2.189 2.311 2.579 2.711 2.939 2.762 3.079 3.829 3.501 3.295 3.591 3.924 4.023 4.254 4.308 4.272 4.109 4.000 3.845 3.611 3.505 3.413 3.385 3.323 3.337 3.206 6.621 4.655 3.374 3.825 2.385 2.209 2.649 2.908 3.266 2.551
3.293 3.340 3.302 3.317 3.241 3.190 3.195 3.234 3.253 3.337 3.270 3.262 3.283 3.373 3.330 3.279 3.282 3.326 3.325 3.514 3.691 8.690 5.933 3.936 1.498 2.155 1.935 1.210 1.241 1.110 1.169 1.427 1.603 1.745 2.028 2.314 2.473 2.454 2.366 2.381 2.551 2.738 2.663 2.957 2.852 3.187 3.167 3.493 4.497 4.094 4.217 3.503 3.755 3.987 4.173 4.793 4.699 4.421 4.120 4.069 3.867 3.666 3.505 3.466 3.348 3.172 3.033 3.003 2.745 2.786 3.106 2.580 2.318 2.503 3.223 3.156 3.152
3.663 3.685 3.621 3.596 3.551 3.520 3.592 3.550 3.580 3.759 3.709 3.755 3.667 3.661 3.607 3.535 3.425 3.358 3.334 3.402 3.395 3.284 5.832 3.398 1.359 2.401 1.539 1.489 1.358 1.146 1.272 1.453 1.650 2.010 2.431 2.893 3.080 3.001 3.040 2.802 2.937 2.854 3.067 3.413 3.364 3.402 3.807 4.829 4.106 5.365 4.925 3.950 3.950 4.216 4.604 4.962 4.728 4.366 4.116 3.918 3.742 3.556 3.345 3.156 2.977 2.816 2.762 2.707 2.598 2.464 2.081 2.495 2.713 2.798 3.757 4.026 3.217
4.165 4.109 4.252 4.184 4.190 3.999 3.985 4.015 3.935 4.069 4.175 3.934 3.754 3.730 3.595 3.559 3.441 3.181 3.142 3.011 2.929 3.122 5.262 2.642 1.451 1.747 1.142 1.596 0.952 1.152 1.431 1.600 2.019 2.453 2.720 2.922 3.069 3.208 2.835 3.192 3.139 3.423 3.695 3.977 4.284 4.397 4.595 4.675 4.923 4.896 4.645 4.548 4.475 5.206 5.687 5.065 4.524 4.222 4.054 3.918 3.540 3.252 2.853 2.792 2.650 2.537 2.500 2.372 4.450 3.326 3.013 3.634 2.736 3.001 2.767 2.780 2.601
4.751 4.807 4.913 4.773 4.669 4.434 4.436 4.360 4.364 4.344 4.078 3.937 3.871 3.783 3.573 3.496 3.281 3.245 2.984 2.803 2.777 2.910 4.937 2.616 1.128 1.326 1.138 1.367 0.928 1.265 1.372 1.748 2.201 2.600 2.887 3.012 3.148 3.218 3.003 3.361 3.772 3.581 4.007 4.197 4.609 5.099 5.812 6.627 6.890 6.987 6.322 5.873 5.493 5.556 5.137 4.582 4.322 4.104 3.919 3.502 3.046 2.729 2.612 2.496 2.296 2.284 2.244 2.087 4.142 2.332 1.717 1.547 1.893 2.470 2.118 2.534 2.690
5.442 5.164 4.843 4.607 4.629 4.517 4.352 4.270 4.132 3.897 3.708 3.592 3.672 3.542 3.424 3.218 2.870 2.517 2.339 2.209 2.093 1.791 4.359 3.359 1.406 3.173 -9999 1.161 1.288 1.454 1.330 1.624 2.077 2.728 3.128 3.175 3.355 3.568 3.334 3.507 3.436 3.597 3.725 5.494 6.908 7.483 7.757 7.726 7.261 6.492 5.836 5.108 5.043 4.657 4.321 4.050 3.720 3.318 2.960 2.681 2.435 2.305 2.150 2.031 1.916 1.776 1.760 1.921 2.386 2.054 1.863 1.595 2.126 2.039 1.461 2.263 1.634
4.942 4.703 4.485 4.281 4.299 4.148 3.934 3.849 3.724 3.551 3.512 3.497 3.349 3.146 2.867 2.624 2.373 2.132 1.939 1.738 1.558 1.291 0.973 1.717 1.628 -9999 8.252 1.402 1.140 1.480 1.401 1.638 2.434 3.064 3.363 3.553 3.792 3.767 3.782 3.668 3.771 3.952 4.869 6.294 6.459 6.309 6.181 6.006 5.645 5.126 4.707 4.310 4.088 3.776 3.563 3.306 3.124 2.958 2.510 2.237 2.047 1.934 1.834 1.660 1.589 1.594 1.588 1.673 2.655 2.061 1.758 1.248 1.593 1.779 2.107 2.041 1.455
4.211 4.149 4.099 3.866 3.865 3.735 3.527 3.435 3.301 3.249 3.194 3.086 3.033 2.736 2.418 2.089 1.886 1.713 1.507 1.319 1.156 1.022 0.843 1.788 1.709 1.092 1.975 2.480 1.887 1.357 1.315 1.638 2.217 3.144 3.887 4.219 4.392 4.064 3.789 3.587 4.058 4.603 5.692 5.400 5.082 5.005 4.920 4.721 4.411 4.129 3.825 3.327 3.354 3.118 2.849 2.624 2.384 2.292 2.034 1.865 1.707 1.674 1.487 1.317 1.276 1.310 1.348 1.390 1.451 1.761 1.308 0.900 0.885 0.798 0.733 1.021 1.163
3.464 3.446 3.523 3.431 3.377 3.116 2.936 2.913 2.799 2.788 2.664 2.503 2.329 2.136 1.883 1.600 1.406 1.243 1.090 0.949 0.819 0.756 0.691 0.643 0.450 0.840 0.603 3.266 2.284 2.075 1.117 1.392 2.028 2.930 4.352 4.783 4.889 4.528 4.025 3.924 4.067 4.872 4.374 4.117 4.190 4.358 4.249 4.146 4.053 3.816 3.485 3.110 2.758 2.497 2.311 2.192 2.063 1.965 1.786 1.605 1.462 1.353 1.131 0.978 0.914 0.936 0.986 0.833 1.057 1.003 -9999 0.465 0.389 0.311 0.270 0.437 0.703
2.744 2.831 2.946 2.795 2.615 2.379 2.273 2.106 2.053 2.093 1.987 1.949 1.822 1.587 1.411 1.249 1.156 1.017 0.870 0.723 0.654 0.596 0.592 0.482 0.354 0.412 0.383 0.981 2.442 1.806 0.958 1.192 1.854 3.131 4.633 5.050 4.692 4.009 4.552 4.093 3.110 3.484 3.410 3.484 3.815 3.981 3.882 3.856 3.795 3.521 2.959 2.405 2.258 2.081 2.037 1.925 1.718 1.591 1.423 1.288 1.092 0.926 0.762 0.673 0.982 0.946 0.483 0.559 0.452 0.353 1.080 0.292 0.157 0.323 0.314 0.293 0.186
2.361 2.416 2.484 2.380 2.212 1.884 1.733 1.598 1.612 1.609 1.546 1.496 1.476 1.209 1.119 1.046 1.017 0.911 0.796 0.699 0.652 0.600 0.573 0.471 0.382 0.283 0.266 0.469 2.033 5.121 1.093 0.972 1.601 2.281 2.881 3.076 3.067 2.891 3.244 4.137 3.144 2.759 2.656 3.094 3.566 3.883 3.818 3.676 3.405 2.930 2.488 2.156 1.902 1.945 1.834 1.699 1.486 1.354 1.096 0.939 0.770 0.626 0.503 0.421 0.424 0.390 0.335 -9999 -9999 -9999 -9999 -9999 0.497 0.863 1.290 -9999 -9999
1.972 1.929 1.921 1.831 1.756 1.510 1.407 1.259 1.253 1.280 1.240 1.179 1.088 0.930 0.946 0.957 0.959 0.867 0.805 0.784 0.785 0.729 0.668 0.551 0.523 0.457 0.442 0.620 1.354 4.022 2.471 1.193 2.002 2.014 2.256 2.091 1.864 2.086 3.610 4.191 3.189 1.840 2.006 2.658 3.268 3.645 3.814 3.480 3.020 2.510 2.171 1.822 1.655 1.564 1.450 1.325 1.124 0.966 0.800 0.690 0.577 0.491 0.406 0.361 0.348 0.208 0.346 -9999 -9999 -9999 -9999 -9999 0.140 -9999 -9999 -9999 -9999
1.616 1.564 1.516 1.475 1.416 1.422 1.382 1.290 1.211 1.101 1.192 1.037 0.927 0.910 0.917 0.980 1.046 0.967 0.924 0.896 0.897 0.890 0.814 0.693 0.691 0.736 0.817 0.883 1.128 4.364 3.809 2.174 3.819 4.311 2.069 2.430 3.081 3.480 4.165 3.945 4.412 4.280 3.460 2.708 3.336 3.615 3.488 2.877 2.471 1.992 1.688 1.432 1.381 1.218 1.092 0.982 0.883 0.774 0.664 0.552 0.476 0.413 0.407 0.392 0.438 0.242 0.540 -9999 -9999 -9999 -9999 -9999 -9999 -9999 -9999 -9999 -9999
1.394 1.434 1.352 1.294 1.219 1.208 1.284 1.216 1.207 4.930 1.095 0.979 0.959 1.015 0.981 1.062 1.094 1.058 1.069 1.029 1.040 1.106 1.154 1.100 1.183 1.333 1.579 1.748 1.712 2.371 2.674 3.101 3.365 7.296 7.354 4.956 4.414 3.458 2.800 2.802 5.793 5.833 4.665 6.729 8.502 8.573 2.999 2.376 2.096 1.707 1.378 1.210 1.225 1.133 1.029 0.916 0.804 0.729 0.644 0.560 0.492 0.444 0.431 0.422 0.503 0.265 0.335 0.371 0.353 -9999 -9999 -9999 -9999 -9999 -9999 -9999 -9999
1.306 1.332 1.213 1.165 1.117 1.127 1.147 1.180 1.172 1.105 1.095 1.065 1.037 1.151 1.177 1.300 1.367 1.367 1.391 1.433 1.537 1.709 1.796 1.968 2.314 2.623 2.739 2.899 2.829 2.647 2.726 2.578 4.847 4.140 5.087 9.246 10.325 8.822 11.543 3.960 3.352 2.946 2.625 2.374 2.685 2.451 2.165 5.241 1.860 1.682 1.471 1.347 1.307 1.312 1.241 1.080 0.966 0.951 0.884 0.835 0.811 0.727 0.724 0.719 1.000 0.721 -9999 -9999 -9999 -9999 -9999 -9999 -9999 -9999 -9999 -9999 -9999
1.617 1.659 1.571 1.559 1.558 1.628 1.681 1.654 1.683 1.632 1.487 1.500 1.534 1.668 1.846 2.014 2.325 2.546 2.772 3.013 3.248 3.638 4.193 4.692 5.200 5.317 5.398 5.461 5.267 4.745 4.400 4.374 4.369 4.155 5.251 9.437 10.944 9.827 15.225 7.120 3.961 2.488 1.675 1.310 1.508 1.709 1.962 2.330 2.441 2.443 2.190 2.012 2.153 2.119 1.946 1.808 1.643 1.606 1.584 1.649 1.580 1.429 1.517 1.463 1.634 1.719 -9999 -9999 -9999 -9999 -9999 -9999 -9999 -9999 -9999 -9999 -9999
2.767 2.751 2.606 2.759 2.931 3.071 3.145 3.164 3.326 3.421 3.420 3.467 3.386 3.589 3.753 4.030 4.601 5.017 5.435 5.872 6.323 6.770 7.531 8.366 9.053 9.254 9.289 9.019 8.640 7.892 7.113 6.480 5.430 4.860 4.706 4.190 5.337 8.649 14.552 7.472 5.616 5.962 7.232 3.480 4.201 5.252 5.357 6.021 2.590 2.660 2.693 2.697 2.762 2.869 2.728 2.683 2.765 3.008 3.265 3.225 3.275 3.190 3.720 3.610 3.575 4.295 4.994 4.259 -9999 -9999 -9999 -9999 -9999 -9999 -9999 -9999 -9999
5.258 5.124 5.133 5.260 5.510 5.884 6.060 6.202 6.393 6.513 6.564 6.574 6.876 6.935 7.030 7.338 7.970 8.267 8.522 8.568 8.976 9.309 9.882 10.106 10.342 10.392 10.577 10.612 10.338 9.695 8.982 8.625 8.189 7.703 6.752 5.642 5.161 7.854 12.311 9.075 10.975 9.704 8.375 7.173 5.731 4.693 4.364 6.025 6.404 2.382 3.016 3.620 4.024 4.549 4.718 4.896 5.189 5.529 5.934 6.136 6.275 6.296 6.645 6.541 5.950 5.941 8.229 6.929 5.112 3.565 3.214 3.607 3.588 3.227 3.412 3.343 3.387
7.474 7.264 7.329 7.421 7.288 7.469 7.455 7.528 7.348 7.293 6.938 6.691 6.536 6.312 6.291 6.200 6.301 6.362 6.381 6.390 6.454 6.632 6.606 6.492 6.469 6.222 6.260 6.657 6.861 6.789 6.702 6.954 7.391 8.042 8.630 9.303 9.605 9.727 9.229 8.092 14.248 30.361 13.480 21.148 7.504 7.488 8.152 7.702 8.359 6.070 6.042 4.112 3.884 5.040 5.967 6.861 7.459 7.986 8.170 8.648 8.824 8.967 7.988 7.077 6.278 5.759 6.422 6.745 5.406 3.635 3.547 3.781 3.208 3.916 5.077 5.427 4.652
