data-raw/precipfiles/04_grid_data_4000BP.asc
ncols 144
nrows 72
xllcorner -180
yllcorner -90
cellsize 2.5
nodata_value -9999
[rows 34 to 67 of 72, columns 0 to 76 of 144]
5.983 5.574 5.436 5.235 4.960 4.899 4.791 4.594 4.361 4.220 3.690 3.583 3.341 3.174 3.061 3.032 2.991 2.909 2.904 2.970 3.059 3.194 2.983 2.850 2.651 2.525 2.496 2.622 2.832 2.954 2.967 3.525 4.082 4.645 4.988 5.172 4.979 4.159 3.428 4.139 13.332 8.008 6.789 7.601 12.280 11.066 10.160 6.569 6.442 6.485 9.263 10.688 3.986 5.268 5.586 6.567 7.106 7.683 7.653 7.486 7.381 7.299 6.770 6.242 5.178 4.407 4.047 3.915 4.014 4.185 3.205 3.683 2.916 3.553 5.590 6.806 5.093
4.288 4.028 3.465 2.803 2.541 2.588 2.577 2.380 2.199 2.124 2.022 1.962 1.709 1.656 1.600 1.582 1.573 1.464 1.402 1.351 1.348 1.299 1.238 1.190 1.139 1.128 1.120 1.169 1.295 1.393 1.449 1.559 1.656 1.725 1.579 1.417 1.335 1.216 1.124 1.666 6.433 7.173 7.810 7.156 9.095 12.073 9.817 9.034 8.219 6.904 6.858 9.324 9.032 4.078 3.945 4.630 4.942 5.400 5.230 4.724 4.220 3.853 3.336 3.104 2.571 2.195 1.912 1.882 1.739 1.825 2.037 2.295 2.590 2.773 2.943 6.570 5.136
3.526 3.680 2.784 2.269 2.053 2.070 2.127 2.024 1.863 1.741 1.735 1.703 1.569 1.462 1.453 1.403 1.340 1.270 1.239 1.247 1.220 1.177 1.113 1.059 1.023 0.978 0.894 0.890 0.915 0.972 1.027 0.994 0.986 0.984 0.934 0.863 0.790 0.715 0.787 2.239 5.732 6.880 7.273 10.277 7.987 7.549 15.540 10.376 10.222 9.695 4.998 6.815 8.929 7.330 5.631 3.106 3.303 3.486 3.298 2.837 2.328 1.966 1.670 1.309 0.986 0.850 0.778 0.783 0.856 0.951 1.147 1.361 1.629 1.871 2.312 4.195 4.837
4.479 3.969 3.481 3.109 2.940 2.731 2.588 2.315 2.102 1.905 1.845 1.834 1.771 1.696 1.689 1.609 1.536 1.441 1.312 1.289 1.312 1.265 1.292 1.204 1.173 1.143 1.062 1.061 1.055 1.056 1.043 1.020 0.964 0.919 0.959 0.982 0.936 0.739 0.564 1.357 4.287 6.379 6.653 13.685 7.600 6.873 7.890 6.879 6.383 6.688 5.456 5.362 6.432 5.843 5.056 3.345 2.704 2.696 2.649 2.532 2.130 1.801 1.320 1.009 0.726 0.609 0.556 0.507 0.499 0.501 0.544 0.635 0.822 1.045 1.378 2.605 3.647
6.386 5.888 5.393 5.055 4.625 4.143 3.718 3.365 2.898 2.482 2.251 2.019 1.864 1.736 1.586 1.410 1.286 1.167 1.067 0.970 0.935 0.950 1.022 0.977 1.008 0.951 0.889 0.822 0.832 0.780 0.775 0.762 0.714 0.740 0.806 0.756 0.700 0.568 0.376 0.473 2.213 4.511 6.256 32.879 40.079 7.280 6.462 6.272 5.945 6.847 9.808 -9999 -9999 -9999 3.490 2.452 2.268 2.101 3.559 1.705 1.291 1.050 0.774 0.558 0.414 0.325 0.283 0.224 0.186 0.174 0.209 0.213 0.273 0.388 0.572 0.891 2.087
7.011 6.747 6.591 6.488 5.903 5.500 4.978 4.554 4.064 3.621 3.189 2.751 2.508 2.118 1.761 1.453 1.238 1.124 0.978 0.827 0.727 0.659 0.634 0.567 0.541 0.489 0.429 0.387 0.394 0.399 0.412 0.404 0.371 0.429 0.459 0.388 0.421 0.421 0.275 0.122 1.319 6.023 5.354 7.427 11.700 17.053 6.333 6.596 5.885 6.310 -9999 -9999 17.571 10.938 2.396 1.640 1.893 2.885 4.383 1.246 0.841 0.584 0.465 0.372 0.285 0.208 0.169 0.141 0.133 0.138 0.159 0.160 0.141 0.143 0.186 0.285 0.597
6.695 6.532 6.465 6.528 6.176 5.958 5.686 5.312 4.817 4.317 3.913 3.374 2.952 2.527 2.127 1.806 1.527 1.344 1.105 0.902 0.755 0.614 0.511 0.433 0.357 0.316 0.242 0.211 0.207 0.203 0.203 0.198 0.174 0.173 0.192 0.198 0.225 0.255 0.208 0.090 0.503 2.561 5.154 5.714 6.199 7.593 27.632 8.505 11.055 10.547 -9999 -9999 14.477 3.756 2.246 1.772 2.311 3.616 1.295 0.912 0.648 0.485 0.411 0.341 0.256 0.203 0.158 0.142 0.134 0.132 0.144 0.155 0.160 0.138 0.125 0.143 0.346
5.599 5.652 5.727 5.748 5.556 5.599 5.590 5.402 5.105 4.737 4.304 3.917 3.302 2.819 2.444 2.227 2.090 1.838 1.603 1.376 1.160 0.950 0.702 0.574 0.507 0.423 0.322 0.253 0.207 0.213 0.223 0.191 0.166 0.147 0.153 0.159 0.170 0.189 0.244 0.124 0.101 0.689 2.375 5.215 5.440 5.483 5.323 5.363 5.582 4.982 4.948 4.510 4.207 3.533 2.281 2.104 3.669 1.468 1.229 0.871 0.629 0.469 0.378 0.328 0.261 0.221 0.180 0.161 0.146 0.139 0.135 0.142 0.158 0.164 0.164 0.148 0.403
4.073 4.264 4.593 4.764 4.957 5.088 5.049 4.887 4.832 4.800 4.585 4.285 3.793 3.414 3.014 2.776 2.646 2.447 2.166 1.900 1.554 1.321 0.970 0.742 0.610 0.517 0.414 0.338 0.275 0.249 0.235 0.221 0.195 0.177 0.182 0.189 0.197 0.210 0.238 0.186 0.112 0.073 0.522 1.141 2.268 5.710 5.714 4.065 4.132 4.319 4.669 4.045 3.936 3.567 2.893 2.495 3.334 1.643 1.405 1.103 0.751 0.591 0.456 0.373 0.301 0.267 0.241 0.214 0.190 0.176 0.173 0.185 0.199 0.204 0.201 0.115 0.217
3.479 3.618 3.932 4.279 4.544 4.528 4.596 4.571 4.516 4.601 4.567 4.464 4.057 3.769 3.382 3.292 3.168 2.893 2.662 2.420 2.101 1.700 1.313 1.073 0.932 0.775 0.598 0.500 0.410 0.370 0.324 0.283 0.256 0.233 0.218 0.215 0.236 0.247 0.248 0.211 0.142 0.103 0.100 0.082 0.718 1.599 2.856 3.302 3.423 3.890 4.503 4.142 3.961 3.888 3.702 3.278 3.224 2.098 1.849 1.360 1.050 0.777 0.565 0.446 0.364 0.334 0.309 0.273 0.238 0.219 0.208 0.216 0.234 0.233 0.214 0.124 0.215
3.469 3.636 3.762 3.942 4.209 4.317 4.187 4.303 4.376 4.443 4.396 4.506 4.570 4.400 4.223 4.094 3.884 3.511 3.225 2.988 2.710 2.293 1.846 1.549 1.309 1.176 0.957 0.790 0.671 0.601 0.547 0.477 0.404 0.340 0.295 0.268 0.256 0.256 0.240 0.222 0.170 0.118 0.079 0.038 0.269 1.234 2.954 2.476 3.414 4.275 4.564 3.893 4.163 4.555 4.518 4.065 2.760 2.788 2.696 2.154 1.700 1.352 0.984 0.740 0.538 0.463 0.406 0.357 0.304 0.267 0.245 0.242 0.245 0.240 0.221 0.157 0.116
3.460 3.696 3.872 3.960 4.190 4.379 4.341 4.398 4.368 4.401 4.352 4.559 4.784 4.884 4.756 4.644 4.482 4.196 3.860 3.550 3.266 2.947 2.585 2.262 2.010 1.813 1.572 1.389 1.230 1.095 0.956 0.837 0.720 0.616 0.472 0.393 0.349 0.308 0.270 0.238 0.220 0.154 0.111 0.040 0.269 1.950 2.699 2.645 3.756 5.382 5.266 4.777 4.531 5.285 5.560 4.098 3.414 3.964 3.560 3.124 2.644 2.226 1.703 1.383 1.052 0.815 0.659 0.545 0.460 0.385 0.330 0.287 0.260 0.242 0.228 0.202 0.152
3.431 3.645 3.835 4.010 4.203 4.372 4.381 4.477 4.450 4.367 4.349 4.518 4.711 4.933 5.083 5.182 4.974 4.782 4.572 4.343 4.003 3.610 3.294 2.972 2.833 2.654 2.390 2.060 1.880 1.803 1.598 1.397 1.233 1.044 0.814 0.646 0.516 0.428 0.336 0.291 0.254 0.209 0.145 0.093 0.394 2.186 2.510 3.091 4.172 5.276 5.921 5.694 5.502 3.954 3.784 4.080 4.326 4.700 4.425 4.096 3.675 3.146 2.594 2.157 1.818 1.473 1.302 1.008 0.756 0.623 0.488 0.403 0.349 0.291 0.266 0.243 0.221
3.291 3.405 3.543 3.866 4.113 4.144 4.163 4.237 4.232 4.203 4.189 4.317 4.530 4.749 4.917 5.213 5.132 4.989 4.913 5.019 4.606 4.160 3.851 3.602 3.457 3.353 3.179 2.913 2.600 2.452 2.217 1.996 1.787 1.586 1.287 1.024 0.806 0.656 0.516 0.432 0.371 0.294 0.205 0.249 0.534 1.179 2.232 3.046 4.010 5.248 5.681 5.197 5.232 4.043 4.191 4.464 4.629 4.944 4.840 4.628 4.443 4.295 3.682 3.187 2.820 2.442 1.980 1.655 1.258 0.985 0.768 0.603 0.518 0.426 0.369 0.341 0.347
3.097 3.100 3.177 3.440 3.588 3.724 3.899 3.955 3.958 3.963 3.829 4.011 4.102 4.425 4.573 4.764 4.751 4.774 4.852 4.984 4.808 4.505 4.334 4.207 4.056 3.742 3.552 3.434 3.266 3.053 2.792 2.564 2.303 2.040 1.788 1.544 1.261 1.052 0.879 0.737 0.600 0.484 0.334 0.788 0.566 1.455 2.309 2.932 3.560 4.247 4.702 4.648 4.351 4.470 4.562 4.688 4.873 5.172 5.083 4.850 4.661 4.493 4.157 3.688 3.485 3.127 2.793 2.631 2.037 1.800 1.364 1.104 0.932 0.772 0.713 0.607 0.606
2.902 2.897 2.980 3.060 3.294 3.534 3.647 3.745 3.884 3.829 3.864 3.934 3.979 4.101 4.146 4.364 4.435 4.561 4.656 4.628 4.702 4.624 4.475 4.360 4.221 3.986 3.853 3.683 3.546 3.311 3.012 2.944 2.788 2.552 2.297 2.073 1.801 1.575 1.363 1.127 0.919 0.708 0.659 1.938 1.215 1.795 2.372 2.718 3.471 3.937 4.212 3.922 4.144 4.568 4.682 4.811 4.801 5.095 4.975 4.948 4.816 4.647 4.430 4.062 3.872 3.486 3.157 2.810 2.730 2.366 2.184 1.827 1.601 1.373 1.174 1.022 0.915
2.567 2.579 2.629 2.754 2.971 3.226 3.386 3.472 3.437 3.478 3.616 3.667 3.653 3.769 3.899 3.913 4.120 4.213 4.268 4.242 4.301 4.295 4.180 4.147 4.074 3.978 3.962 3.905 3.714 3.472 3.218 3.099 2.929 2.832 2.647 2.420 2.149 1.948 1.750 1.542 1.309 1.025 3.707 3.037 1.478 1.669 2.277 2.695 2.911 3.062 3.632 3.686 3.872 4.266 4.519 4.744 4.631 4.823 4.732 4.689 4.657 4.524 4.465 4.258 4.065 3.860 3.494 3.221 3.192 2.953 2.899 2.621 2.412 2.066 1.893 1.671 1.568
2.600 2.576 2.507 2.563 2.878 3.174 3.294 3.386 3.455 3.326 3.376 3.362 3.309 3.409 3.479 3.661 3.866 3.958 3.972 3.960 4.113 4.010 3.865 3.874 3.958 3.942 3.927 3.809 3.696 3.503 3.440 3.445 3.222 3.136 2.982 2.799 2.546 2.355 2.178 2.005 1.791 1.368 4.326 3.322 1.309 1.192 1.544 2.467 2.680 3.342 3.292 3.341 3.750 4.117 4.381 4.556 4.429 4.536 4.500 4.481 4.428 4.399 4.418 4.440 4.361 4.082 3.799 3.706 3.483 3.407 3.353 3.293 3.112 2.828 2.633 2.406 2.289
2.374 2.395 2.522 2.413 2.551 2.736 2.852 2.962 2.896 2.898 2.836 2.863 3.005 3.116 3.115 3.097 3.101 3.358 3.497 3.620 3.721 3.774 3.804 3.797 3.640 3.698 3.566 3.741 3.626 3.581 3.442 3.522 3.395 3.336 3.075 3.079 2.838 2.696 2.548 2.495 2.253 2.495 5.215 3.807 1.150 0.941 1.166 1.894 2.497 2.707 3.203 3.413 3.523 3.403 3.493 3.768 3.719 3.776 3.990 4.109 4.114 4.278 4.025 3.946 3.852 3.935 3.841 3.702 3.563 3.467 3.466 3.410 3.326 3.219 2.982 2.910 2.726
2.318 2.113 2.368 2.399 2.396 2.377 2.463 2.512 2.501 2.510 2.508 2.579 2.604 2.772 2.706 2.636 2.691 2.838 2.889 3.001 3.040 3.058 3.166 3.175 3.056 3.146 3.091 3.145 3.049 3.201 3.072 3.159 3.056 3.052 3.011 2.901 2.838 2.796 2.612 2.635 2.575 2.900 6.234 4.550 0.935 0.913 1.559 2.345 2.392 2.781 3.135 3.262 3.218 3.150 3.165 3.257 3.137 3.319 3.443 3.673 3.686 3.830 3.683 3.617 3.548 3.572 3.623 3.527 3.430 3.404 3.260 3.329 3.364 3.316 3.061 3.196 3.045
2.260 2.356 2.338 2.373 2.354 2.358 2.295 2.367 2.338 2.379 2.335 2.342 2.406 2.448 2.486 2.524 2.537 2.637 2.678 2.652 2.724 2.757 2.750 2.781 2.748 2.760 2.744 2.799 2.760 2.832 2.831 2.872 2.867 2.907 2.740 2.826 2.671 2.806 2.752 2.784 2.857 3.249 4.388 1.612 0.978 0.907 2.280 2.354 2.312 2.537 2.766 3.032 3.111 3.103 3.080 3.179 3.217 3.190 3.280 3.247 3.174 3.178 3.107 3.179 3.215 3.196 3.128 3.098 3.127 3.040 3.084 3.114 3.192 3.203 3.149 3.232 3.187
2.145 2.320 2.360 2.380 2.401 2.360 2.288 2.330 2.333 2.396 2.272 2.314 2.355 2.303 2.373 2.426 2.433 2.452 2.405 2.438 2.466 2.485 2.416 2.479 2.499 2.518 2.507 2.506 2.503 2.541 2.614 2.603 2.595 2.687 2.620 2.597 2.570 2.674 2.715 2.813 3.039 2.849 2.519 1.252 0.992 1.011 2.403 2.381 2.305 2.364 2.537 2.798 2.977 3.027 2.972 3.025 3.031 2.963 2.950 2.969 2.928 2.987 2.992 2.958 2.856 2.897 2.979 2.913 2.872 2.843 2.872 2.902 2.884 2.961 2.962 2.984 2.918
2.211 2.222 2.271 2.311 2.251 2.303 2.300 2.312 2.307 2.390 2.390 2.407 2.371 2.388 2.393 2.380 2.417 2.444 2.423 2.419 2.418 2.415 2.338 2.368 2.380 2.432 2.400 2.435 2.415 2.451 2.457 2.509 2.503 2.553 2.582 2.614 2.600 2.620 2.642 2.772 3.013 3.994 4.232 1.358 1.000 2.561 2.696 2.563 2.238 2.566 2.527 2.630 2.766 2.692 2.705 2.713 2.748 2.740 2.749 2.809 2.867 2.890 2.846 2.832 2.846 2.867 2.822 2.794 2.733 2.775 2.746 2.800 2.795 2.802 2.843 2.876 2.853
2.346 2.389 2.347 2.380 2.369 2.391 2.381 2.455 2.441 2.466 2.512 2.576 2.558 2.598 2.592 2.613 2.574 2.591 2.563 2.591 2.580 2.607 2.501 2.505 2.461 2.476 2.474 2.557 2.536 2.587 2.554 2.553 2.558 2.619 2.603 2.647 2.653 2.637 2.686 2.754 2.954 3.287 5.461 2.478 1.404 2.266 2.997 2.935 2.763 2.757 2.708 2.750 2.754 2.764 2.758 2.717 2.742 2.942 2.841 2.852 2.817 2.859 2.863 2.917 2.926 2.918 2.907 2.865 2.783 2.737 2.741 2.757 2.709 2.699 2.750 2.832 2.817
2.627 2.664 2.593 2.603 2.570 2.604 2.649 2.725 2.694 2.695 2.713 2.753 2.745 2.766 2.800 2.849 2.876 2.863 2.871 2.862 2.848 2.888 2.818 2.779 2.728 2.763 2.720 2.760 2.785 2.829 2.800 2.824 2.816 2.825 2.818 2.828 2.811 2.825 2.782 2.893 2.969 3.156 3.298 2.689 2.506 2.998 3.509 3.282 3.036 2.987 2.915 2.925 2.891 2.918 2.924 2.923 2.931 2.949 2.988 2.998 2.919 2.904 2.942 2.958 2.931 2.946 2.925 2.871 2.874 2.891 2.855 2.803 2.772 2.769 2.823 2.821 2.859
2.748 2.849 2.806 2.779 2.715 2.736 2.735 2.779 2.726 2.705 2.687 2.714 2.710 2.722 2.760 2.846 2.875 2.896 2.902 2.900 2.875 2.872 2.819 2.769 2.727 2.751 2.724 2.736 2.745 2.816 2.808 2.814 2.786 2.797 2.777 2.777 2.732 2.749 2.737 2.764 2.819 2.917 2.919 2.929 2.853 2.974 2.975 2.967 2.887 2.898 2.834 2.841 2.778 2.798 2.745 2.748 2.701 2.669 2.651 2.639 2.569 2.603 2.660 2.647 2.587 2.586 2.544 2.570 2.549 2.581 2.551 2.506 2.444 2.487 2.518 2.539 2.540
2.411 2.519 2.537 2.513 2.456 2.445 2.393 2.354 2.296 2.294 2.265 2.280 2.261 2.265 2.250 2.320 2.391 2.414 2.445 2.428 2.411 2.384 2.359 2.336 2.315 2.328 2.331 2.308 2.316 2.357 2.336 2.328 2.302 2.305 2.290 2.314 2.297 2.342 2.358 2.341 2.352 2.386 2.382 2.358 2.301 2.328 2.312 2.325 2.305 2.374 2.370 2.326 2.196 2.188 2.133 2.076 2.007 2.002 1.967 1.958 1.964 2.025 2.026 2.025 1.989 1.985 1.959 1.988 1.969 1.975 1.998 1.980 1.911 1.913 1.946 1.966 1.975
1.890 1.936 1.937 1.919 1.884 1.877 1.850 1.795 1.770 1.765 1.734 1.748 1.725 1.708 1.705 1.726 1.772 1.817 1.879 1.904 1.895 1.891 1.870 1.875 1.887 1.889 1.874 1.859 1.877 1.898 1.870 1.866 1.863 1.852 1.859 1.879 1.888 1.917 1.923 1.922 1.916 1.919 1.949 1.963 1.967 2.006 2.079 2.207 2.318 2.398 2.004 1.761 1.594 1.538 1.450 1.439 1.412 1.405 1.392 1.416 1.427 1.455 1.434 1.434 1.390 1.384 1.360 1.350 1.339 1.356 1.414 1.423 1.385 1.376 1.358 1.386 1.407
1.357 1.346 1.376 1.384 1.382 1.363 1.368 1.394 1.390 1.371 1.347 1.325 1.343 1.346 1.379 1.404 1.451 1.476 1.515 1.517 1.536 1.530 1.549 1.563 1.599 1.624 1.646 1.636 1.671 1.705 1.708 1.718 1.741 1.730 1.762 1.757 1.757 1.775 1.767 1.728 1.682 1.703 1.725 1.744 1.722 1.959 2.256 2.311 2.115 1.850 1.568 1.432 1.285 1.240 1.184 1.183 1.162 1.177 1.173 1.190 1.158 1.170 1.151 1.149 1.108 1.071 1.055 1.033 1.019 1.017 1.056 1.073 1.086 1.083 1.100 1.116 1.129
1.227 1.226 1.252 1.285 1.279 1.281 1.301 1.324 1.339 1.321 1.300 1.268 1.267 1.275 1.311 1.345 1.381 1.399 1.425 1.449 1.507 1.503 1.509 1.512 1.521 1.550 1.576 1.585 1.616 1.637 1.666 1.657 1.686 1.684 1.684 1.689 1.675 1.682 1.652 1.637 1.648 1.696 1.801 1.903 1.911 2.093 2.132 2.020 1.857 1.644 1.477 1.360 1.226 1.178 1.111 1.109 1.096 1.109 1.075 1.061 1.028 1.025 0.986 0.975 0.943 0.931 0.904 0.897 0.890 0.882 0.857 0.866 0.880 0.936 0.968 0.968 0.950
1.057 1.020 1.043 1.049 1.087 1.091 1.112 1.125 1.143 1.140 1.123 1.106 1.112 1.103 1.141 1.177 1.218 1.246 1.256 1.271 1.219 1.215 1.228 1.225 1.308 1.330 1.405 1.417 1.457 1.464 1.474 1.504 1.522 1.474 1.409 1.419 1.391 1.405 1.429 1.439 1.492 1.651 1.843 1.958 1.644 1.669 1.678 1.742 1.634 1.432 1.386 1.307 1.186 1.144 1.047 1.009 0.963 0.968 0.908 0.889 0.840 0.836 0.793 0.767 0.714 0.749 0.794 0.847 0.847 0.783 0.679 0.608 0.492 0.540 0.542 0.551 0.509
0.953 0.925 0.914 0.920 0.966 0.980 1.000 1.001 1.005 1.001 1.008 1.010 1.010 1.032 1.102 1.142 1.228 1.285 1.291 1.367 1.403 1.433 1.413 1.369 1.447 1.446 1.571 1.547 1.553 1.570 1.703 1.820 1.843 1.785 1.702 1.644 1.454 1.405 1.394 1.415 1.470 1.499 1.501 1.492 1.387 1.404 1.452 1.487 1.389 1.274 1.274 1.217 1.124 1.102 1.012 0.972 0.899 0.876 0.808 0.792 0.736 0.754 0.714 0.726 0.671 0.750 0.709 0.708 0.619 0.723 0.652 0.647 0.511 0.632 0.616 0.722 0.611
0.745 0.754 0.780 0.809 0.880 0.914 0.957 0.941 0.937 0.960 1.021 1.112 1.241 1.396 1.488 1.664 1.625 1.772 1.697 1.639 1.472 1.482 1.425 1.412 1.566 1.634 1.787 1.753 1.705 1.664 1.617 1.601 1.565 1.584 1.533 1.504 1.393 1.355 1.354 1.351 1.363 1.356 1.317 1.287 1.181 1.112 1.077 1.027 1.114 1.099 1.098 1.059 0.990 0.948 0.883 0.858 0.774 0.774 0.716 0.739 0.684 0.712 0.651 0.666 0.533 0.532 0.402 0.430 0.360 0.402 0.306 0.298 0.238 0.238 0.202 0.224 0.196
0.514 0.548 0.610 0.647 0.714 0.744 0.814 0.811 0.830 0.905 0.995 1.056 1.105 1.190 1.245 1.295 1.293 1.289 1.243 1.271 1.219 1.245 1.144 1.146 1.163 1.170 1.224 1.215 1.209 1.205 1.188 1.167 1.112 1.123 1.071 1.063 1.053 1.007 1.019 0.944 0.962 0.920 0.901 0.866 0.863 0.811 0.822 0.781 0.812 0.815 0.818 0.854 0.814 0.764 0.737 0.710 0.677 0.728 0.719 0.734 0.649 0.637 0.540 0.527 0.366 0.351 0.256 0.250 0.196 0.188 0.148 0.152 0.133 0.135 0.122 0.123 0.113
