data-raw/precipfiles/05_grid_data_5000BP.asc
ncols 144
nrows 72
xllcorner -180
yllcorner -90
cellsize 2.5
nodata_value -9999
[rows 34 to 67 of 72, columns 0 to 76 of 144]
6.119 5.710 5.583 5.387 5.045 4.939 4.809 4.652 4.429 4.308 3.826 3.731 3.520 3.364 3.257 3.244 3.197 3.090 3.073 3.127 3.194 3.329 3.148 3.052 2.895 2.762 2.706 2.799 2.974 3.082 3.090 3.670 4.268 4.817 5.190 5.398 5.201 4.307 3.476 4.137 13.089 7.417 6.642 7.704 11.238 10.947 9.899 6.061 6.201 6.499 11.300 11.671 4.181 5.337 5.491 6.450 6.928 7.483 7.462 7.363 7.342 7.332 6.804 6.208 5.087 4.299 3.967 3.849 3.970 4.113 3.118 3.583 2.855 3.514 5.520 6.575 4.939
4.398 4.092 3.539 2.908 2.680 2.722 2.663 2.421 2.243 2.158 2.036 1.943 1.688 1.641 1.614 1.629 1.636 1.536 1.477 1.434 1.434 1.382 1.333 1.278 1.230 1.208 1.186 1.228 1.351 1.428 1.454 1.554 1.659 1.725 1.588 1.423 1.345 1.231 1.120 1.629 6.239 6.608 7.201 7.481 8.749 11.525 9.431 7.606 11.229 8.640 8.006 10.750 9.475 4.157 3.895 4.598 4.876 5.310 5.163 4.706 4.229 3.885 3.340 3.097 2.548 2.164 1.881 1.872 1.747 1.832 2.021 2.257 2.552 2.759 2.914 6.459 4.984
3.548 3.512 2.768 2.299 2.127 2.192 2.227 2.098 1.935 1.784 1.728 1.681 1.531 1.438 1.459 1.448 1.411 1.346 1.316 1.324 1.298 1.248 1.178 1.095 1.047 0.998 0.900 0.896 0.923 0.984 1.024 0.968 0.950 0.952 0.908 0.833 0.766 0.700 0.773 2.146 5.340 6.469 7.235 11.537 7.637 7.125 15.809 8.772 13.122 18.303 5.397 6.693 8.836 7.273 5.541 3.043 3.264 3.393 3.207 2.773 2.289 1.934 1.621 1.265 0.958 0.828 0.754 0.757 0.843 0.945 1.135 1.327 1.585 1.845 2.313 4.196 4.819
4.572 4.045 3.546 3.148 2.966 2.745 2.588 2.304 2.088 1.895 1.833 1.828 1.768 1.701 1.717 1.638 1.566 1.452 1.313 1.284 1.307 1.263 1.282 1.187 1.150 1.120 1.042 1.045 1.045 1.050 1.037 1.002 0.941 0.893 0.930 0.944 0.898 0.714 0.550 1.313 4.082 6.037 6.444 18.627 8.190 6.103 7.027 6.583 6.054 8.023 6.266 5.290 6.393 5.726 5.061 3.331 2.722 2.667 2.553 2.407 2.032 1.753 1.263 0.968 0.704 0.591 0.538 0.485 0.481 0.490 0.533 0.617 0.794 1.017 1.364 2.614 3.667
6.452 5.960 5.457 5.096 4.644 4.153 3.718 3.343 2.867 2.450 2.221 2.002 1.860 1.740 1.604 1.432 1.303 1.173 1.063 0.958 0.923 0.934 0.997 0.951 0.985 0.930 0.876 0.814 0.829 0.784 0.780 0.759 0.707 0.729 0.791 0.734 0.678 0.551 0.372 0.460 2.162 4.436 6.362 34.016 51.931 7.472 5.146 5.667 5.740 6.818 10.769 -9999 -9999 -9999 3.593 2.538 2.421 2.176 3.487 1.660 1.247 1.015 0.746 0.543 0.411 0.324 0.281 0.221 0.184 0.173 0.208 0.210 0.268 0.380 0.565 0.882 2.082
6.997 6.734 6.585 6.474 5.881 5.497 4.977 4.540 4.027 3.573 3.140 2.722 2.495 2.124 1.774 1.469 1.251 1.131 0.979 0.824 0.726 0.658 0.629 0.560 0.536 0.490 0.437 0.397 0.408 0.420 0.437 0.427 0.384 0.441 0.474 0.400 0.429 0.420 0.269 0.120 1.297 5.922 5.354 8.352 15.532 23.148 6.250 6.333 5.936 6.440 -9999 -9999 11.463 4.901 2.515 1.734 2.081 3.067 4.446 1.262 0.849 0.590 0.476 0.386 0.301 0.220 0.179 0.150 0.141 0.146 0.167 0.166 0.145 0.146 0.188 0.286 0.589
6.642 6.483 6.419 6.468 6.107 5.929 5.696 5.332 4.807 4.289 3.879 3.356 2.948 2.538 2.147 1.827 1.549 1.364 1.119 0.910 0.762 0.617 0.517 0.440 0.363 0.325 0.250 0.221 0.218 0.216 0.218 0.212 0.183 0.178 0.198 0.204 0.235 0.258 0.205 0.089 0.496 2.547 5.243 6.070 6.919 9.574 35.956 10.077 16.493 15.067 -9999 -9999 13.088 3.770 2.458 1.892 2.392 3.788 1.369 0.942 0.665 0.495 0.422 0.357 0.273 0.218 0.170 0.153 0.145 0.144 0.154 0.165 0.169 0.144 0.131 0.146 0.345
5.549 5.594 5.670 5.684 5.482 5.561 5.600 5.457 5.138 4.763 4.332 3.969 3.363 2.879 2.499 2.281 2.143 1.889 1.652 1.423 1.209 0.996 0.740 0.612 0.550 0.466 0.361 0.287 0.234 0.242 0.252 0.212 0.173 0.145 0.150 0.156 0.166 0.187 0.237 0.124 0.102 0.693 2.402 5.430 5.603 5.880 5.792 5.739 5.898 5.195 5.155 4.847 4.480 3.754 2.494 2.282 3.795 1.552 1.317 0.918 0.653 0.484 0.388 0.339 0.268 0.228 0.186 0.166 0.151 0.143 0.139 0.147 0.166 0.179 0.188 0.162 0.415
4.091 4.273 4.562 4.722 4.922 5.059 5.048 4.925 4.887 4.875 4.702 4.432 3.949 3.553 3.127 2.868 2.723 2.513 2.225 1.955 1.596 1.357 0.983 0.750 0.624 0.533 0.422 0.344 0.281 0.257 0.243 0.226 0.195 0.175 0.179 0.188 0.195 0.208 0.237 0.188 0.115 0.075 0.535 1.147 2.274 5.722 5.997 4.093 4.056 4.345 4.824 4.251 4.187 3.705 3.027 2.686 3.431 1.678 1.468 1.130 0.755 0.591 0.457 0.373 0.300 0.265 0.240 0.214 0.191 0.177 0.174 0.186 0.203 0.211 0.221 0.128 0.231
3.530 3.661 3.962 4.290 4.567 4.556 4.623 4.620 4.604 4.705 4.723 4.638 4.247 3.955 3.557 3.440 3.286 2.968 2.720 2.462 2.140 1.719 1.309 1.054 0.914 0.768 0.590 0.493 0.407 0.366 0.324 0.284 0.256 0.232 0.217 0.215 0.237 0.246 0.248 0.216 0.147 0.107 0.105 0.083 0.713 1.567 2.816 3.307 3.421 3.951 4.602 4.285 4.127 4.008 3.815 3.434 3.322 2.152 1.916 1.386 1.043 0.764 0.560 0.440 0.358 0.329 0.304 0.270 0.234 0.216 0.205 0.213 0.233 0.235 0.225 0.139 0.241
3.540 3.684 3.804 3.991 4.262 4.374 4.257 4.369 4.478 4.566 4.542 4.652 4.741 4.601 4.439 4.302 4.046 3.614 3.295 3.020 2.741 2.316 1.845 1.524 1.273 1.142 0.934 0.771 0.660 0.588 0.536 0.475 0.406 0.342 0.296 0.270 0.258 0.257 0.241 0.224 0.177 0.123 0.082 0.040 0.273 1.212 2.853 2.387 3.402 4.461 4.676 3.983 4.288 4.679 4.618 4.184 2.859 2.882 2.802 2.217 1.717 1.348 0.986 0.742 0.534 0.459 0.404 0.357 0.301 0.262 0.239 0.236 0.241 0.239 0.225 0.166 0.124
3.521 3.743 3.890 3.975 4.220 4.417 4.390 4.479 4.466 4.505 4.432 4.613 4.843 4.967 4.846 4.735 4.546 4.247 3.893 3.588 3.302 2.977 2.604 2.234 1.953 1.735 1.517 1.362 1.222 1.083 0.942 0.832 0.724 0.622 0.475 0.393 0.347 0.306 0.270 0.240 0.224 0.156 0.112 0.041 0.298 1.992 2.607 2.485 3.572 5.521 5.204 4.714 4.593 5.478 5.748 4.173 3.549 4.149 3.709 3.232 2.701 2.249 1.724 1.400 1.049 0.811 0.662 0.551 0.461 0.382 0.321 0.278 0.254 0.239 0.228 0.209 0.158
3.472 3.691 3.895 4.064 4.262 4.441 4.430 4.518 4.487 4.421 4.381 4.514 4.703 4.935 5.104 5.213 5.012 4.831 4.614 4.396 4.063 3.653 3.323 2.965 2.773 2.547 2.294 2.007 1.849 1.766 1.553 1.355 1.217 1.023 0.789 0.632 0.509 0.424 0.337 0.294 0.259 0.214 0.151 0.094 0.402 2.162 2.333 2.974 3.970 5.326 6.033 5.618 5.448 3.945 3.787 4.074 4.373 4.826 4.542 4.195 3.730 3.149 2.564 2.135 1.783 1.429 1.266 0.982 0.740 0.612 0.479 0.393 0.341 0.287 0.264 0.245 0.233
3.291 3.416 3.581 3.923 4.182 4.215 4.236 4.275 4.255 4.208 4.191 4.301 4.493 4.742 4.935 5.250 5.180 5.043 4.986 5.099 4.699 4.225 3.873 3.595 3.429 3.283 3.105 2.848 2.551 2.394 2.153 1.927 1.737 1.540 1.226 0.974 0.777 0.644 0.514 0.435 0.377 0.304 0.216 0.248 0.550 1.191 2.060 2.893 3.923 5.296 5.858 5.302 5.159 3.979 4.125 4.383 4.580 4.940 4.872 4.665 4.455 4.255 3.597 3.090 2.727 2.347 1.898 1.585 1.212 0.957 0.757 0.601 0.517 0.425 0.370 0.346 0.358
3.080 3.087 3.175 3.453 3.597 3.726 3.900 3.962 3.985 3.981 3.830 4.008 4.093 4.428 4.621 4.830 4.801 4.800 4.887 5.052 4.910 4.591 4.371 4.194 4.032 3.738 3.561 3.434 3.246 3.020 2.746 2.504 2.243 1.981 1.712 1.468 1.203 1.019 0.856 0.724 0.597 0.493 0.351 0.812 0.604 1.568 2.450 2.979 3.595 4.299 4.784 4.731 4.423 4.464 4.506 4.568 4.769 5.103 5.066 4.849 4.643 4.427 4.048 3.565 3.359 3.018 2.698 2.545 1.978 1.758 1.343 1.110 0.949 0.787 0.728 0.621 0.624
2.869 2.890 2.991 3.085 3.329 3.558 3.655 3.751 3.894 3.838 3.848 3.889 3.954 4.101 4.159 4.399 4.450 4.567 4.650 4.640 4.710 4.642 4.464 4.336 4.191 3.975 3.865 3.705 3.560 3.321 3.009 2.936 2.761 2.514 2.245 2.004 1.738 1.535 1.341 1.107 0.904 0.702 0.662 1.951 1.295 1.924 2.545 2.890 3.651 4.099 4.284 3.969 4.173 4.563 4.659 4.750 4.746 5.051 4.962 4.943 4.803 4.609 4.381 4.000 3.809 3.431 3.109 2.770 2.684 2.329 2.155 1.814 1.610 1.390 1.187 1.038 0.927
2.532 2.569 2.636 2.781 3.011 3.245 3.389 3.467 3.431 3.466 3.577 3.603 3.583 3.730 3.874 3.903 4.111 4.207 4.250 4.222 4.265 4.254 4.130 4.104 4.034 3.956 3.966 3.923 3.738 3.500 3.248 3.126 2.935 2.821 2.619 2.374 2.093 1.895 1.704 1.505 1.270 0.992 3.653 2.979 1.462 1.747 2.384 2.842 3.061 3.162 3.701 3.724 3.883 4.267 4.512 4.742 4.626 4.811 4.726 4.686 4.657 4.514 4.464 4.257 4.071 3.862 3.498 3.221 3.178 2.930 2.876 2.599 2.396 2.068 1.897 1.684 1.583
2.577 2.556 2.502 2.573 2.903 3.178 3.273 3.348 3.413 3.288 3.333 3.309 3.253 3.354 3.433 3.631 3.855 3.954 3.966 3.945 4.080 3.971 3.832 3.849 3.935 3.925 3.926 3.818 3.708 3.520 3.462 3.472 3.233 3.131 2.959 2.763 2.495 2.286 2.105 1.934 1.725 1.306 4.133 3.167 1.228 1.153 1.544 2.469 2.662 3.296 3.275 3.335 3.757 4.129 4.402 4.590 4.465 4.555 4.490 4.464 4.412 4.391 4.432 4.467 4.397 4.110 3.823 3.731 3.501 3.417 3.351 3.278 3.089 2.803 2.612 2.401 2.306
2.371 2.387 2.518 2.416 2.555 2.728 2.824 2.919 2.852 2.865 2.813 2.848 2.992 3.099 3.109 3.095 3.111 3.364 3.503 3.623 3.740 3.787 3.828 3.813 3.652 3.705 3.559 3.729 3.611 3.579 3.443 3.524 3.388 3.322 3.051 3.045 2.794 2.629 2.467 2.411 2.176 2.394 4.977 3.613 1.074 0.881 1.110 1.806 2.378 2.595 3.100 3.357 3.484 3.384 3.484 3.772 3.727 3.783 3.977 4.093 4.089 4.251 3.980 3.916 3.827 3.917 3.825 3.687 3.554 3.469 3.472 3.420 3.324 3.220 2.979 2.898 2.725
2.318 2.112 2.372 2.406 2.404 2.373 2.444 2.485 2.471 2.489 2.501 2.581 2.611 2.782 2.718 2.648 2.706 2.851 2.903 3.016 3.069 3.099 3.216 3.228 3.103 3.182 3.109 3.148 3.048 3.198 3.077 3.166 3.061 3.052 3.005 2.897 2.827 2.767 2.568 2.583 2.514 2.824 6.047 4.371 0.889 0.861 1.476 2.230 2.275 2.657 3.009 3.155 3.136 3.094 3.124 3.226 3.112 3.298 3.421 3.646 3.658 3.791 3.633 3.562 3.494 3.520 3.576 3.486 3.398 3.372 3.246 3.321 3.357 3.311 3.055 3.189 3.032
2.246 2.343 2.345 2.390 2.373 2.374 2.303 2.371 2.342 2.388 2.354 2.362 2.424 2.462 2.500 2.539 2.543 2.640 2.685 2.674 2.755 2.799 2.798 2.837 2.804 2.812 2.785 2.827 2.775 2.834 2.830 2.877 2.877 2.924 2.765 2.852 2.699 2.833 2.763 2.784 2.848 3.227 4.350 1.588 0.953 0.877 2.201 2.263 2.221 2.447 2.678 2.949 3.031 3.036 3.023 3.123 3.163 3.137 3.228 3.200 3.126 3.129 3.064 3.137 3.172 3.147 3.080 3.051 3.085 3.000 3.039 3.071 3.153 3.167 3.118 3.204 3.162
2.138 2.314 2.368 2.399 2.424 2.376 2.297 2.326 2.322 2.393 2.277 2.321 2.362 2.304 2.375 2.435 2.439 2.460 2.410 2.448 2.479 2.508 2.448 2.524 2.554 2.580 2.569 2.563 2.555 2.583 2.643 2.627 2.618 2.710 2.643 2.611 2.590 2.699 2.747 2.841 3.067 2.869 2.541 1.269 0.995 1.003 2.369 2.328 2.253 2.322 2.500 2.755 2.926 2.975 2.923 2.976 2.980 2.913 2.904 2.930 2.888 2.940 2.939 2.911 2.811 2.851 2.929 2.865 2.821 2.796 2.820 2.850 2.840 2.922 2.929 2.955 2.890
2.202 2.215 2.276 2.324 2.271 2.319 2.308 2.305 2.291 2.369 2.378 2.397 2.363 2.380 2.389 2.383 2.430 2.460 2.436 2.428 2.421 2.417 2.351 2.389 2.414 2.478 2.453 2.495 2.481 2.512 2.509 2.549 2.538 2.585 2.605 2.630 2.612 2.641 2.670 2.807 3.052 4.043 4.288 1.390 1.020 2.603 2.707 2.556 2.220 2.554 2.516 2.617 2.745 2.670 2.682 2.691 2.733 2.728 2.741 2.803 2.854 2.869 2.817 2.797 2.811 2.826 2.775 2.747 2.687 2.730 2.704 2.760 2.758 2.776 2.822 2.856 2.832
2.322 2.366 2.342 2.386 2.380 2.405 2.392 2.453 2.432 2.449 2.492 2.553 2.534 2.579 2.584 2.619 2.592 2.616 2.588 2.610 2.585 2.602 2.492 2.497 2.459 2.487 2.499 2.597 2.590 2.647 2.612 2.603 2.601 2.656 2.634 2.669 2.672 2.656 2.706 2.775 2.978 3.322 5.526 2.512 1.427 2.305 3.045 2.978 2.792 2.771 2.715 2.752 2.751 2.757 2.751 2.717 2.758 2.975 2.889 2.899 2.855 2.879 2.875 2.923 2.926 2.903 2.881 2.835 2.757 2.715 2.728 2.748 2.704 2.694 2.748 2.831 2.812
2.612 2.650 2.575 2.594 2.566 2.609 2.661 2.740 2.700 2.690 2.697 2.717 2.704 2.728 2.773 2.836 2.877 2.879 2.888 2.872 2.851 2.884 2.815 2.785 2.736 2.776 2.738 2.786 2.825 2.879 2.861 2.889 2.884 2.881 2.864 2.860 2.839 2.853 2.808 2.914 2.984 3.173 3.319 2.703 2.522 3.024 3.546 3.319 3.068 3.004 2.938 2.947 2.912 2.938 2.939 2.937 2.937 2.967 3.013 3.030 2.957 2.938 2.975 2.988 2.959 2.972 2.936 2.873 2.867 2.886 2.855 2.801 2.771 2.765 2.817 2.818 2.860
2.730 2.829 2.782 2.756 2.694 2.727 2.736 2.794 2.736 2.710 2.680 2.694 2.673 2.683 2.726 2.818 2.855 2.884 2.892 2.885 2.858 2.857 2.815 2.784 2.752 2.778 2.750 2.758 2.772 2.849 2.850 2.871 2.844 2.854 2.824 2.814 2.764 2.783 2.772 2.801 2.848 2.950 2.949 2.953 2.883 3.007 3.022 3.022 2.940 2.944 2.881 2.884 2.821 2.836 2.776 2.772 2.712 2.674 2.654 2.648 2.578 2.624 2.678 2.663 2.605 2.605 2.567 2.587 2.559 2.588 2.558 2.509 2.441 2.476 2.503 2.526 2.536
2.374 2.477 2.498 2.477 2.423 2.423 2.381 2.346 2.285 2.283 2.259 2.280 2.258 2.257 2.235 2.298 2.363 2.379 2.403 2.381 2.365 2.346 2.336 2.339 2.335 2.358 2.362 2.333 2.332 2.372 2.355 2.353 2.320 2.318 2.302 2.329 2.317 2.371 2.391 2.381 2.405 2.455 2.459 2.440 2.390 2.424 2.408 2.426 2.407 2.476 2.461 2.402 2.249 2.230 2.164 2.094 2.017 2.010 1.976 1.971 1.972 2.023 2.013 2.006 1.971 1.975 1.957 1.998 1.979 1.984 2.004 1.980 1.905 1.901 1.932 1.955 1.968
1.856 1.900 1.912 1.895 1.861 1.855 1.834 1.783 1.752 1.743 1.712 1.730 1.711 1.693 1.685 1.697 1.730 1.768 1.820 1.837 1.833 1.840 1.836 1.852 1.880 1.890 1.884 1.866 1.875 1.888 1.856 1.850 1.846 1.832 1.841 1.877 1.900 1.947 1.966 1.973 1.977 1.986 2.021 2.036 2.034 2.082 2.162 2.314 2.433 2.513 2.093 1.826 1.634 1.563 1.465 1.444 1.411 1.401 1.386 1.409 1.418 1.439 1.421 1.420 1.381 1.382 1.363 1.355 1.341 1.358 1.414 1.420 1.377 1.365 1.346 1.376 1.402
1.327 1.311 1.347 1.362 1.361 1.342 1.347 1.376 1.366 1.340 1.314 1.290 1.309 1.313 1.343 1.361 1.396 1.413 1.446 1.442 1.466 1.469 1.501 1.523 1.565 1.599 1.625 1.618 1.648 1.675 1.678 1.682 1.710 1.702 1.738 1.747 1.761 1.801 1.801 1.768 1.727 1.749 1.773 1.788 1.762 2.008 2.321 2.385 2.190 1.913 1.616 1.470 1.305 1.248 1.183 1.174 1.149 1.163 1.158 1.178 1.146 1.155 1.140 1.141 1.106 1.075 1.062 1.038 1.018 1.011 1.049 1.064 1.074 1.068 1.084 1.100 1.119
1.192 1.183 1.208 1.241 1.239 1.245 1.268 1.293 1.302 1.278 1.253 1.214 1.211 1.221 1.257 1.287 1.312 1.321 1.342 1.365 1.425 1.429 1.442 1.452 1.468 1.504 1.534 1.545 1.572 1.591 1.616 1.616 1.656 1.664 1.676 1.691 1.686 1.701 1.674 1.658 1.667 1.716 1.816 1.915 1.929 2.120 2.171 2.050 1.876 1.655 1.484 1.360 1.218 1.163 1.091 1.084 1.069 1.084 1.055 1.048 1.021 1.019 0.980 0.971 0.943 0.935 0.911 0.903 0.890 0.877 0.849 0.856 0.866 0.917 0.948 0.949 0.934
1.026 0.986 1.008 1.011 1.047 1.050 1.073 1.087 1.108 1.103 1.086 1.069 1.073 1.063 1.098 1.128 1.162 1.179 1.181 1.189 1.138 1.136 1.153 1.159 1.249 1.283 1.373 1.396 1.447 1.451 1.451 1.470 1.490 1.448 1.387 1.398 1.378 1.398 1.433 1.448 1.505 1.669 1.860 1.976 1.662 1.687 1.698 1.750 1.634 1.426 1.381 1.301 1.178 1.133 1.033 0.995 0.950 0.956 0.898 0.882 0.834 0.828 0.782 0.756 0.704 0.742 0.790 0.845 0.846 0.779 0.673 0.601 0.485 0.534 0.540 0.550 0.512
0.932 0.905 0.891 0.891 0.930 0.940 0.960 0.962 0.969 0.970 0.979 0.983 0.983 1.002 1.065 1.096 1.171 1.214 1.212 1.274 1.299 1.325 1.306 1.271 1.356 1.369 1.504 1.501 1.527 1.545 1.676 1.768 1.791 1.740 1.657 1.604 1.421 1.380 1.378 1.406 1.469 1.504 1.507 1.500 1.398 1.419 1.463 1.490 1.384 1.263 1.261 1.202 1.112 1.087 0.998 0.958 0.889 0.869 0.803 0.788 0.732 0.746 0.703 0.712 0.656 0.733 0.693 0.694 0.610 0.715 0.646 0.641 0.507 0.631 0.619 0.731 0.619
0.734 0.745 0.770 0.794 0.854 0.881 0.921 0.906 0.902 0.929 0.990 1.083 1.210 1.358 1.437 1.595 1.540 1.666 1.585 1.524 1.360 1.361 1.307 1.294 1.440 1.510 1.661 1.641 1.605 1.572 1.531 1.519 1.488 1.513 1.467 1.444 1.342 1.312 1.319 1.324 1.340 1.340 1.304 1.278 1.177 1.108 1.074 1.023 1.108 1.089 1.081 1.036 0.965 0.922 0.860 0.836 0.758 0.761 0.706 0.731 0.679 0.706 0.644 0.654 0.520 0.518 0.390 0.418 0.351 0.393 0.301 0.295 0.237 0.238 0.202 0.224 0.195
0.497 0.532 0.595 0.631 0.695 0.724 0.789 0.786 0.805 0.879 0.966 1.024 1.071 1.149 1.198 1.241 1.231 1.225 1.175 1.199 1.143 1.161 1.064 1.065 1.080 1.090 1.140 1.136 1.134 1.132 1.117 1.102 1.052 1.066 1.021 1.015 1.009 0.970 0.984 0.916 0.937 0.898 0.880 0.846 0.843 0.794 0.804 0.765 0.795 0.794 0.793 0.823 0.783 0.735 0.710 0.687 0.658 0.711 0.704 0.720 0.637 0.626 0.528 0.514 0.354 0.340 0.247 0.241 0.189 0.182 0.143 0.147 0.129 0.132 0.120 0.120 0.111
