data-raw/precipfiles/05_grid_data_5000BP.asc
ncols 144
nrows 72
xllcorner -180
yllcorner -90
cellsize 2.5
nodata_value -9999
[rows 0 to 33 of 72, columns 0 to 76 of 144]
0.473 0.483 0.499 0.489 0.453 0.478 0.476 0.482 0.512 0.521 0.486 0.496 0.502 0.511 0.490 0.479 0.496 0.501 0.498 0.489 0.468 0.493 0.488 0.510 0.498 0.496 0.507 0.489 0.497 0.500 0.500 0.485 0.472 0.474 0.489 0.489 0.471 0.491 0.491 0.502 0.520 0.547 0.521 0.521 0.542 0.534 0.547 0.542 0.511 0.528 0.527 0.529 0.546 0.549 0.548 0.540 0.525 0.549 0.540 0.526 0.528 0.535 0.528 0.545 0.536 0.532 0.557 0.543 0.548 0.542 0.554 0.562 0.581 0.587 0.571 0.586 0.572
0.490 0.480 0.488 0.477 0.468 0.458 0.467 0.467 0.466 0.467 0.463 0.457 0.459 0.464 0.461 0.462 0.460 0.464 0.464 0.461 0.460 0.468 0.466 0.478 0.467 0.466 0.453 0.467 0.450 0.458 0.462 0.457 0.450 0.446 0.430 0.437 0.428 0.429 0.439 0.468 0.434 0.437 0.433 0.430 0.442 0.440 0.437 0.435 0.456 0.430 0.429 0.424 0.415 0.417 0.409 0.417 0.401 0.433 0.428 0.411 0.416 0.414 0.423 0.420 0.421 0.433 0.436 0.440 0.443 0.449 0.455 0.447 0.443 0.454 0.457 0.455 0.457
0.459 0.465 0.463 0.450 0.450 0.451 0.446 0.437 0.428 0.431 0.436 0.426 0.435 0.433 0.426 0.428 0.430 0.431 0.432 0.429 0.436 0.429 0.425 0.431 0.422 0.426 0.425 0.429 0.436 0.433 0.428 0.419 0.410 0.410 0.401 0.408 0.416 0.426 0.454 0.465 0.465 0.463 0.472 0.470 0.478 0.488 0.476 0.466 0.413 0.396 0.369 0.372 0.357 0.354 0.370 0.350 0.366 0.386 0.427 0.448 0.453 0.438 0.434 0.398 0.411 0.407 0.441 0.448 0.456 0.455 0.447 0.452 0.462 0.466 0.464 0.479 0.484
0.512 0.509 0.507 0.497 0.492 0.496 0.485 0.475 0.468 0.458 0.469 0.454 0.445 0.446 0.440 0.430 0.434 0.440 0.426 0.432 0.426 0.427 0.418 0.425 0.412 0.430 0.419 0.421 0.427 0.437 0.432 0.448 0.438 0.470 0.512 0.435 0.416 0.406 0.413 0.423 0.400 0.425 0.593 0.542 0.385 0.378 0.388 0.417 0.370 0.346 0.316 0.324 0.312 0.285 0.275 0.249 0.272 0.294 0.353 0.371 0.384 0.405 0.459 0.417 0.582 0.849 0.645 0.538 0.535 0.517 0.511 0.537 0.594 0.630 0.666 0.685 0.677
0.561 0.556 0.561 0.550 0.537 0.537 0.514 0.505 0.486 0.481 0.471 0.462 0.448 0.453 0.443 0.434 0.432 0.433 0.426 0.426 0.414 0.409 0.405 0.403 0.408 0.399 0.406 0.428 0.398 0.417 0.434 0.461 0.464 0.513 0.392 0.423 0.409 0.375 0.401 0.429 0.440 0.448 0.460 0.444 0.430 0.415 0.359 0.335 0.288 0.318 0.265 0.330 0.278 0.264 0.222 0.200 0.207 0.198 0.226 0.225 0.264 0.302 0.392 0.502 0.635 0.492 0.582 0.578 0.607 0.618 0.670 0.744 0.808 0.883 0.931 0.960 1.249
0.597 0.596 0.599 0.592 0.583 0.580 0.567 0.558 0.551 0.534 0.516 0.504 0.485 0.482 0.472 0.457 0.441 0.442 0.428 0.429 0.422 0.422 0.429 0.487 0.427 0.539 0.548 0.500 0.451 0.325 0.430 0.493 0.361 0.399 0.429 0.453 0.467 0.502 0.490 0.461 0.480 0.666 0.669 0.632 0.475 0.426 0.400 0.373 0.356 0.341 0.422 0.404 0.389 0.351 0.295 0.275 0.236 0.212 0.190 0.198 0.261 0.294 0.403 0.526 0.792 0.676 0.812 0.818 0.896 0.941 1.030 1.044 1.030 1.044 1.052 1.086 1.115
0.694 0.723 0.734 0.737 0.719 0.697 0.651 0.618 0.616 0.597 0.567 0.552 0.544 0.547 0.531 0.519 0.505 0.498 0.486 0.472 0.469 0.450 0.574 0.377 0.373 0.385 0.376 0.359 0.307 0.303 0.469 0.517 0.389 0.449 0.453 0.504 0.525 0.534 0.553 0.511 0.540 0.656 0.670 0.654 0.677 0.711 0.745 0.834 0.889 0.610 0.507 0.704 0.634 0.614 0.492 0.480 0.359 0.341 0.330 0.368 0.651 0.465 0.688 0.767 1.089 1.126 1.313 1.336 1.414 1.396 1.364 1.338 1.305 1.306 1.322 1.359 1.353
0.937 0.690 0.956 0.994 1.016 0.965 0.833 0.769 0.523 0.480 0.463 0.436 0.398 0.595 0.614 0.695 0.698 0.698 0.633 0.479 0.458 0.370 0.407 0.457 0.459 0.498 0.441 0.415 0.381 0.362 0.357 0.505 0.579 0.481 0.498 0.478 0.555 0.610 0.601 0.589 0.569 0.585 0.590 0.606 0.741 0.795 0.947 1.085 1.227 1.227 0.922 0.822 0.929 0.989 0.863 0.759 0.578 0.537 0.594 0.637 0.935 1.010 1.359 1.213 1.761 1.750 1.892 1.925 1.917 1.862 1.769 1.766 1.709 1.720 1.716 1.750 1.711
2.002 1.418 1.377 1.501 1.584 1.363 1.222 1.096 1.024 0.893 0.777 0.749 0.698 0.662 0.660 0.717 0.745 0.714 0.590 0.566 0.487 0.524 0.520 0.508 0.575 0.600 0.468 0.436 0.401 0.396 0.450 0.410 0.435 0.482 0.516 0.591 0.676 0.598 0.636 0.627 0.615 0.689 0.731 0.692 0.774 0.847 1.104 1.684 1.939 1.971 1.400 1.165 1.052 1.239 1.149 1.597 2.007 2.262 2.669 2.828 2.473 2.307 2.519 3.167 2.964 2.837 2.782 2.801 2.737 2.728 2.627 2.617 2.577 2.567 2.474 2.431 2.162
2.582 2.013 2.009 1.752 1.513 1.685 1.433 1.322 1.208 1.064 1.080 0.961 0.906 0.812 0.804 0.847 0.915 0.949 0.867 0.744 0.757 0.802 0.736 0.654 0.643 0.661 0.649 0.676 0.592 0.554 0.539 0.575 0.602 0.644 0.677 0.762 0.775 0.769 0.731 1.002 1.145 1.045 0.860 0.784 0.848 1.035 1.875 1.869 2.242 2.243 1.535 1.317 1.153 1.376 1.759 2.458 3.490 3.224 3.274 3.485 3.607 3.548 3.470 2.315 1.823 1.972 3.157 3.124 2.993 2.937 2.842 2.878 2.907 2.959 2.599 2.426 4.553
1.936 2.257 2.431 1.755 1.692 1.512 1.635 1.394 1.285 1.214 1.321 1.546 1.287 1.498 1.311 1.055 1.033 1.030 1.112 0.962 1.070 0.976 0.912 0.865 0.766 0.729 0.733 0.719 0.697 0.715 0.745 0.783 0.772 0.811 0.834 0.843 0.806 1.288 1.014 1.313 1.469 1.238 1.020 1.143 1.225 1.457 1.858 2.212 2.692 2.861 2.620 2.539 2.611 2.616 3.219 4.074 3.403 3.679 3.915 3.865 3.848 3.869 4.160 4.104 4.896 4.917 4.339 3.630 3.482 3.397 3.286 3.322 3.397 3.428 5.386 3.988 3.375
2.434 2.395 2.347 2.254 2.260 2.022 1.782 1.628 1.417 1.748 2.215 2.465 4.148 4.036 3.687 3.866 2.104 1.037 0.929 1.210 1.382 1.221 0.844 0.981 0.869 0.845 0.818 0.837 0.873 0.918 0.941 0.994 0.966 0.930 0.970 1.094 1.359 1.550 1.432 1.401 1.447 1.277 1.335 1.379 1.356 1.540 2.081 2.550 3.118 3.257 3.312 2.872 3.355 3.097 4.437 3.583 3.995 4.007 4.009 3.870 3.842 3.810 3.825 3.745 3.677 3.697 3.737 3.768 3.620 6.635 3.224 3.324 3.360 6.086 5.770 2.128 2.040
2.611 2.663 2.655 2.571 2.594 2.344 2.111 2.102 2.100 2.127 3.744 3.150 4.906 5.818 4.116 8.316 7.698 4.690 3.604 1.496 1.379 1.312 1.195 1.103 1.143 1.104 1.093 1.031 1.084 1.119 1.271 1.168 1.132 1.148 1.189 1.321 1.421 1.558 1.610 1.666 1.502 1.289 1.260 1.359 1.601 1.913 2.412 2.583 2.929 3.307 3.638 3.699 3.681 3.802 4.599 4.097 4.164 4.044 4.021 3.822 3.777 3.701 3.680 3.677 3.708 3.720 3.702 3.669 3.463 5.179 3.653 2.690 3.133 3.162 5.909 3.369 2.595
2.703 2.750 2.835 2.819 2.871 2.927 3.243 2.906 2.102 2.202 3.779 3.324 2.899 2.999 3.077 3.191 3.244 6.723 7.387 5.092 2.853 1.506 1.447 1.285 1.224 1.316 1.359 1.374 1.284 1.306 1.425 1.307 1.359 1.292 1.216 1.308 1.595 1.683 1.604 1.685 1.803 1.670 1.584 1.679 1.859 1.951 2.287 2.997 3.013 3.029 3.676 3.802 4.040 4.070 4.233 4.249 4.182 4.128 4.021 3.854 3.685 3.604 3.499 3.513 3.501 3.556 3.493 3.540 4.807 6.130 3.982 2.566 2.844 2.991 2.572 3.183 2.262
2.721 2.756 2.846 2.895 3.337 3.896 2.935 2.863 2.730 2.675 2.680 2.766 2.873 2.951 3.060 3.109 3.231 3.434 5.050 6.974 6.606 2.164 1.360 2.010 1.727 1.864 1.708 1.493 1.448 1.403 1.393 1.419 1.429 1.354 1.431 1.469 1.568 1.513 1.591 2.124 1.828 1.797 1.993 2.059 2.116 2.340 2.410 2.718 3.019 3.000 3.139 3.496 3.829 3.947 4.132 4.115 4.043 3.971 3.763 3.659 3.476 3.447 3.388 3.367 3.392 3.486 3.337 3.587 4.104 3.269 3.865 2.848 2.133 2.718 2.806 2.990 2.283
2.910 3.882 3.155 2.955 2.928 2.942 2.880 2.907 2.866 2.894 2.879 2.908 2.937 3.024 3.161 3.150 3.219 3.330 3.461 6.730 8.339 5.061 2.274 1.440 2.596 2.059 1.574 1.251 1.199 1.239 1.361 1.560 1.529 1.483 1.629 1.847 1.885 1.895 2.023 1.976 2.078 2.170 2.285 2.567 2.704 2.906 2.700 2.966 3.653 3.321 3.144 3.425 3.753 3.861 4.103 4.174 4.142 3.976 3.863 3.731 3.524 3.442 3.354 3.329 3.268 3.285 3.166 6.560 4.610 3.357 3.807 2.330 2.146 2.572 2.849 3.204 2.502
3.179 3.221 3.200 3.219 3.164 3.112 3.116 3.149 3.167 3.254 3.204 3.212 3.240 3.348 3.309 3.256 3.261 3.300 3.288 3.457 3.631 8.540 5.849 3.888 1.498 2.144 1.942 1.232 1.270 1.131 1.189 1.436 1.608 1.741 1.987 2.253 2.394 2.389 2.307 2.348 2.532 2.707 2.619 2.902 2.791 3.113 3.059 3.368 4.301 3.923 4.040 3.371 3.627 3.863 4.068 4.691 4.603 4.322 4.013 3.979 3.807 3.636 3.473 3.429 3.309 3.141 3.008 2.987 2.733 2.769 3.093 2.542 2.255 2.447 3.228 3.171 3.199
3.578 3.599 3.555 3.535 3.482 3.435 3.500 3.457 3.494 3.674 3.641 3.718 3.641 3.643 3.582 3.496 3.386 3.323 3.298 3.346 3.335 3.225 5.747 3.343 1.350 2.393 1.553 1.541 1.443 1.193 1.319 1.511 1.713 2.088 2.534 2.984 3.125 3.000 2.988 2.737 2.886 2.797 2.988 3.306 3.240 3.266 3.629 4.633 3.950 5.175 4.757 3.817 3.825 4.097 4.493 4.876 4.648 4.294 4.043 3.882 3.730 3.561 3.343 3.149 2.973 2.821 2.770 2.717 2.613 2.477 2.076 2.477 2.690 2.770 3.846 4.200 3.362
4.079 4.038 4.195 4.127 4.116 3.913 3.894 3.938 3.881 4.037 4.171 3.931 3.752 3.724 3.579 3.529 3.419 3.165 3.135 2.996 2.911 3.102 5.264 2.627 1.429 1.716 1.125 1.595 0.984 1.210 1.495 1.669 2.077 2.521 2.805 3.050 3.153 3.228 2.822 3.132 3.058 3.367 3.625 3.874 4.148 4.246 4.444 4.560 4.811 4.799 4.553 4.464 4.408 5.122 5.618 5.026 4.508 4.220 4.068 3.952 3.577 3.288 2.878 2.819 2.683 2.581 2.545 2.413 4.505 3.373 3.042 3.548 2.687 3.003 2.801 2.820 2.601
4.667 4.745 4.867 4.744 4.623 4.382 4.375 4.343 4.380 4.378 4.143 4.001 3.912 3.793 3.583 3.503 3.294 3.273 3.006 2.830 2.809 2.940 4.993 2.616 1.116 1.303 1.125 1.349 0.931 1.297 1.407 1.791 2.242 2.651 2.953 3.068 3.194 3.218 2.994 3.346 3.738 3.598 4.026 4.186 4.526 4.941 5.639 6.474 6.761 6.856 6.228 5.815 5.463 5.565 5.163 4.635 4.401 4.167 3.988 3.578 3.122 2.786 2.667 2.550 2.359 2.355 2.313 2.152 4.283 2.406 1.774 1.559 1.862 2.519 2.169 2.614 2.685
5.391 5.161 4.857 4.628 4.648 4.550 4.400 4.342 4.218 3.992 3.817 3.688 3.744 3.590 3.482 3.284 2.929 2.579 2.400 2.274 2.158 1.842 4.468 3.395 1.356 3.218 -9999 1.153 1.249 1.452 1.330 1.605 2.065 2.759 3.204 3.239 3.419 3.584 3.318 3.488 3.476 3.715 3.848 5.608 6.908 7.352 7.531 7.554 7.123 6.341 5.742 5.070 5.040 4.701 4.401 4.166 3.837 3.418 3.042 2.762 2.514 2.386 2.235 2.118 2.007 1.866 1.846 1.973 2.511 2.165 1.980 1.677 2.226 2.130 1.464 2.296 1.645
5.053 4.862 4.658 4.448 4.474 4.318 4.113 4.037 3.882 3.700 3.653 3.605 3.447 3.253 2.975 2.720 2.447 2.197 2.005 1.793 1.608 1.329 0.991 1.799 1.672 -9999 8.990 1.438 1.105 1.441 1.373 1.595 2.346 3.034 3.393 3.649 4.008 4.134 3.855 3.608 3.687 4.052 5.039 6.470 6.567 6.349 6.181 6.011 5.673 5.160 4.759 4.380 4.180 3.868 3.670 3.414 3.222 3.052 2.586 2.312 2.121 2.012 1.936 1.758 1.677 1.673 1.654 1.690 2.802 2.189 1.886 1.323 1.665 1.836 2.136 2.005 1.414
4.387 4.353 4.289 4.054 4.046 3.938 3.732 3.641 3.489 3.417 3.353 3.221 3.144 2.869 2.539 2.187 1.959 1.776 1.571 1.367 1.200 1.058 0.875 1.925 1.854 1.141 2.431 2.333 1.784 1.267 1.251 1.581 2.170 3.113 3.895 4.237 4.487 4.355 4.013 3.667 4.036 4.691 5.903 5.579 5.211 5.107 5.012 4.811 4.503 4.217 3.908 3.417 3.454 3.214 2.942 2.696 2.451 2.357 2.094 1.928 1.777 1.745 1.564 1.401 1.336 1.350 1.379 1.398 1.536 1.898 1.414 0.953 0.919 0.816 0.715 0.994 1.113
3.588 3.606 3.661 3.544 3.461 3.239 3.065 3.027 2.916 2.911 2.799 2.634 2.454 2.265 1.988 1.675 1.457 1.294 1.141 0.985 0.851 0.789 0.734 0.689 0.475 0.884 0.597 3.050 1.988 1.891 1.053 1.328 1.981 2.898 4.327 4.693 4.801 4.537 4.139 4.074 4.233 5.088 4.569 4.267 4.294 4.446 4.366 4.272 4.180 3.935 3.578 3.175 2.795 2.523 2.323 2.177 2.069 1.988 1.814 1.636 1.500 1.397 1.167 1.007 0.928 0.927 0.962 0.829 1.121 1.099 -9999 0.495 0.410 0.351 0.295 0.505 0.792
2.772 2.863 2.962 2.812 2.651 2.431 2.325 2.153 2.093 2.129 2.037 2.029 1.913 1.677 1.485 1.305 1.199 1.067 0.916 0.756 0.676 0.614 0.605 0.499 0.364 0.426 0.413 1.386 3.002 1.545 0.940 1.208 1.846 3.146 4.653 4.925 4.550 3.938 4.559 4.185 3.279 3.699 3.588 3.608 3.898 4.046 3.962 3.926 3.842 3.523 2.927 2.357 2.204 2.039 1.999 1.895 1.707 1.609 1.461 1.318 1.115 0.943 0.777 0.684 1.014 0.976 0.481 0.546 0.449 0.355 0.853 0.217 0.150 0.354 0.300 0.305 0.226
2.381 2.436 2.491 2.384 2.241 1.898 1.740 1.601 1.599 1.584 1.527 1.510 1.508 1.245 1.139 1.061 1.030 0.927 0.816 0.713 0.656 0.605 0.573 0.472 0.372 0.274 0.257 0.476 2.078 5.299 1.089 1.015 1.651 2.360 3.015 3.112 3.040 2.885 3.271 4.166 3.252 2.855 2.749 3.148 3.595 3.938 3.890 3.705 3.386 2.843 2.376 2.025 1.792 1.838 1.747 1.660 1.485 1.383 1.141 0.969 0.785 0.632 0.514 0.429 0.449 0.413 0.320 -9999 -9999 -9999 -9999 -9999 0.271 1.117 1.337 -9999 -9999
1.995 1.948 1.941 1.852 1.785 1.505 1.390 1.238 1.207 1.214 1.170 1.141 1.074 0.917 0.911 0.907 0.901 0.826 0.782 0.765 0.765 0.714 0.664 0.546 0.504 0.429 0.415 0.598 1.347 3.966 2.508 1.247 2.067 2.122 2.466 2.220 1.915 2.118 3.640 4.232 3.262 1.887 2.041 2.652 3.234 3.604 3.818 3.444 2.935 2.402 2.045 1.697 1.556 1.471 1.380 1.302 1.136 0.998 0.829 0.709 0.589 0.499 0.425 0.392 0.417 0.273 0.380 -9999 -9999 -9999 -9999 -9999 0.184 -9999 -9999 -9999 -9999
1.650 1.600 1.541 1.483 1.413 1.403 1.345 1.237 1.144 1.026 1.102 0.974 0.884 0.863 0.852 0.894 0.947 0.903 0.881 0.873 0.882 0.882 0.801 0.673 0.665 0.706 0.790 0.861 1.112 4.119 3.632 2.267 3.986 4.359 2.158 2.381 2.965 3.417 4.180 3.958 4.429 4.308 3.477 2.703 3.299 3.576 3.482 2.881 2.465 1.977 1.648 1.380 1.335 1.182 1.067 0.978 0.887 0.788 0.679 0.566 0.491 0.432 0.444 0.445 0.521 0.402 0.886 -9999 -9999 -9999 -9999 -9999 -9999 -9999 -9999 -9999 -9999
1.380 1.412 1.336 1.268 1.175 1.158 1.226 1.146 1.143 4.584 1.010 0.920 0.909 0.944 0.907 0.971 1.000 0.971 0.991 0.968 0.981 1.075 1.120 1.049 1.138 1.291 1.562 1.728 1.706 2.327 2.571 3.149 3.498 7.293 7.392 4.730 4.144 3.358 2.758 2.792 5.842 5.844 4.598 6.734 8.465 8.535 3.027 2.434 2.161 1.738 1.385 1.200 1.220 1.140 1.032 0.920 0.813 0.740 0.655 0.566 0.502 0.466 0.459 0.464 0.599 0.289 0.362 0.403 0.379 -9999 -9999 -9999 -9999 -9999 -9999 -9999 -9999
1.235 1.231 1.131 1.083 1.026 1.021 1.026 1.043 1.030 0.972 0.978 0.976 0.947 1.047 1.079 1.200 1.270 1.271 1.296 1.329 1.445 1.641 1.751 1.900 2.237 2.568 2.749 2.940 2.849 2.680 2.764 2.625 4.972 4.306 5.206 9.204 9.677 8.570 11.193 3.870 3.306 2.955 2.628 2.354 2.633 2.412 2.139 5.274 1.881 1.667 1.409 1.287 1.265 1.301 1.239 1.073 0.963 0.955 0.888 0.828 0.806 0.742 0.740 0.734 1.222 0.677 -9999 -9999 -9999 -9999 -9999 -9999 -9999 -9999 -9999 -9999 -9999
1.503 1.491 1.415 1.394 1.373 1.418 1.441 1.395 1.425 1.398 1.295 1.321 1.349 1.471 1.656 1.829 2.139 2.361 2.585 2.842 3.136 3.558 4.152 4.641 5.171 5.340 5.513 5.640 5.444 4.809 4.432 4.385 4.408 4.212 5.340 9.412 10.690 9.359 13.984 6.649 3.744 2.452 1.607 1.237 1.369 1.561 1.821 2.249 2.370 2.318 1.931 1.754 1.903 1.974 1.853 1.706 1.544 1.500 1.502 1.566 1.504 1.372 1.434 1.393 1.469 1.614 -9999 -9999 -9999 -9999 -9999 -9999 -9999 -9999 -9999 -9999 -9999
2.651 2.613 2.479 2.591 2.723 2.836 2.908 2.952 3.093 3.167 3.189 3.258 3.225 3.420 3.604 3.877 4.466 4.892 5.273 5.707 6.194 6.686 7.512 8.388 9.140 9.450 9.597 9.406 9.032 8.200 7.308 6.607 5.479 4.921 4.810 4.256 5.292 8.383 13.772 7.333 5.745 6.093 7.120 3.327 4.388 5.474 5.622 5.964 2.524 2.564 2.531 2.514 2.593 2.784 2.672 2.628 2.676 2.878 3.167 3.203 3.273 3.223 3.796 3.686 3.579 4.175 4.829 4.156 -9999 -9999 -9999 -9999 -9999 -9999 -9999 -9999 -9999
5.136 5.012 5.033 5.138 5.331 5.664 5.852 6.032 6.209 6.315 6.357 6.419 6.763 6.851 6.964 7.298 7.971 8.305 8.569 8.582 8.993 9.372 10.017 10.321 10.640 10.841 11.127 11.203 10.879 10.170 9.403 8.987 8.431 7.894 6.945 5.795 5.274 7.813 12.175 8.848 11.272 9.787 8.419 6.989 5.940 4.956 4.617 6.078 6.316 2.303 2.864 3.390 3.766 4.319 4.544 4.758 5.004 5.295 5.696 6.013 6.250 6.335 6.719 6.604 5.971 5.864 8.056 6.725 4.994 3.530 3.272 3.658 3.649 3.303 3.436 3.364 3.440
7.514 7.312 7.406 7.479 7.282 7.432 7.431 7.565 7.375 7.347 7.061 6.882 6.786 6.592 6.558 6.482 6.619 6.635 6.650 6.643 6.647 6.844 6.871 6.840 6.874 6.647 6.649 7.034 7.173 7.117 7.021 7.286 7.681 8.308 8.938 9.710 10.089 10.188 9.504 8.057 14.564 34.082 12.883 21.100 7.638 7.676 8.086 7.293 7.957 6.001 6.012 4.024 3.731 4.700 5.524 6.394 7.002 7.465 7.611 8.342 8.684 8.995 8.024 7.009 6.149 5.656 6.313 6.560 5.224 3.499 3.407 3.721 3.206 3.981 5.037 5.324 4.585
