data-raw/precipfiles/06_grid_data_6000BP.asc
ncols 144
nrows 72
xllcorner -180
yllcorner -90
cellsize 2.5
nodata_value -9999
[rows 0 to 33 of 72, columns 0 to 76 of 144]
0.458 0.468 0.483 0.472 0.440 0.464 0.464 0.468 0.497 0.508 0.473 0.485 0.492 0.501 0.481 0.470 0.488 0.491 0.489 0.479 0.460 0.485 0.479 0.503 0.491 0.492 0.505 0.491 0.499 0.502 0.503 0.487 0.476 0.477 0.489 0.486 0.468 0.493 0.494 0.506 0.527 0.551 0.522 0.521 0.541 0.534 0.544 0.542 0.509 0.528 0.528 0.529 0.545 0.548 0.547 0.536 0.522 0.547 0.538 0.524 0.523 0.533 0.523 0.539 0.530 0.525 0.547 0.536 0.539 0.532 0.542 0.547 0.564 0.568 0.547 0.562 0.548
0.480 0.470 0.477 0.466 0.458 0.449 0.458 0.457 0.457 0.459 0.455 0.450 0.453 0.458 0.456 0.457 0.456 0.460 0.460 0.458 0.457 0.465 0.463 0.475 0.465 0.464 0.452 0.466 0.449 0.457 0.459 0.455 0.447 0.443 0.428 0.435 0.426 0.428 0.438 0.468 0.433 0.437 0.432 0.430 0.442 0.441 0.439 0.437 0.457 0.433 0.431 0.425 0.416 0.417 0.407 0.415 0.398 0.429 0.425 0.407 0.412 0.410 0.418 0.415 0.417 0.428 0.431 0.435 0.438 0.444 0.449 0.442 0.437 0.448 0.451 0.449 0.452
0.449 0.455 0.453 0.440 0.441 0.443 0.439 0.430 0.421 0.424 0.429 0.420 0.431 0.430 0.424 0.426 0.429 0.430 0.431 0.429 0.437 0.430 0.426 0.431 0.422 0.427 0.425 0.429 0.435 0.432 0.426 0.416 0.407 0.407 0.398 0.405 0.413 0.423 0.449 0.462 0.462 0.460 0.470 0.468 0.477 0.488 0.478 0.470 0.417 0.400 0.373 0.375 0.359 0.354 0.369 0.348 0.362 0.380 0.420 0.440 0.444 0.428 0.425 0.390 0.403 0.398 0.432 0.439 0.447 0.446 0.438 0.445 0.455 0.458 0.458 0.473 0.480
0.507 0.504 0.501 0.491 0.486 0.491 0.480 0.471 0.465 0.456 0.468 0.454 0.445 0.446 0.441 0.432 0.437 0.445 0.432 0.438 0.433 0.434 0.425 0.431 0.416 0.433 0.418 0.417 0.421 0.430 0.424 0.439 0.427 0.460 0.504 0.435 0.415 0.400 0.405 0.415 0.392 0.420 0.588 0.538 0.385 0.379 0.392 0.424 0.374 0.348 0.316 0.325 0.312 0.282 0.272 0.246 0.268 0.290 0.347 0.364 0.376 0.397 0.451 0.411 0.573 0.838 0.637 0.533 0.532 0.516 0.512 0.543 0.604 0.643 0.682 0.702 0.696
0.563 0.556 0.561 0.550 0.536 0.536 0.512 0.504 0.485 0.481 0.472 0.464 0.451 0.457 0.447 0.438 0.438 0.439 0.434 0.436 0.425 0.422 0.418 0.416 0.420 0.405 0.409 0.426 0.393 0.409 0.423 0.448 0.449 0.496 0.383 0.417 0.409 0.370 0.395 0.423 0.430 0.441 0.455 0.444 0.431 0.417 0.360 0.335 0.288 0.316 0.262 0.324 0.272 0.259 0.217 0.196 0.204 0.195 0.224 0.225 0.266 0.305 0.398 0.511 0.647 0.501 0.591 0.586 0.616 0.628 0.684 0.769 0.842 0.926 0.978 1.008 1.317
0.603 0.601 0.604 0.598 0.589 0.584 0.570 0.559 0.551 0.533 0.517 0.505 0.488 0.487 0.477 0.464 0.449 0.449 0.435 0.439 0.433 0.434 0.445 0.501 0.438 0.548 0.556 0.506 0.452 0.321 0.421 0.479 0.351 0.387 0.417 0.442 0.460 0.499 0.489 0.461 0.479 0.660 0.668 0.633 0.475 0.429 0.400 0.371 0.352 0.336 0.413 0.396 0.380 0.345 0.292 0.276 0.240 0.219 0.199 0.210 0.279 0.316 0.430 0.559 0.841 0.710 0.848 0.849 0.928 0.976 1.072 1.094 1.085 1.106 1.116 1.149 1.176
0.683 0.711 0.722 0.728 0.710 0.688 0.644 0.610 0.607 0.590 0.561 0.549 0.542 0.547 0.531 0.521 0.507 0.502 0.491 0.479 0.476 0.455 0.578 0.381 0.376 0.387 0.377 0.358 0.304 0.298 0.456 0.499 0.378 0.436 0.442 0.495 0.518 0.530 0.551 0.508 0.532 0.639 0.659 0.651 0.672 0.708 0.742 0.829 0.880 0.604 0.498 0.693 0.627 0.613 0.501 0.495 0.376 0.362 0.353 0.396 0.704 0.503 0.745 0.828 1.173 1.211 1.404 1.424 1.504 1.480 1.443 1.415 1.377 1.374 1.382 1.418 1.405
0.921 0.671 0.918 0.957 0.984 0.935 0.811 0.751 0.515 0.477 0.460 0.434 0.396 0.589 0.608 0.686 0.690 0.692 0.629 0.477 0.457 0.370 0.406 0.454 0.456 0.493 0.438 0.412 0.376 0.355 0.348 0.487 0.560 0.468 0.486 0.469 0.549 0.606 0.599 0.587 0.562 0.575 0.577 0.603 0.735 0.789 0.947 1.087 1.223 1.219 0.907 0.810 0.923 0.996 0.881 0.784 0.610 0.572 0.635 0.683 1.003 1.086 1.462 1.303 1.902 1.888 2.040 2.072 2.055 1.990 1.881 1.875 1.812 1.810 1.793 1.813 1.763
2.007 1.390 1.320 1.427 1.518 1.315 1.188 1.078 1.016 0.891 0.780 0.749 0.698 0.662 0.658 0.713 0.741 0.706 0.582 0.558 0.481 0.519 0.515 0.502 0.568 0.592 0.464 0.433 0.398 0.391 0.441 0.402 0.429 0.474 0.507 0.584 0.669 0.594 0.635 0.627 0.613 0.690 0.733 0.691 0.775 0.852 1.115 1.698 1.943 1.962 1.376 1.145 1.047 1.251 1.172 1.646 2.106 2.393 2.842 3.021 2.634 2.454 2.689 3.380 3.163 3.030 2.971 2.992 2.915 2.900 2.792 2.782 2.732 2.709 2.595 2.529 2.232
2.495 1.946 1.924 1.670 1.450 1.635 1.402 1.314 1.225 1.084 1.099 0.961 0.901 0.806 0.798 0.838 0.906 0.935 0.852 0.730 0.742 0.786 0.725 0.647 0.636 0.653 0.642 0.671 0.591 0.552 0.534 0.565 0.589 0.627 0.654 0.740 0.758 0.757 0.722 0.997 1.145 1.048 0.866 0.792 0.859 1.050 1.909 1.900 2.261 2.243 1.525 1.307 1.152 1.392 1.795 2.531 3.619 3.373 3.432 3.665 3.805 3.754 3.706 2.472 1.945 2.098 3.359 3.339 3.195 3.138 3.045 3.094 3.112 3.151 2.730 2.516 4.658
1.859 2.166 2.320 1.673 1.622 1.474 1.603 1.381 1.292 1.231 1.334 1.530 1.262 1.460 1.276 1.025 1.003 0.998 1.075 0.932 1.041 0.951 0.894 0.855 0.760 0.723 0.725 0.711 0.692 0.708 0.735 0.768 0.752 0.786 0.799 0.809 0.775 1.259 0.990 1.294 1.465 1.243 1.022 1.159 1.238 1.485 1.900 2.260 2.733 2.871 2.622 2.531 2.612 2.630 3.248 4.128 3.459 3.767 4.027 3.986 3.974 4.002 4.318 4.268 5.087 5.108 4.530 3.804 3.659 3.578 3.474 3.522 3.589 3.599 5.561 4.078 3.391
2.334 2.300 2.254 2.168 2.185 1.966 1.740 1.599 1.402 1.730 2.173 2.392 3.991 3.873 3.532 3.696 2.012 0.990 0.888 1.152 1.327 1.181 0.824 0.968 0.868 0.844 0.814 0.829 0.860 0.896 0.915 0.965 0.934 0.897 0.934 1.052 1.308 1.498 1.394 1.375 1.434 1.276 1.341 1.391 1.371 1.564 2.130 2.602 3.164 3.270 3.310 2.858 3.333 3.081 4.427 3.571 3.986 4.022 4.057 3.920 3.891 3.847 3.875 3.804 3.747 3.761 3.807 3.853 3.721 6.851 3.326 3.441 3.470 6.173 5.754 2.090 1.994
2.534 2.584 2.581 2.494 2.520 2.269 2.046 2.028 2.023 2.052 3.600 3.029 4.691 5.544 3.902 7.894 7.311 4.456 3.436 1.426 1.326 1.273 1.167 1.083 1.138 1.111 1.098 1.032 1.080 1.120 1.264 1.159 1.121 1.132 1.169 1.301 1.404 1.544 1.603 1.661 1.500 1.294 1.263 1.361 1.613 1.933 2.452 2.618 2.963 3.320 3.611 3.638 3.598 3.721 4.507 4.024 4.110 4.013 4.018 3.840 3.795 3.708 3.661 3.651 3.674 3.683 3.675 3.659 3.473 5.215 3.671 2.701 3.163 3.165 5.843 3.289 2.526
2.646 2.680 2.754 2.733 2.779 2.819 3.120 2.788 2.019 2.119 3.626 3.189 2.768 2.848 2.906 3.011 3.066 6.383 7.027 4.858 2.740 1.458 1.406 1.264 1.217 1.331 1.374 1.388 1.297 1.334 1.454 1.328 1.380 1.301 1.215 1.305 1.598 1.689 1.614 1.694 1.807 1.674 1.582 1.668 1.844 1.942 2.286 3.031 3.067 3.064 3.708 3.778 3.963 3.969 4.127 4.152 4.114 4.095 4.015 3.872 3.701 3.614 3.486 3.481 3.454 3.505 3.442 3.503 4.766 6.079 3.934 2.533 2.825 2.966 2.541 3.131 2.216
2.689 2.706 2.773 2.803 3.212 3.724 2.818 2.761 2.637 2.586 2.597 2.678 2.769 2.817 2.903 2.945 3.069 3.270 4.821 6.687 6.355 2.089 1.320 1.969 1.718 1.894 1.732 1.508 1.472 1.446 1.446 1.454 1.464 1.379 1.437 1.468 1.569 1.517 1.599 2.123 1.829 1.796 1.982 2.039 2.082 2.301 2.376 2.706 3.041 3.062 3.218 3.562 3.840 3.896 4.048 4.029 3.982 3.949 3.781 3.695 3.511 3.466 3.390 3.355 3.373 3.458 3.305 3.557 4.090 3.253 3.809 2.811 2.107 2.699 2.776 2.962 2.265
2.919 3.876 3.131 2.912 2.869 2.869 2.799 2.827 2.795 2.824 2.814 2.858 2.884 2.957 3.072 3.050 3.117 3.238 3.379 6.592 8.179 4.971 2.235 1.420 2.594 2.091 1.606 1.275 1.229 1.295 1.431 1.621 1.571 1.523 1.670 1.876 1.910 1.919 2.012 1.963 2.068 2.165 2.278 2.548 2.673 2.876 2.684 2.975 3.679 3.363 3.179 3.478 3.790 3.866 4.065 4.115 4.090 3.944 3.854 3.722 3.521 3.437 3.374 3.343 3.274 3.267 3.135 6.489 4.568 3.332 3.763 2.320 2.150 2.583 2.852 3.188 2.483
3.179 3.219 3.195 3.208 3.136 3.078 3.070 3.098 3.114 3.212 3.167 3.188 3.217 3.318 3.262 3.208 3.210 3.261 3.265 3.442 3.617 8.542 5.847 3.899 1.505 2.183 1.960 1.248 1.292 1.159 1.226 1.473 1.646 1.764 2.008 2.260 2.403 2.404 2.315 2.340 2.532 2.720 2.641 2.927 2.817 3.125 3.087 3.406 4.357 3.965 4.088 3.416 3.675 3.885 4.067 4.659 4.570 4.307 3.998 3.959 3.772 3.604 3.462 3.432 3.304 3.112 2.968 2.935 2.686 2.733 3.048 2.527 2.253 2.448 3.189 3.096 3.080
3.534 3.562 3.525 3.510 3.462 3.425 3.485 3.432 3.457 3.644 3.627 3.713 3.641 3.627 3.547 3.456 3.364 3.311 3.300 3.375 3.364 3.259 5.841 3.413 1.376 2.435 1.545 1.534 1.465 1.210 1.336 1.535 1.734 2.099 2.507 2.933 3.081 2.981 2.990 2.760 2.923 2.848 3.053 3.386 3.331 3.354 3.716 4.731 4.028 5.255 4.823 3.882 3.890 4.134 4.509 4.874 4.636 4.284 4.034 3.858 3.690 3.519 3.307 3.113 2.929 2.767 2.706 2.647 2.550 2.418 2.032 2.450 2.679 2.769 3.773 4.038 3.146
4.050 4.005 4.132 4.069 4.056 3.864 3.855 3.891 3.842 3.993 4.131 3.932 3.753 3.718 3.550 3.487 3.367 3.132 3.124 3.019 2.957 3.169 5.403 2.706 1.483 1.787 1.132 1.610 0.995 1.213 1.494 1.672 2.061 2.504 2.797 3.049 3.140 3.229 2.794 3.131 3.100 3.447 3.735 4.012 4.269 4.366 4.554 4.648 4.890 4.851 4.605 4.512 4.437 5.140 5.605 4.996 4.476 4.185 4.025 3.895 3.523 3.247 2.852 2.789 2.640 2.510 2.470 2.343 4.454 3.331 2.991 3.492 2.651 2.987 2.795 2.797 2.557
4.606 4.678 4.773 4.629 4.501 4.284 4.296 4.265 4.315 4.320 4.089 3.981 3.904 3.775 3.536 3.453 3.248 3.249 3.009 2.868 2.876 3.027 5.199 2.749 1.179 1.361 1.136 1.353 0.938 1.281 1.392 1.782 2.222 2.611 2.928 3.066 3.194 3.230 3.011 3.335 3.773 3.640 4.076 4.245 4.600 5.046 5.761 6.541 6.821 6.885 6.253 5.830 5.452 5.521 5.093 4.542 4.306 4.085 3.906 3.488 3.051 2.735 2.637 2.527 2.317 2.291 2.236 2.089 4.225 2.391 1.757 1.551 1.865 2.502 2.187 2.635 2.698
5.274 5.042 4.723 4.477 4.483 4.418 4.298 4.262 4.141 3.932 3.788 3.685 3.737 3.552 3.419 3.219 2.898 2.583 2.438 2.342 2.254 1.938 4.725 3.603 1.454 3.318 -9999 1.149 1.257 1.431 1.312 1.599 2.065 2.747 3.159 3.193 3.353 3.522 3.336 3.501 3.451 3.682 3.809 5.530 6.867 7.371 7.631 7.559 7.067 6.293 5.705 5.032 4.999 4.630 4.311 4.057 3.729 3.317 2.951 2.666 2.434 2.329 2.198 2.087 1.968 1.820 1.792 1.914 2.477 2.131 1.948 1.668 2.242 2.176 1.547 2.385 1.695
4.948 4.765 4.561 4.334 4.347 4.228 4.049 3.998 3.847 3.657 3.610 3.588 3.416 3.178 2.936 2.698 2.462 2.237 2.067 1.877 1.694 1.397 1.026 1.864 1.729 -9999 7.364 1.318 1.082 1.443 1.394 1.638 2.427 3.088 3.385 3.520 3.764 3.757 3.730 3.501 3.504 3.957 4.955 6.390 6.476 6.267 6.103 5.896 5.526 5.015 4.645 4.279 4.070 3.763 3.575 3.340 3.158 2.982 2.523 2.255 2.085 2.009 1.907 1.728 1.642 1.641 1.621 1.655 2.739 2.136 1.845 1.341 1.725 1.957 2.319 2.196 1.515
4.325 4.304 4.247 4.006 3.992 3.893 3.721 3.652 3.476 3.397 3.317 3.196 3.132 2.811 2.519 2.196 2.005 1.834 1.634 1.437 1.257 1.104 0.881 1.952 1.891 1.167 1.595 2.151 1.638 1.249 1.277 1.622 2.208 3.155 3.881 4.194 4.341 4.064 3.836 3.631 3.919 4.592 5.783 5.493 5.108 4.994 4.882 4.675 4.358 4.073 3.779 3.312 3.343 3.125 2.882 2.682 2.458 2.357 2.090 1.923 1.767 1.764 1.565 1.384 1.316 1.338 1.368 1.395 1.510 1.882 1.400 0.958 0.946 0.913 0.828 1.163 1.238
3.584 3.603 3.665 3.553 3.486 3.267 3.116 3.084 2.939 2.912 2.786 2.621 2.436 2.249 2.008 1.713 1.497 1.338 1.186 1.030 0.878 0.800 0.723 0.682 0.482 0.917 0.555 2.915 1.980 1.657 1.076 1.332 1.991 2.902 4.265 4.695 4.815 4.522 4.117 4.109 4.273 5.081 4.523 4.176 4.165 4.299 4.222 4.131 4.043 3.813 3.473 3.099 2.750 2.521 2.369 2.281 2.187 2.095 1.892 1.695 1.545 1.425 1.180 1.011 0.931 0.945 0.993 0.851 1.148 1.130 -9999 0.517 0.444 0.353 0.289 0.426 0.757
2.787 2.880 2.981 2.817 2.648 2.449 2.363 2.170 2.123 2.163 2.077 2.068 1.937 1.689 1.504 1.321 1.202 1.070 0.925 0.774 0.698 0.634 0.625 0.524 0.389 0.448 0.417 1.313 2.997 1.352 0.927 1.194 1.864 3.190 4.726 5.064 4.710 4.030 4.544 4.179 3.256 3.632 3.495 3.485 3.741 3.873 3.810 3.817 3.756 3.469 2.932 2.401 2.296 2.181 2.187 2.103 1.839 1.689 1.481 1.338 1.134 0.956 0.781 0.680 0.992 0.958 0.481 0.570 0.498 0.414 1.074 0.365 0.179 0.340 0.308 0.234 0.187
2.361 2.407 2.444 2.346 2.208 1.904 1.767 1.620 1.636 1.641 1.610 1.585 1.574 1.286 1.171 1.081 1.023 0.920 0.816 0.730 0.679 0.631 0.603 0.512 0.404 0.291 0.266 0.478 2.138 5.406 1.045 0.979 1.660 2.380 3.068 3.211 3.164 2.947 3.274 4.124 3.214 2.780 2.650 3.008 3.409 3.721 3.709 3.590 3.337 2.855 2.447 2.140 1.960 2.059 1.994 1.867 1.597 1.436 1.140 0.968 0.785 0.638 0.510 0.419 0.421 0.385 0.310 -9999 -9999 -9999 -9999 -9999 0.673 0.575 1.143 -9999 -9999
1.971 1.908 1.875 1.782 1.726 1.510 1.431 1.279 1.264 1.296 1.278 1.236 1.148 0.970 0.970 0.961 0.925 0.842 0.801 0.799 0.803 0.750 0.699 0.593 0.548 0.454 0.429 0.599 1.361 4.212 2.522 1.181 2.070 2.132 2.437 2.203 1.917 2.114 3.592 4.149 3.214 1.838 1.974 2.538 3.093 3.447 3.650 3.330 2.895 2.456 2.164 1.850 1.728 1.647 1.529 1.384 1.157 0.988 0.830 0.714 0.596 0.507 0.423 0.379 0.391 0.284 0.440 -9999 -9999 -9999 -9999 -9999 0.206 -9999 -9999 -9999 -9999
1.637 1.570 1.505 1.458 1.417 1.440 1.419 1.327 1.222 1.108 1.209 1.060 0.952 0.922 0.907 0.949 0.994 0.944 0.924 0.926 0.940 0.930 0.848 0.729 0.723 0.754 0.816 0.876 1.116 4.617 4.082 2.257 3.842 4.371 2.108 2.294 2.875 3.360 4.069 3.816 4.248 4.072 3.330 2.651 3.223 3.508 3.424 2.814 2.424 1.987 1.705 1.456 1.413 1.235 1.104 1.002 0.915 0.798 0.685 0.569 0.494 0.431 0.436 0.423 0.490 0.459 1.094 -9999 -9999 -9999 -9999 -9999 -9999 -9999 -9999 -9999 -9999
1.370 1.381 1.311 1.253 1.181 1.193 1.288 1.219 1.210 4.866 1.096 0.986 0.957 0.990 0.949 1.024 1.062 1.038 1.051 1.037 1.054 1.143 1.182 1.121 1.229 1.383 1.615 1.733 1.685 2.371 2.756 3.045 3.373 6.963 7.308 4.573 3.932 3.277 2.728 2.703 5.582 5.573 4.382 6.600 8.384 8.553 3.048 2.436 2.142 1.739 1.405 1.221 1.229 1.129 1.019 0.917 0.813 0.743 0.652 0.563 0.500 0.458 0.450 0.441 0.573 0.314 0.409 0.512 0.461 -9999 -9999 -9999 -9999 -9999 -9999 -9999 -9999
1.228 1.206 1.110 1.073 1.037 1.047 1.057 1.078 1.070 1.016 1.028 1.003 0.964 1.067 1.103 1.244 1.349 1.342 1.361 1.398 1.525 1.722 1.817 1.981 2.350 2.727 2.854 2.975 2.836 2.642 2.712 2.421 4.650 4.139 5.154 8.706 9.159 8.260 10.840 3.738 3.175 2.842 2.567 2.385 2.708 2.493 2.217 5.440 1.933 1.708 1.465 1.342 1.296 1.313 1.252 1.093 0.986 0.968 0.887 0.825 0.801 0.732 0.738 0.705 1.166 0.662 -9999 -9999 -9999 -9999 -9999 -9999 -9999 -9999 -9999 -9999 -9999
1.461 1.443 1.374 1.366 1.360 1.411 1.438 1.389 1.433 1.408 1.318 1.340 1.366 1.498 1.713 1.913 2.238 2.432 2.660 2.926 3.239 3.660 4.227 4.744 5.317 5.523 5.645 5.718 5.469 4.816 4.426 4.383 4.371 4.209 5.325 8.806 9.694 8.786 13.192 6.167 3.363 2.192 1.467 1.195 1.384 1.582 1.820 2.259 2.416 2.423 2.099 1.920 2.111 2.178 2.081 1.950 1.785 1.755 1.741 1.731 1.647 1.498 1.621 1.457 1.545 1.471 -9999 -9999 -9999 -9999 -9999 -9999 -9999 -9999 -9999 -9999 -9999
2.638 2.608 2.480 2.607 2.766 2.902 2.962 3.004 3.187 3.258 3.290 3.346 3.276 3.477 3.676 3.960 4.544 4.938 5.353 5.827 6.373 6.855 7.661 8.470 9.200 9.487 9.585 9.380 9.016 8.211 7.266 6.575 5.405 4.863 4.749 4.199 5.085 8.023 13.292 7.121 5.492 6.012 7.052 3.375 4.184 5.321 5.449 5.982 2.533 2.565 2.509 2.503 2.578 2.738 2.693 2.678 2.791 3.034 3.363 3.398 3.444 3.427 4.105 3.957 3.709 4.065 4.600 4.038 -9999 -9999 -9999 -9999 -9999 -9999 -9999 -9999 -9999
5.171 5.066 5.082 5.197 5.434 5.792 5.980 6.137 6.353 6.491 6.542 6.545 6.842 6.880 6.999 7.333 7.993 8.282 8.560 8.696 9.198 9.600 10.218 10.338 10.489 10.523 10.723 10.790 10.574 10.028 9.301 8.776 8.183 7.641 6.747 5.670 5.177 7.600 11.715 8.632 11.135 9.725 8.423 6.969 5.850 4.830 4.514 5.898 6.290 2.280 2.800 3.310 3.699 4.249 4.501 4.787 5.068 5.386 5.838 6.211 6.504 6.621 7.137 7.037 6.247 5.875 7.881 6.627 4.957 3.538 3.278 3.750 3.775 3.354 3.469 3.373 3.429
7.592 7.398 7.476 7.534 7.319 7.458 7.436 7.507 7.318 7.282 6.966 6.743 6.591 6.361 6.361 6.302 6.442 6.509 6.525 6.545 6.522 6.669 6.548 6.419 6.330 6.107 6.132 6.518 6.732 6.801 6.783 7.024 7.377 7.938 8.523 9.152 9.457 9.660 9.198 8.083 14.376 34.037 12.927 21.813 7.779 7.817 8.271 6.939 7.603 6.039 5.877 3.961 3.644 4.760 5.710 6.586 7.052 7.484 7.642 8.432 8.852 9.219 8.225 7.172 6.223 5.630 6.205 6.358 5.124 3.500 3.457 3.738 3.228 3.991 5.033 5.302 4.560
