data-raw/precipfiles/06_grid_data_6000BP.asc
ncols 144
nrows 72
xllcorner -180
yllcorner -90
cellsize 2.5
nodata_value -9999
[rows 34 to 67 of 72, columns 0 to 76 of 144]
6.129 5.688 5.555 5.378 5.024 4.906 4.765 4.557 4.321 4.191 3.680 3.565 3.353 3.179 3.069 3.057 3.032 2.954 2.966 3.013 3.058 3.117 2.836 2.705 2.481 2.408 2.355 2.475 2.698 2.839 2.877 3.413 3.924 4.425 4.738 4.887 4.717 3.968 3.361 4.154 13.187 7.366 6.842 8.185 12.109 11.026 9.525 6.488 6.239 6.512 9.848 11.433 4.226 5.443 5.651 6.603 6.949 7.427 7.356 7.252 7.291 7.349 6.880 6.250 5.052 4.221 3.868 3.720 3.864 4.046 3.125 3.597 2.835 3.465 5.435 6.430 4.849
4.097 3.762 3.164 2.524 2.286 2.295 2.241 2.038 1.877 1.840 1.769 1.721 1.508 1.448 1.401 1.389 1.399 1.327 1.271 1.227 1.211 1.182 1.166 1.135 1.088 1.075 1.051 1.104 1.249 1.337 1.363 1.428 1.504 1.568 1.438 1.290 1.225 1.139 1.070 1.592 6.257 6.643 7.364 8.530 9.353 11.592 9.157 8.430 11.939 8.742 7.297 10.035 9.660 4.173 3.881 4.574 4.833 5.233 5.086 4.626 4.159 3.847 3.318 3.075 2.519 2.125 1.843 1.836 1.711 1.798 1.986 2.228 2.521 2.724 2.866 6.329 4.847
3.080 3.030 2.373 1.941 1.786 1.855 1.915 1.784 1.630 1.527 1.528 1.501 1.369 1.267 1.254 1.214 1.145 1.094 1.067 1.081 1.062 1.032 0.992 0.940 0.896 0.858 0.772 0.779 0.822 0.878 0.910 0.859 0.852 0.858 0.828 0.757 0.700 0.650 0.748 2.126 5.423 6.617 7.326 12.053 7.827 7.290 15.607 8.726 12.929 17.645 5.371 6.665 9.095 7.199 5.363 2.941 3.121 3.274 3.119 2.677 2.197 1.849 1.572 1.237 0.942 0.811 0.738 0.747 0.841 0.945 1.133 1.322 1.575 1.829 2.297 4.150 4.751
4.369 3.840 3.373 2.998 2.823 2.619 2.478 2.206 1.988 1.788 1.721 1.701 1.634 1.562 1.561 1.494 1.415 1.294 1.166 1.142 1.180 1.150 1.176 1.086 1.046 1.011 0.936 0.943 0.950 0.951 0.939 0.905 0.854 0.813 0.855 0.869 0.828 0.668 0.532 1.312 4.214 6.210 6.664 20.483 8.105 6.525 7.816 6.431 5.607 7.444 6.168 5.226 6.371 5.540 4.960 3.314 2.616 2.637 2.550 2.328 1.928 1.646 1.205 0.936 0.689 0.581 0.531 0.484 0.481 0.490 0.531 0.612 0.787 1.007 1.352 2.593 3.633
6.360 5.845 5.357 5.007 4.543 4.054 3.630 3.272 2.801 2.381 2.136 1.912 1.765 1.641 1.506 1.343 1.225 1.098 0.991 0.887 0.861 0.876 0.942 0.898 0.929 0.868 0.818 0.758 0.776 0.732 0.729 0.708 0.665 0.685 0.743 0.692 0.641 0.523 0.360 0.458 2.204 4.537 6.346 31.918 41.506 7.464 6.284 5.952 5.455 6.034 8.218 -9999 -9999 -9999 3.681 2.696 2.478 2.210 3.615 1.706 1.260 1.017 0.747 0.546 0.410 0.322 0.281 0.224 0.188 0.175 0.208 0.210 0.266 0.379 0.561 0.872 2.057
7.088 6.799 6.645 6.536 5.935 5.519 4.989 4.554 4.029 3.567 3.119 2.676 2.436 2.066 1.729 1.433 1.223 1.107 0.958 0.805 0.706 0.639 0.610 0.545 0.526 0.484 0.435 0.395 0.406 0.415 0.434 0.431 0.394 0.457 0.491 0.414 0.440 0.424 0.267 0.120 1.285 5.956 5.376 9.154 16.524 15.196 6.564 6.852 5.977 6.350 -9999 -9999 21.756 9.854 2.479 1.817 2.117 3.074 4.541 1.289 0.869 0.607 0.494 0.404 0.315 0.231 0.188 0.157 0.147 0.151 0.171 0.171 0.150 0.149 0.189 0.283 0.579
6.808 6.625 6.562 6.610 6.237 6.010 5.742 5.360 4.809 4.283 3.860 3.322 2.898 2.479 2.086 1.782 1.510 1.332 1.093 0.885 0.743 0.601 0.501 0.428 0.354 0.318 0.243 0.215 0.217 0.218 0.223 0.220 0.192 0.190 0.211 0.217 0.252 0.268 0.209 0.088 0.497 2.558 5.233 6.020 6.991 10.823 88.639 10.379 15.407 19.197 -9999 -9999 18.690 3.871 2.337 1.857 2.436 3.780 1.393 0.963 0.680 0.513 0.439 0.380 0.290 0.233 0.185 0.164 0.154 0.152 0.162 0.174 0.182 0.153 0.140 0.152 0.348
5.747 5.774 5.831 5.816 5.579 5.614 5.612 5.441 5.097 4.703 4.264 3.902 3.296 2.806 2.424 2.211 2.082 1.840 1.602 1.368 1.169 0.971 0.734 0.609 0.554 0.486 0.377 0.302 0.241 0.259 0.276 0.234 0.191 0.161 0.160 0.163 0.173 0.194 0.245 0.125 0.100 0.706 2.425 5.342 5.450 5.634 6.010 6.048 5.816 5.236 5.257 4.976 4.419 3.646 2.331 2.163 3.839 1.598 1.333 0.930 0.667 0.502 0.402 0.352 0.274 0.234 0.192 0.171 0.155 0.148 0.145 0.153 0.174 0.191 0.215 0.185 0.445
4.243 4.414 4.676 4.781 4.913 5.026 5.009 4.893 4.862 4.836 4.642 4.381 3.899 3.514 3.109 2.872 2.757 2.544 2.231 1.923 1.560 1.333 0.976 0.738 0.610 0.519 0.406 0.328 0.268 0.246 0.234 0.222 0.196 0.177 0.182 0.189 0.195 0.209 0.239 0.190 0.115 0.075 0.545 1.148 2.251 5.614 5.801 4.108 4.102 4.141 4.720 4.173 3.983 3.449 2.796 2.654 3.481 1.719 1.461 1.120 0.753 0.597 0.466 0.378 0.301 0.268 0.244 0.218 0.195 0.181 0.179 0.190 0.206 0.215 0.235 0.140 0.248
3.670 3.778 4.029 4.289 4.474 4.435 4.514 4.543 4.561 4.698 4.733 4.648 4.259 3.981 3.610 3.525 3.408 3.083 2.804 2.491 2.132 1.705 1.294 1.034 0.882 0.730 0.565 0.465 0.383 0.346 0.306 0.274 0.251 0.230 0.218 0.216 0.237 0.247 0.251 0.217 0.147 0.105 0.104 0.085 0.723 1.565 2.786 3.193 3.350 3.818 4.636 4.266 3.905 3.738 3.574 3.395 3.336 2.147 1.874 1.338 1.012 0.750 0.554 0.437 0.354 0.327 0.305 0.272 0.237 0.218 0.208 0.216 0.235 0.237 0.226 0.141 0.271
3.677 3.794 3.841 3.950 4.114 4.196 4.074 4.232 4.381 4.546 4.597 4.718 4.826 4.702 4.585 4.496 4.265 3.819 3.463 3.136 2.804 2.341 1.842 1.506 1.243 1.103 0.898 0.736 0.618 0.550 0.505 0.454 0.393 0.335 0.293 0.268 0.258 0.257 0.243 0.227 0.174 0.121 0.081 0.041 0.281 1.249 2.893 2.386 3.233 4.283 4.792 4.150 4.132 4.421 4.390 4.128 2.819 2.831 2.721 2.132 1.650 1.315 0.970 0.731 0.526 0.452 0.399 0.355 0.301 0.264 0.242 0.240 0.244 0.241 0.224 0.164 0.118
3.635 3.834 3.904 3.918 4.059 4.222 4.171 4.230 4.234 4.345 4.366 4.606 4.885 5.075 5.015 4.948 4.781 4.488 4.108 3.746 3.416 3.044 2.620 2.241 1.950 1.736 1.481 1.291 1.133 0.989 0.853 0.766 0.686 0.594 0.453 0.380 0.343 0.305 0.270 0.240 0.220 0.153 0.110 0.041 0.295 2.011 2.683 2.673 3.697 4.928 5.076 4.759 4.508 5.302 5.580 4.115 3.456 4.014 3.597 3.134 2.627 2.204 1.714 1.403 1.050 0.800 0.645 0.538 0.453 0.378 0.323 0.282 0.257 0.240 0.226 0.201 0.147
3.544 3.733 3.882 4.010 4.133 4.272 4.243 4.313 4.296 4.257 4.292 4.484 4.686 4.980 5.153 5.274 5.082 4.933 4.750 4.516 4.148 3.712 3.338 2.959 2.762 2.538 2.261 1.929 1.745 1.638 1.437 1.268 1.148 0.980 0.763 0.615 0.501 0.419 0.333 0.290 0.253 0.209 0.150 0.095 0.432 2.211 2.383 3.109 4.242 5.111 5.673 5.629 5.457 3.893 3.717 4.004 4.296 4.711 4.461 4.136 3.685 3.130 2.589 2.198 1.864 1.489 1.287 0.988 0.734 0.605 0.475 0.392 0.340 0.285 0.262 0.236 0.217
3.350 3.454 3.580 3.912 4.177 4.178 4.155 4.169 4.161 4.154 4.186 4.320 4.510 4.748 4.917 5.194 5.100 5.007 4.995 5.141 4.733 4.251 3.908 3.610 3.423 3.251 3.048 2.760 2.441 2.270 2.032 1.833 1.657 1.470 1.187 0.953 0.768 0.635 0.504 0.422 0.361 0.289 0.210 0.248 0.596 1.267 2.072 2.983 4.107 5.373 5.726 5.212 5.264 4.034 4.124 4.338 4.514 4.852 4.823 4.647 4.467 4.279 3.660 3.192 2.873 2.476 1.979 1.617 1.214 0.949 0.746 0.592 0.508 0.415 0.361 0.333 0.334
3.144 3.139 3.220 3.502 3.678 3.801 3.944 3.961 3.971 3.996 3.889 4.082 4.150 4.449 4.594 4.760 4.740 4.790 4.922 5.133 4.959 4.622 4.399 4.226 4.053 3.726 3.506 3.348 3.136 2.901 2.637 2.410 2.156 1.896 1.635 1.415 1.175 1.005 0.848 0.710 0.573 0.465 0.332 0.773 0.607 1.557 2.382 3.023 3.733 4.434 4.858 4.797 4.537 4.591 4.612 4.632 4.766 5.053 4.981 4.802 4.646 4.485 4.134 3.673 3.483 3.128 2.770 2.568 1.973 1.735 1.323 1.089 0.926 0.765 0.707 0.600 0.595
2.928 2.946 3.036 3.127 3.393 3.631 3.727 3.790 3.897 3.846 3.901 3.972 4.025 4.139 4.188 4.389 4.447 4.575 4.679 4.691 4.770 4.688 4.503 4.370 4.205 3.967 3.824 3.629 3.456 3.216 2.907 2.831 2.665 2.418 2.149 1.925 1.687 1.509 1.329 1.100 0.892 0.683 0.638 1.883 1.273 1.865 2.437 2.814 3.637 4.052 4.264 3.998 4.251 4.629 4.708 4.756 4.749 5.030 4.919 4.881 4.765 4.607 4.402 4.051 3.879 3.504 3.164 2.790 2.697 2.325 2.140 1.801 1.591 1.363 1.158 1.007 0.894
2.570 2.602 2.653 2.791 3.020 3.262 3.419 3.491 3.439 3.467 3.598 3.658 3.642 3.774 3.908 3.924 4.125 4.221 4.272 4.239 4.300 4.296 4.177 4.151 4.060 3.947 3.926 3.856 3.652 3.415 3.160 3.031 2.846 2.735 2.534 2.300 2.034 1.864 1.690 1.504 1.275 0.996 3.607 2.936 1.453 1.709 2.262 2.706 2.938 3.094 3.699 3.736 3.934 4.281 4.495 4.676 4.575 4.778 4.701 4.635 4.598 4.461 4.422 4.235 4.071 3.884 3.526 3.248 3.204 2.948 2.874 2.602 2.404 2.065 1.882 1.661 1.550
2.583 2.562 2.493 2.548 2.860 3.141 3.250 3.332 3.391 3.259 3.311 3.312 3.267 3.364 3.440 3.623 3.840 3.936 3.945 3.923 4.091 4.002 3.873 3.896 3.974 3.930 3.893 3.766 3.651 3.465 3.397 3.393 3.157 3.060 2.903 2.715 2.450 2.247 2.077 1.926 1.742 1.341 4.216 3.234 1.249 1.145 1.509 2.401 2.602 3.280 3.343 3.411 3.816 4.123 4.342 4.501 4.381 4.489 4.442 4.409 4.356 4.342 4.381 4.420 4.360 4.092 3.815 3.725 3.498 3.415 3.347 3.280 3.104 2.824 2.618 2.394 2.293
2.359 2.382 2.503 2.387 2.512 2.689 2.795 2.897 2.829 2.828 2.769 2.801 2.946 3.060 3.081 3.056 3.060 3.309 3.443 3.558 3.674 3.748 3.809 3.820 3.668 3.714 3.571 3.738 3.624 3.572 3.427 3.493 3.359 3.297 3.037 3.035 2.786 2.622 2.452 2.402 2.191 2.493 5.188 3.751 1.123 0.900 1.108 1.776 2.334 2.561 3.096 3.399 3.521 3.394 3.457 3.725 3.676 3.744 3.950 4.064 4.054 4.218 3.959 3.887 3.799 3.879 3.791 3.646 3.521 3.436 3.434 3.377 3.296 3.194 2.971 2.900 2.727
2.298 2.109 2.352 2.380 2.367 2.333 2.411 2.458 2.440 2.447 2.447 2.519 2.541 2.713 2.656 2.594 2.646 2.789 2.836 2.939 2.983 3.015 3.150 3.174 3.069 3.165 3.109 3.165 3.075 3.224 3.089 3.165 3.056 3.049 3.009 2.897 2.825 2.766 2.553 2.568 2.520 2.887 6.273 4.527 0.919 0.883 1.478 2.211 2.250 2.629 2.996 3.161 3.155 3.114 3.131 3.230 3.108 3.292 3.425 3.655 3.666 3.798 3.647 3.574 3.497 3.512 3.556 3.451 3.367 3.348 3.212 3.282 3.316 3.278 3.031 3.170 3.032
2.231 2.339 2.325 2.357 2.335 2.328 2.257 2.322 2.295 2.334 2.292 2.295 2.352 2.386 2.425 2.468 2.480 2.583 2.626 2.600 2.666 2.702 2.709 2.748 2.726 2.750 2.741 2.802 2.773 2.849 2.848 2.887 2.883 2.926 2.765 2.845 2.682 2.805 2.726 2.746 2.817 3.219 4.384 1.615 0.970 0.890 2.215 2.270 2.225 2.448 2.698 2.979 3.073 3.085 3.077 3.180 3.207 3.172 3.263 3.239 3.169 3.174 3.110 3.185 3.214 3.180 3.101 3.063 3.087 2.999 3.039 3.071 3.153 3.169 3.117 3.202 3.161
2.127 2.308 2.349 2.369 2.388 2.337 2.258 2.292 2.300 2.369 2.250 2.287 2.322 2.262 2.325 2.378 2.386 2.418 2.373 2.404 2.422 2.434 2.371 2.444 2.477 2.507 2.504 2.510 2.515 2.553 2.624 2.609 2.598 2.695 2.634 2.605 2.573 2.668 2.701 2.786 3.007 2.810 2.517 1.272 0.992 0.999 2.355 2.333 2.262 2.330 2.510 2.773 2.948 2.999 2.958 3.016 3.028 2.954 2.941 2.961 2.924 2.982 2.989 2.958 2.850 2.883 2.957 2.886 2.837 2.805 2.829 2.859 2.844 2.924 2.922 2.948 2.885
2.200 2.213 2.262 2.305 2.249 2.296 2.283 2.288 2.285 2.368 2.376 2.390 2.350 2.362 2.361 2.348 2.387 2.425 2.409 2.403 2.391 2.377 2.298 2.337 2.359 2.421 2.395 2.436 2.424 2.460 2.463 2.508 2.500 2.551 2.587 2.621 2.603 2.618 2.636 2.762 2.994 3.961 4.203 1.379 1.010 2.562 2.673 2.534 2.213 2.551 2.519 2.629 2.755 2.681 2.697 2.711 2.756 2.753 2.764 2.820 2.869 2.892 2.846 2.837 2.846 2.861 2.805 2.775 2.709 2.745 2.712 2.762 2.758 2.769 2.809 2.841 2.823
2.338 2.377 2.340 2.378 2.373 2.402 2.388 2.451 2.435 2.456 2.497 2.556 2.532 2.565 2.560 2.584 2.553 2.582 2.563 2.591 2.566 2.581 2.470 2.478 2.439 2.455 2.457 2.546 2.531 2.586 2.554 2.551 2.554 2.614 2.602 2.654 2.665 2.650 2.695 2.760 2.955 3.298 5.489 2.492 1.414 2.281 3.008 2.934 2.754 2.739 2.695 2.746 2.759 2.770 2.767 2.734 2.768 2.981 2.887 2.900 2.856 2.883 2.881 2.939 2.954 2.946 2.926 2.877 2.789 2.738 2.738 2.745 2.693 2.681 2.733 2.817 2.804
2.640 2.676 2.598 2.609 2.581 2.625 2.672 2.742 2.702 2.699 2.707 2.734 2.719 2.736 2.775 2.822 2.848 2.833 2.847 2.839 2.819 2.852 2.781 2.755 2.709 2.742 2.704 2.751 2.787 2.839 2.814 2.838 2.821 2.823 2.814 2.829 2.822 2.844 2.800 2.905 2.973 3.156 3.305 2.686 2.504 2.998 3.507 3.275 3.025 2.969 2.910 2.929 2.910 2.941 2.945 2.943 2.944 2.970 3.014 3.040 2.966 2.952 2.993 3.014 2.999 3.015 2.981 2.912 2.899 2.908 2.867 2.811 2.775 2.768 2.814 2.810 2.846
2.756 2.857 2.807 2.781 2.716 2.750 2.760 2.804 2.747 2.725 2.702 2.721 2.704 2.709 2.751 2.835 2.851 2.866 2.863 2.859 2.830 2.822 2.775 2.739 2.710 2.735 2.711 2.731 2.754 2.836 2.835 2.845 2.806 2.803 2.771 2.768 2.729 2.758 2.754 2.789 2.836 2.934 2.928 2.932 2.858 2.979 2.982 2.971 2.882 2.893 2.835 2.851 2.800 2.827 2.779 2.778 2.721 2.681 2.661 2.658 2.593 2.643 2.703 2.695 2.646 2.643 2.598 2.611 2.577 2.600 2.564 2.519 2.458 2.498 2.521 2.534 2.531
2.384 2.492 2.504 2.477 2.421 2.424 2.388 2.359 2.305 2.311 2.295 2.313 2.290 2.287 2.266 2.328 2.386 2.399 2.421 2.396 2.373 2.342 2.318 2.304 2.294 2.317 2.321 2.301 2.317 2.369 2.358 2.353 2.317 2.308 2.281 2.293 2.276 2.328 2.358 2.357 2.386 2.434 2.431 2.400 2.343 2.373 2.360 2.369 2.339 2.400 2.389 2.342 2.210 2.208 2.159 2.105 2.031 2.022 1.985 1.972 1.975 2.029 2.027 2.029 1.995 1.993 1.967 1.998 1.979 1.980 1.998 1.982 1.918 1.923 1.954 1.971 1.974
1.848 1.889 1.890 1.868 1.833 1.833 1.821 1.780 1.758 1.757 1.734 1.755 1.737 1.718 1.708 1.721 1.754 1.792 1.844 1.859 1.846 1.845 1.832 1.848 1.868 1.876 1.862 1.842 1.855 1.873 1.851 1.849 1.846 1.830 1.831 1.849 1.862 1.905 1.928 1.942 1.952 1.965 1.998 2.009 2.003 2.042 2.117 2.246 2.350 2.420 2.023 1.776 1.604 1.548 1.459 1.445 1.411 1.401 1.383 1.407 1.418 1.443 1.429 1.434 1.398 1.396 1.370 1.356 1.336 1.350 1.406 1.416 1.381 1.375 1.353 1.381 1.402
1.315 1.297 1.325 1.334 1.334 1.324 1.336 1.374 1.368 1.347 1.327 1.311 1.333 1.338 1.365 1.379 1.415 1.431 1.464 1.455 1.472 1.468 1.497 1.520 1.564 1.595 1.615 1.607 1.631 1.662 1.662 1.671 1.694 1.684 1.716 1.715 1.721 1.758 1.764 1.741 1.710 1.740 1.762 1.776 1.744 1.980 2.275 2.325 2.128 1.855 1.573 1.438 1.290 1.244 1.186 1.179 1.154 1.166 1.157 1.177 1.145 1.159 1.143 1.144 1.112 1.075 1.059 1.030 1.004 0.996 1.031 1.048 1.065 1.065 1.080 1.093 1.109
1.177 1.171 1.192 1.224 1.226 1.240 1.270 1.299 1.308 1.287 1.266 1.239 1.244 1.257 1.287 1.309 1.327 1.335 1.353 1.371 1.425 1.424 1.434 1.443 1.459 1.492 1.521 1.533 1.564 1.585 1.608 1.598 1.625 1.626 1.635 1.647 1.641 1.660 1.643 1.638 1.658 1.713 1.813 1.907 1.911 2.090 2.128 2.011 1.840 1.628 1.466 1.351 1.219 1.171 1.105 1.103 1.087 1.100 1.069 1.059 1.028 1.024 0.980 0.967 0.933 0.920 0.891 0.879 0.862 0.846 0.820 0.830 0.844 0.902 0.936 0.933 0.909
1.030 0.992 1.010 1.010 1.046 1.049 1.073 1.085 1.105 1.104 1.092 1.082 1.093 1.087 1.119 1.146 1.176 1.192 1.191 1.195 1.141 1.137 1.152 1.156 1.245 1.278 1.374 1.399 1.451 1.441 1.432 1.435 1.454 1.410 1.354 1.374 1.354 1.376 1.410 1.429 1.492 1.654 1.843 1.953 1.641 1.664 1.673 1.729 1.612 1.407 1.363 1.288 1.171 1.134 1.041 1.007 0.962 0.964 0.902 0.882 0.832 0.823 0.774 0.746 0.693 0.731 0.774 0.823 0.820 0.755 0.655 0.590 0.477 0.528 0.536 0.543 0.499
0.936 0.909 0.895 0.895 0.932 0.938 0.956 0.953 0.963 0.966 0.980 0.989 0.993 1.018 1.081 1.109 1.182 1.223 1.218 1.276 1.299 1.323 1.305 1.269 1.349 1.362 1.495 1.495 1.520 1.528 1.648 1.715 1.737 1.689 1.616 1.573 1.400 1.362 1.360 1.390 1.454 1.487 1.488 1.476 1.374 1.394 1.440 1.466 1.362 1.241 1.237 1.183 1.095 1.077 0.993 0.959 0.889 0.868 0.797 0.780 0.723 0.737 0.692 0.699 0.645 0.725 0.684 0.682 0.595 0.694 0.627 0.625 0.496 0.622 0.614 0.727 0.610
0.734 0.743 0.765 0.788 0.847 0.872 0.909 0.892 0.896 0.929 0.997 1.094 1.224 1.376 1.458 1.616 1.554 1.673 1.587 1.522 1.356 1.358 1.304 1.290 1.433 1.495 1.638 1.612 1.572 1.535 1.490 1.476 1.444 1.470 1.429 1.410 1.314 1.285 1.293 1.299 1.316 1.316 1.280 1.254 1.151 1.084 1.048 0.995 1.076 1.055 1.049 1.009 0.944 0.905 0.845 0.823 0.745 0.747 0.693 0.715 0.664 0.694 0.633 0.643 0.512 0.512 0.386 0.409 0.341 0.380 0.289 0.281 0.224 0.225 0.190 0.210 0.182
0.508 0.541 0.597 0.630 0.693 0.724 0.793 0.795 0.818 0.901 0.995 1.054 1.101 1.179 1.226 1.265 1.249 1.234 1.176 1.194 1.132 1.145 1.047 1.044 1.058 1.064 1.111 1.103 1.098 1.094 1.075 1.056 1.005 1.016 0.971 0.969 0.965 0.929 0.947 0.881 0.901 0.867 0.851 0.821 0.819 0.771 0.782 0.741 0.768 0.767 0.765 0.796 0.758 0.714 0.691 0.669 0.640 0.692 0.685 0.699 0.620 0.610 0.516 0.503 0.347 0.333 0.242 0.235 0.183 0.175 0.136 0.139 0.121 0.122 0.110 0.109 0.101
