data-raw/precipfiles/07_grid_data_7000BP.asc
ncols 144
nrows 72
xllcorner -180
yllcorner -90
cellsize 2.5
nodata_value -9999
[rows 34 to 67 of 72, columns 0 to 76 of 144]
6.295 5.928 5.748 5.495 5.138 5.084 5.004 4.839 4.592 4.424 3.981 3.859 3.599 3.372 3.251 3.198 3.112 2.981 2.944 3.008 3.034 3.098 2.864 2.756 2.575 2.437 2.333 2.399 2.567 2.637 2.593 2.987 3.375 3.808 4.088 4.175 4.067 3.527 3.259 4.075 12.883 7.020 6.547 7.686 9.573 10.051 9.325 6.244 5.789 5.951 8.522 10.636 4.006 5.338 5.997 6.968 7.079 7.456 7.304 7.219 7.052 7.107 6.691 6.238 5.169 4.302 3.971 3.821 3.974 4.133 3.131 3.622 2.830 3.479 5.447 6.298 4.800
4.780 4.434 3.772 3.013 2.684 2.679 2.588 2.287 2.117 2.052 1.946 1.851 1.594 1.517 1.465 1.427 1.413 1.327 1.258 1.229 1.187 1.135 1.099 1.059 1.018 1.010 0.989 1.029 1.155 1.215 1.216 1.277 1.352 1.424 1.325 1.191 1.137 1.075 1.043 1.563 6.257 6.794 7.693 8.427 8.948 9.714 8.323 8.646 10.337 7.561 7.122 9.395 9.307 4.004 3.958 4.829 5.069 5.393 5.164 4.742 4.270 3.954 3.365 3.154 2.595 2.176 1.873 1.845 1.696 1.779 1.964 2.213 2.528 2.772 2.913 6.408 4.809
3.821 3.739 2.890 2.329 2.121 2.164 2.205 2.077 1.886 1.739 1.710 1.656 1.511 1.385 1.339 1.272 1.194 1.134 1.098 1.103 1.051 0.993 0.930 0.875 0.828 0.786 0.709 0.718 0.758 0.807 0.832 0.789 0.797 0.805 0.781 0.732 0.683 0.636 0.719 2.023 5.316 6.993 8.413 13.397 8.028 6.892 12.304 8.399 10.906 13.618 6.443 8.271 9.764 7.581 5.589 3.117 3.343 3.472 3.259 2.798 2.302 1.939 1.621 1.269 0.962 0.820 0.738 0.735 0.833 0.948 1.145 1.329 1.583 1.859 2.355 4.236 4.800
4.809 4.258 3.711 3.248 3.050 2.842 2.703 2.410 2.163 1.951 1.879 1.848 1.781 1.709 1.740 1.645 1.543 1.408 1.269 1.244 1.255 1.187 1.199 1.115 1.067 1.026 0.946 0.957 0.968 0.958 0.935 0.901 0.879 0.834 0.867 0.872 0.835 0.674 0.523 1.259 4.131 6.163 7.568 27.705 9.083 6.913 7.632 6.339 5.966 7.276 6.554 6.584 7.794 7.479 5.715 3.730 2.911 2.838 2.722 2.470 2.055 1.763 1.260 0.970 0.702 0.586 0.530 0.476 0.477 0.491 0.538 0.613 0.782 0.996 1.357 2.648 3.714
6.562 6.060 5.534 5.147 4.694 4.199 3.775 3.411 2.932 2.516 2.284 2.056 1.907 1.783 1.655 1.483 1.341 1.206 1.092 0.974 0.933 0.939 0.993 0.955 0.982 0.910 0.854 0.800 0.823 0.769 0.758 0.735 0.701 0.720 0.773 0.713 0.665 0.542 0.371 0.452 2.175 4.499 6.678 51.670 119.602 8.909 7.531 6.737 6.083 7.715 17.546 -9999 -9999 -9999 4.703 3.423 3.007 2.482 3.884 1.783 1.312 1.054 0.774 0.563 0.425 0.339 0.295 0.233 0.198 0.186 0.220 0.221 0.274 0.380 0.563 0.876 2.094
6.893 6.614 6.496 6.396 5.814 5.419 4.907 4.489 4.037 3.627 3.232 2.824 2.600 2.224 1.862 1.546 1.321 1.205 1.052 0.891 0.777 0.699 0.668 0.603 0.579 0.522 0.468 0.430 0.450 0.451 0.466 0.461 0.421 0.481 0.502 0.420 0.456 0.448 0.275 0.124 1.285 6.090 5.802 12.303 24.569 42.574 7.478 8.227 6.790 7.555 -9999 -9999 45.436 19.397 3.226 2.169 2.578 3.517 4.948 1.395 0.934 0.650 0.526 0.434 0.345 0.257 0.212 0.179 0.166 0.173 0.198 0.196 0.169 0.165 0.201 0.291 0.585
6.547 6.356 6.303 6.358 6.013 5.799 5.541 5.183 4.727 4.277 3.926 3.411 3.019 2.614 2.218 1.896 1.607 1.418 1.180 0.968 0.821 0.667 0.566 0.484 0.402 0.353 0.264 0.235 0.237 0.235 0.240 0.237 0.204 0.202 0.210 0.218 0.252 0.280 0.214 0.093 0.504 2.634 5.619 6.989 9.453 13.756 67.506 10.542 15.577 17.813 -9999 -9999 38.909 5.194 2.855 2.095 2.648 4.106 1.555 1.070 0.757 0.573 0.486 0.422 0.330 0.268 0.219 0.192 0.179 0.179 0.192 0.205 0.221 0.179 0.169 0.169 0.358
5.548 5.536 5.600 5.610 5.393 5.435 5.438 5.277 5.002 4.663 4.271 3.907 3.313 2.845 2.489 2.279 2.127 1.876 1.648 1.437 1.247 1.051 0.822 0.710 0.643 0.526 0.400 0.310 0.239 0.251 0.259 0.211 0.175 0.148 0.149 0.153 0.163 0.185 0.241 0.129 0.108 0.731 2.555 5.770 5.971 6.597 6.671 6.308 6.175 5.648 5.651 5.649 5.104 4.295 2.535 2.289 3.998 1.699 1.438 1.029 0.750 0.577 0.454 0.396 0.304 0.256 0.208 0.184 0.167 0.160 0.157 0.166 0.193 0.236 0.301 0.235 0.481
4.109 4.237 4.501 4.646 4.834 4.985 4.972 4.853 4.812 4.777 4.551 4.242 3.773 3.423 3.049 2.818 2.680 2.492 2.211 1.942 1.575 1.347 0.996 0.774 0.649 0.530 0.409 0.328 0.267 0.243 0.232 0.226 0.199 0.181 0.183 0.187 0.192 0.204 0.238 0.190 0.119 0.080 0.574 1.203 2.325 5.719 6.098 4.253 4.247 4.433 4.942 4.389 4.251 3.771 2.972 2.493 3.435 1.756 1.508 1.192 0.815 0.642 0.495 0.395 0.315 0.280 0.253 0.226 0.201 0.186 0.183 0.192 0.208 0.220 0.263 0.158 0.261
3.536 3.624 3.896 4.198 4.460 4.461 4.549 4.560 4.541 4.654 4.634 4.547 4.124 3.863 3.477 3.379 3.246 2.941 2.703 2.433 2.088 1.664 1.278 1.046 0.902 0.750 0.569 0.465 0.381 0.340 0.300 0.273 0.256 0.238 0.225 0.221 0.238 0.245 0.248 0.216 0.145 0.109 0.111 0.089 0.732 1.539 2.705 3.099 3.301 3.923 4.601 4.323 4.046 3.675 3.582 3.274 3.250 2.149 1.894 1.375 1.054 0.780 0.569 0.440 0.361 0.331 0.306 0.273 0.236 0.217 0.206 0.213 0.229 0.230 0.229 0.144 0.299
3.517 3.662 3.769 3.940 4.187 4.304 4.183 4.304 4.419 4.543 4.556 4.700 4.785 4.629 4.437 4.298 4.048 3.636 3.319 3.029 2.712 2.273 1.812 1.511 1.273 1.140 0.923 0.748 0.621 0.545 0.491 0.439 0.386 0.337 0.300 0.277 0.262 0.257 0.240 0.223 0.172 0.120 0.084 0.043 0.282 1.200 2.732 2.259 3.091 4.222 4.710 4.040 4.244 4.410 4.211 4.109 2.821 2.842 2.740 2.169 1.692 1.351 0.990 0.751 0.546 0.465 0.405 0.355 0.298 0.258 0.236 0.235 0.239 0.233 0.219 0.160 0.121
3.520 3.762 3.933 4.036 4.283 4.455 4.390 4.422 4.433 4.535 4.530 4.757 4.997 5.083 4.942 4.821 4.656 4.358 3.997 3.666 3.345 3.007 2.620 2.255 1.979 1.767 1.525 1.326 1.146 0.984 0.835 0.738 0.655 0.571 0.447 0.384 0.347 0.304 0.267 0.236 0.217 0.152 0.111 0.042 0.293 1.884 2.498 2.515 3.545 4.790 5.152 4.834 4.574 5.444 5.727 4.231 3.526 4.073 3.611 3.144 2.645 2.226 1.724 1.427 1.107 0.850 0.680 0.555 0.456 0.374 0.318 0.278 0.253 0.235 0.219 0.194 0.142
3.449 3.688 3.919 4.130 4.358 4.563 4.536 4.574 4.543 4.494 4.502 4.683 4.884 5.095 5.237 5.356 5.161 4.971 4.729 4.477 4.124 3.714 3.380 3.008 2.819 2.596 2.298 1.965 1.763 1.641 1.417 1.233 1.115 0.950 0.744 0.612 0.504 0.420 0.331 0.288 0.252 0.206 0.148 0.093 0.414 2.061 2.210 2.791 3.921 4.853 5.716 5.696 5.496 3.982 3.824 4.132 4.362 4.749 4.463 4.137 3.688 3.149 2.610 2.211 1.904 1.550 1.352 1.036 0.763 0.616 0.476 0.392 0.339 0.283 0.255 0.229 0.209
3.218 3.353 3.553 3.933 4.248 4.320 4.352 4.374 4.353 4.322 4.321 4.459 4.673 4.900 5.062 5.359 5.320 5.169 5.068 5.134 4.716 4.263 3.950 3.647 3.463 3.304 3.083 2.777 2.449 2.265 2.020 1.810 1.641 1.465 1.180 0.951 0.773 0.643 0.510 0.425 0.365 0.286 0.204 0.244 0.562 1.161 1.919 2.673 3.581 4.922 5.528 5.246 5.222 4.062 4.221 4.443 4.530 4.813 4.783 4.604 4.426 4.257 3.645 3.178 2.860 2.491 2.034 1.686 1.276 0.991 0.765 0.601 0.513 0.418 0.360 0.328 0.324
2.969 2.957 3.097 3.403 3.586 3.758 3.966 4.045 4.063 4.073 3.938 4.131 4.219 4.544 4.721 4.921 4.912 4.904 4.946 5.039 4.862 4.556 4.371 4.213 4.043 3.727 3.509 3.348 3.130 2.893 2.626 2.406 2.170 1.931 1.679 1.452 1.201 1.026 0.863 0.720 0.575 0.462 0.324 0.772 0.581 1.428 2.146 2.836 3.486 4.045 4.448 4.594 4.470 4.612 4.688 4.696 4.743 4.971 4.897 4.705 4.535 4.368 4.034 3.583 3.398 3.068 2.757 2.628 2.045 1.813 1.372 1.112 0.936 0.772 0.717 0.607 0.596
2.845 2.851 2.942 3.042 3.296 3.533 3.658 3.773 3.918 3.877 3.921 3.986 4.037 4.162 4.229 4.466 4.540 4.655 4.714 4.649 4.700 4.622 4.468 4.339 4.179 3.946 3.826 3.646 3.485 3.221 2.907 2.839 2.680 2.461 2.209 1.984 1.731 1.533 1.330 1.091 0.874 0.673 0.629 1.890 1.176 1.733 2.243 2.601 3.454 3.822 4.120 3.915 4.258 4.777 4.913 4.981 4.855 5.041 4.905 4.886 4.752 4.589 4.385 4.024 3.849 3.454 3.121 2.784 2.703 2.364 2.194 1.829 1.594 1.362 1.172 1.021 0.896
2.569 2.594 2.628 2.750 2.966 3.210 3.367 3.454 3.421 3.459 3.603 3.666 3.648 3.775 3.916 3.937 4.147 4.239 4.287 4.238 4.280 4.268 4.157 4.131 4.046 3.934 3.939 3.896 3.711 3.450 3.170 3.038 2.852 2.752 2.570 2.335 2.066 1.874 1.686 1.491 1.253 0.978 3.576 2.918 1.360 1.521 2.129 2.554 2.797 2.973 3.635 3.725 3.971 4.436 4.731 4.965 4.769 4.887 4.752 4.697 4.673 4.530 4.492 4.299 4.128 3.912 3.528 3.228 3.181 2.935 2.906 2.619 2.396 2.045 1.886 1.677 1.558
2.630 2.603 2.505 2.541 2.837 3.124 3.240 3.330 3.399 3.274 3.325 3.331 3.286 3.380 3.446 3.621 3.823 3.923 3.943 3.934 4.087 3.988 3.851 3.883 3.972 3.948 3.929 3.817 3.710 3.508 3.426 3.399 3.151 3.051 2.891 2.702 2.441 2.241 2.078 1.926 1.729 1.317 4.155 3.183 1.215 1.072 1.411 2.278 2.516 3.227 3.333 3.416 3.848 4.235 4.512 4.675 4.517 4.578 4.508 4.466 4.414 4.403 4.460 4.507 4.443 4.169 3.881 3.780 3.531 3.436 3.365 3.285 3.089 2.796 2.617 2.411 2.311
2.416 2.441 2.530 2.397 2.511 2.690 2.795 2.891 2.809 2.815 2.761 2.808 2.972 3.088 3.087 3.057 3.051 3.310 3.455 3.586 3.713 3.779 3.827 3.818 3.668 3.720 3.580 3.741 3.618 3.560 3.417 3.483 3.355 3.287 3.019 3.004 2.758 2.604 2.462 2.418 2.196 2.432 5.053 3.656 1.080 0.865 1.065 1.761 2.332 2.558 3.084 3.391 3.524 3.418 3.525 3.809 3.760 3.800 3.992 4.109 4.100 4.264 4.007 3.948 3.859 3.932 3.851 3.712 3.596 3.502 3.495 3.440 3.341 3.227 2.985 2.919 2.744
2.360 2.161 2.388 2.395 2.378 2.350 2.427 2.456 2.426 2.428 2.434 2.520 2.560 2.743 2.678 2.605 2.653 2.800 2.854 2.969 3.026 3.057 3.186 3.190 3.075 3.159 3.107 3.153 3.053 3.189 3.056 3.144 3.054 3.049 3.007 2.884 2.804 2.757 2.570 2.607 2.553 2.879 6.157 4.443 0.891 0.855 1.436 2.180 2.234 2.606 2.953 3.114 3.107 3.077 3.116 3.239 3.132 3.319 3.437 3.660 3.670 3.806 3.656 3.594 3.523 3.536 3.582 3.492 3.418 3.405 3.274 3.348 3.384 3.336 3.070 3.197 3.045
2.286 2.386 2.345 2.370 2.349 2.354 2.280 2.334 2.299 2.334 2.295 2.301 2.366 2.411 2.453 2.495 2.510 2.612 2.654 2.634 2.712 2.750 2.740 2.769 2.737 2.757 2.747 2.802 2.758 2.824 2.824 2.880 2.899 2.951 2.787 2.861 2.692 2.823 2.770 2.817 2.898 3.297 4.427 1.603 0.957 0.874 2.179 2.234 2.182 2.382 2.609 2.890 2.995 3.015 3.021 3.140 3.184 3.159 3.251 3.218 3.139 3.138 3.079 3.161 3.200 3.177 3.108 3.075 3.104 3.019 3.062 3.094 3.176 3.190 3.132 3.212 3.165
2.165 2.336 2.356 2.367 2.386 2.344 2.272 2.299 2.295 2.360 2.243 2.283 2.317 2.256 2.329 2.394 2.416 2.450 2.404 2.435 2.460 2.482 2.417 2.486 2.503 2.525 2.511 2.511 2.505 2.541 2.613 2.609 2.609 2.715 2.650 2.614 2.582 2.685 2.741 2.855 3.098 2.910 2.562 1.262 0.991 0.998 2.360 2.328 2.244 2.287 2.457 2.714 2.896 2.948 2.906 2.967 2.985 2.927 2.922 2.945 2.903 2.953 2.958 2.932 2.835 2.876 2.957 2.894 2.855 2.823 2.847 2.877 2.858 2.935 2.933 2.955 2.887
2.229 2.233 2.260 2.288 2.232 2.281 2.280 2.285 2.277 2.355 2.364 2.380 2.340 2.344 2.348 2.344 2.403 2.446 2.433 2.423 2.413 2.408 2.339 2.377 2.393 2.442 2.405 2.437 2.414 2.445 2.451 2.506 2.505 2.561 2.593 2.618 2.599 2.623 2.660 2.813 3.075 4.091 4.318 1.375 1.008 2.576 2.708 2.574 2.238 2.553 2.512 2.614 2.748 2.666 2.679 2.684 2.731 2.725 2.746 2.807 2.857 2.872 2.822 2.807 2.820 2.838 2.791 2.769 2.713 2.756 2.722 2.771 2.762 2.768 2.808 2.841 2.818
2.357 2.396 2.337 2.359 2.346 2.370 2.362 2.434 2.427 2.450 2.491 2.552 2.528 2.560 2.557 2.583 2.555 2.582 2.562 2.590 2.565 2.585 2.483 2.496 2.458 2.476 2.471 2.554 2.530 2.573 2.537 2.538 2.549 2.616 2.606 2.647 2.653 2.645 2.702 2.791 3.020 3.378 5.597 2.508 1.420 2.299 3.057 3.005 2.825 2.802 2.744 2.784 2.787 2.782 2.772 2.737 2.775 2.987 2.885 2.888 2.841 2.865 2.858 2.906 2.909 2.895 2.879 2.837 2.764 2.726 2.729 2.736 2.681 2.663 2.714 2.796 2.781
2.626 2.662 2.577 2.575 2.538 2.580 2.634 2.724 2.706 2.710 2.725 2.754 2.736 2.749 2.783 2.829 2.853 2.835 2.841 2.827 2.809 2.844 2.779 2.758 2.717 2.757 2.720 2.763 2.794 2.830 2.799 2.824 2.816 2.829 2.831 2.845 2.833 2.859 2.816 2.931 3.020 3.222 3.374 2.732 2.546 3.049 3.577 3.334 3.076 3.004 2.929 2.939 2.904 2.923 2.922 2.921 2.932 2.962 2.999 3.008 2.929 2.909 2.942 2.955 2.924 2.936 2.908 2.851 2.853 2.880 2.853 2.807 2.773 2.766 2.811 2.803 2.838
2.739 2.845 2.789 2.751 2.681 2.711 2.723 2.787 2.746 2.735 2.717 2.741 2.725 2.724 2.759 2.844 2.859 2.872 2.864 2.849 2.818 2.813 2.770 2.740 2.710 2.739 2.713 2.729 2.750 2.824 2.818 2.829 2.796 2.806 2.794 2.798 2.756 2.786 2.777 2.809 2.858 2.965 2.971 2.981 2.907 3.029 3.026 2.998 2.895 2.880 2.811 2.817 2.756 2.769 2.710 2.714 2.667 2.639 2.622 2.612 2.545 2.590 2.649 2.639 2.580 2.578 2.536 2.561 2.541 2.577 2.556 2.518 2.456 2.499 2.519 2.531 2.524
2.399 2.516 2.527 2.495 2.430 2.422 2.379 2.351 2.293 2.295 2.272 2.302 2.284 2.279 2.254 2.316 2.381 2.401 2.425 2.396 2.366 2.336 2.319 2.312 2.302 2.315 2.309 2.283 2.292 2.349 2.340 2.339 2.304 2.301 2.285 2.309 2.295 2.343 2.366 2.359 2.383 2.423 2.422 2.399 2.344 2.367 2.337 2.334 2.296 2.349 2.338 2.292 2.160 2.152 2.094 2.030 1.961 1.960 1.934 1.927 1.936 2.000 2.007 2.013 1.984 1.983 1.960 1.995 1.977 1.984 2.009 1.990 1.919 1.914 1.942 1.954 1.952
1.853 1.904 1.910 1.887 1.845 1.833 1.812 1.762 1.738 1.737 1.713 1.739 1.725 1.708 1.700 1.711 1.746 1.788 1.847 1.864 1.844 1.835 1.818 1.825 1.846 1.849 1.841 1.826 1.849 1.874 1.849 1.842 1.826 1.809 1.813 1.838 1.857 1.896 1.915 1.929 1.936 1.953 1.984 1.995 1.986 2.020 2.087 2.210 2.308 2.375 1.989 1.748 1.581 1.522 1.429 1.409 1.374 1.364 1.353 1.380 1.395 1.429 1.422 1.431 1.399 1.398 1.374 1.362 1.344 1.360 1.416 1.427 1.386 1.374 1.350 1.374 1.393
1.317 1.303 1.333 1.342 1.338 1.319 1.325 1.354 1.353 1.333 1.315 1.297 1.317 1.322 1.349 1.368 1.403 1.422 1.457 1.454 1.465 1.456 1.477 1.495 1.535 1.566 1.592 1.591 1.632 1.668 1.672 1.672 1.686 1.668 1.698 1.705 1.718 1.757 1.761 1.734 1.704 1.739 1.764 1.777 1.743 1.970 2.260 2.308 2.104 1.833 1.556 1.424 1.278 1.228 1.165 1.154 1.125 1.138 1.132 1.155 1.128 1.146 1.138 1.145 1.115 1.082 1.067 1.039 1.016 1.009 1.045 1.059 1.070 1.063 1.073 1.084 1.097
1.185 1.180 1.204 1.237 1.232 1.235 1.258 1.286 1.308 1.293 1.274 1.237 1.231 1.233 1.259 1.283 1.306 1.316 1.335 1.353 1.403 1.399 1.408 1.423 1.442 1.482 1.518 1.533 1.565 1.585 1.609 1.600 1.628 1.628 1.637 1.659 1.662 1.686 1.667 1.658 1.675 1.731 1.835 1.936 1.941 2.117 2.143 2.015 1.843 1.627 1.460 1.344 1.210 1.156 1.081 1.070 1.050 1.062 1.035 1.030 1.003 1.004 0.969 0.964 0.937 0.929 0.902 0.891 0.879 0.866 0.838 0.842 0.847 0.893 0.919 0.913 0.889
1.023 0.983 1.006 1.013 1.054 1.059 1.082 1.098 1.118 1.118 1.101 1.082 1.083 1.068 1.098 1.122 1.153 1.168 1.168 1.172 1.122 1.120 1.140 1.151 1.243 1.280 1.369 1.392 1.439 1.434 1.431 1.446 1.474 1.433 1.375 1.392 1.376 1.401 1.437 1.452 1.508 1.657 1.838 1.944 1.641 1.666 1.676 1.732 1.619 1.417 1.370 1.291 1.171 1.128 1.028 0.988 0.939 0.938 0.878 0.857 0.811 0.806 0.766 0.744 0.695 0.737 0.784 0.836 0.836 0.769 0.663 0.590 0.473 0.520 0.523 0.530 0.488
0.922 0.889 0.875 0.881 0.928 0.942 0.969 0.973 0.984 0.989 0.997 1.001 0.999 1.017 1.077 1.102 1.172 1.212 1.206 1.262 1.284 1.308 1.292 1.257 1.343 1.357 1.486 1.484 1.503 1.515 1.636 1.720 1.748 1.706 1.630 1.583 1.409 1.370 1.367 1.393 1.449 1.471 1.463 1.445 1.349 1.373 1.430 1.463 1.366 1.254 1.254 1.197 1.107 1.083 0.991 0.952 0.876 0.851 0.778 0.759 0.705 0.721 0.683 0.696 0.645 0.728 0.690 0.688 0.602 0.706 0.633 0.627 0.493 0.615 0.604 0.712 0.601
0.724 0.727 0.745 0.768 0.833 0.868 0.913 0.907 0.919 0.957 1.028 1.127 1.258 1.408 1.486 1.640 1.569 1.681 1.587 1.514 1.346 1.341 1.283 1.266 1.401 1.461 1.599 1.574 1.536 1.504 1.461 1.447 1.416 1.442 1.401 1.382 1.287 1.260 1.268 1.270 1.279 1.274 1.238 1.215 1.122 1.062 1.035 0.989 1.077 1.065 1.067 1.030 0.965 0.923 0.858 0.828 0.743 0.739 0.679 0.699 0.647 0.679 0.622 0.635 0.507 0.509 0.384 0.409 0.343 0.382 0.290 0.282 0.226 0.227 0.193 0.215 0.188
0.511 0.540 0.596 0.631 0.702 0.740 0.817 0.829 0.862 0.952 1.050 1.105 1.151 1.228 1.269 1.303 1.281 1.260 1.196 1.207 1.139 1.144 1.041 1.034 1.039 1.041 1.083 1.071 1.064 1.056 1.039 1.021 0.971 0.982 0.936 0.932 0.926 0.887 0.895 0.830 0.846 0.812 0.798 0.771 0.773 0.733 0.750 0.717 0.752 0.757 0.762 0.796 0.759 0.715 0.690 0.666 0.638 0.686 0.677 0.690 0.611 0.601 0.509 0.495 0.341 0.327 0.238 0.231 0.180 0.173 0.136 0.139 0.122 0.124 0.112 0.113 0.105
