data-raw/precipfiles/07_grid_data_7000BP.asc
ncols 144
nrows 72
xllcorner -180
yllcorner -90
cellsize 2.5
nodata_value -9999
[rows 0 to 33 of 72, columns 0 to 76 of 144]
0.453 0.463 0.478 0.466 0.436 0.457 0.456 0.462 0.487 0.498 0.462 0.472 0.480 0.489 0.469 0.460 0.477 0.481 0.480 0.471 0.454 0.477 0.471 0.495 0.481 0.482 0.491 0.476 0.483 0.487 0.485 0.470 0.460 0.462 0.476 0.478 0.459 0.480 0.484 0.496 0.517 0.542 0.515 0.514 0.535 0.529 0.541 0.540 0.509 0.527 0.528 0.527 0.544 0.546 0.544 0.533 0.520 0.541 0.534 0.521 0.519 0.527 0.520 0.535 0.529 0.523 0.543 0.529 0.535 0.529 0.542 0.547 0.564 0.569 0.549 0.565 0.552
0.475 0.466 0.474 0.464 0.455 0.446 0.456 0.456 0.455 0.456 0.452 0.447 0.450 0.455 0.453 0.454 0.451 0.456 0.456 0.453 0.452 0.459 0.456 0.468 0.457 0.455 0.443 0.457 0.440 0.448 0.451 0.448 0.441 0.438 0.422 0.430 0.421 0.423 0.434 0.465 0.429 0.434 0.429 0.427 0.439 0.439 0.436 0.435 0.457 0.432 0.430 0.423 0.414 0.414 0.405 0.412 0.395 0.427 0.422 0.402 0.406 0.403 0.410 0.407 0.408 0.420 0.421 0.426 0.428 0.435 0.439 0.432 0.427 0.438 0.442 0.441 0.443
0.443 0.449 0.448 0.436 0.437 0.439 0.435 0.427 0.419 0.423 0.428 0.420 0.430 0.429 0.423 0.425 0.427 0.427 0.427 0.424 0.432 0.423 0.419 0.424 0.415 0.419 0.417 0.421 0.427 0.425 0.420 0.412 0.404 0.404 0.396 0.404 0.413 0.424 0.452 0.466 0.467 0.466 0.476 0.476 0.485 0.495 0.485 0.478 0.423 0.404 0.377 0.380 0.362 0.355 0.369 0.347 0.360 0.379 0.418 0.434 0.437 0.421 0.415 0.380 0.392 0.387 0.420 0.425 0.431 0.430 0.423 0.428 0.437 0.441 0.440 0.454 0.461
0.505 0.502 0.501 0.491 0.487 0.493 0.484 0.476 0.472 0.463 0.477 0.464 0.454 0.455 0.449 0.437 0.441 0.447 0.432 0.436 0.429 0.428 0.417 0.421 0.407 0.424 0.412 0.413 0.419 0.429 0.424 0.440 0.429 0.463 0.505 0.435 0.417 0.406 0.412 0.422 0.398 0.428 0.594 0.544 0.391 0.384 0.397 0.429 0.377 0.350 0.316 0.325 0.312 0.282 0.271 0.244 0.264 0.286 0.340 0.356 0.367 0.387 0.434 0.392 0.545 0.801 0.609 0.510 0.506 0.489 0.483 0.508 0.563 0.597 0.633 0.653 0.646
0.566 0.560 0.565 0.555 0.542 0.543 0.520 0.514 0.497 0.495 0.487 0.479 0.466 0.470 0.458 0.447 0.445 0.444 0.437 0.437 0.424 0.419 0.412 0.409 0.412 0.399 0.405 0.425 0.395 0.414 0.430 0.456 0.458 0.507 0.392 0.423 0.411 0.376 0.402 0.428 0.434 0.443 0.458 0.446 0.432 0.417 0.358 0.333 0.284 0.310 0.256 0.314 0.263 0.249 0.207 0.188 0.193 0.184 0.211 0.210 0.247 0.283 0.369 0.473 0.597 0.466 0.553 0.550 0.576 0.584 0.632 0.706 0.771 0.846 0.895 0.925 1.195
0.608 0.607 0.611 0.605 0.597 0.594 0.581 0.572 0.565 0.548 0.532 0.521 0.501 0.497 0.485 0.469 0.452 0.452 0.438 0.441 0.435 0.437 0.446 0.505 0.440 0.551 0.556 0.507 0.455 0.327 0.432 0.494 0.360 0.398 0.432 0.456 0.470 0.508 0.496 0.466 0.480 0.655 0.662 0.623 0.464 0.419 0.390 0.359 0.337 0.317 0.382 0.363 0.345 0.311 0.260 0.244 0.212 0.195 0.178 0.187 0.248 0.280 0.384 0.501 0.753 0.641 0.770 0.772 0.846 0.891 0.980 1.002 0.996 1.015 1.026 1.059 1.086
0.701 0.733 0.747 0.752 0.735 0.713 0.667 0.632 0.628 0.609 0.580 0.566 0.558 0.561 0.545 0.534 0.519 0.513 0.500 0.487 0.486 0.465 0.594 0.384 0.377 0.386 0.374 0.357 0.302 0.299 0.465 0.512 0.385 0.445 0.452 0.508 0.530 0.539 0.555 0.512 0.534 0.636 0.654 0.642 0.656 0.681 0.701 0.767 0.798 0.540 0.438 0.600 0.537 0.527 0.429 0.427 0.328 0.320 0.315 0.352 0.624 0.441 0.651 0.724 1.033 1.068 1.253 1.279 1.365 1.356 1.336 1.322 1.290 1.292 1.300 1.331 1.321
0.965 0.705 0.966 1.008 1.036 0.985 0.852 0.786 0.533 0.490 0.471 0.443 0.404 0.606 0.625 0.708 0.712 0.712 0.647 0.490 0.471 0.380 0.416 0.462 0.460 0.493 0.436 0.409 0.374 0.353 0.347 0.493 0.567 0.472 0.491 0.472 0.549 0.605 0.593 0.579 0.557 0.571 0.573 0.595 0.718 0.754 0.879 0.983 1.083 1.055 0.777 0.682 0.763 0.823 0.730 0.661 0.527 0.507 0.569 0.615 0.894 0.966 1.296 1.157 1.692 1.686 1.835 1.881 1.892 1.847 1.763 1.767 1.712 1.719 1.707 1.730 1.684
2.111 1.465 1.397 1.511 1.607 1.397 1.254 1.131 1.059 0.924 0.803 0.768 0.715 0.679 0.675 0.730 0.757 0.722 0.595 0.571 0.495 0.534 0.528 0.512 0.575 0.597 0.465 0.433 0.398 0.390 0.438 0.396 0.424 0.470 0.504 0.576 0.659 0.582 0.617 0.609 0.598 0.678 0.721 0.686 0.763 0.818 1.031 1.520 1.703 1.692 1.178 0.963 0.866 1.024 0.967 1.376 1.794 2.073 2.516 2.701 2.378 2.218 2.458 3.097 2.905 2.790 2.750 2.796 2.749 2.743 2.642 2.623 2.578 2.559 2.467 2.421 2.150
2.582 2.029 2.008 1.746 1.524 1.723 1.475 1.382 1.290 1.144 1.162 1.006 0.938 0.840 0.833 0.874 0.945 0.979 0.886 0.755 0.765 0.811 0.744 0.658 0.640 0.651 0.635 0.662 0.580 0.542 0.522 0.550 0.574 0.613 0.641 0.725 0.742 0.741 0.706 0.965 1.108 1.021 0.853 0.785 0.842 1.007 1.750 1.700 1.993 1.959 1.326 1.135 0.983 1.169 1.508 2.130 3.053 2.839 2.892 3.123 3.368 3.482 3.590 2.437 1.938 2.092 3.314 3.283 3.087 2.984 2.850 2.848 2.878 2.932 2.595 2.424 4.541
1.900 2.212 2.365 1.713 1.681 1.530 1.669 1.446 1.358 1.293 1.406 1.603 1.324 1.526 1.333 1.070 1.045 1.041 1.121 0.967 1.074 0.974 0.910 0.863 0.761 0.716 0.715 0.696 0.676 0.693 0.720 0.748 0.738 0.772 0.788 0.800 0.769 1.251 0.989 1.277 1.438 1.217 1.009 1.139 1.211 1.417 1.763 2.063 2.463 2.571 2.331 2.260 2.302 2.294 2.787 3.529 2.907 3.152 3.345 3.338 3.401 3.611 4.047 4.094 4.916 4.890 4.325 3.611 3.430 3.337 3.189 3.221 3.316 3.366 5.327 3.956 3.338
2.329 2.298 2.258 2.176 2.199 1.999 1.776 1.640 1.453 1.795 2.245 2.468 4.122 4.015 3.660 3.824 2.077 1.025 0.917 1.188 1.367 1.206 0.825 0.963 0.856 0.830 0.802 0.814 0.840 0.881 0.905 0.956 0.934 0.894 0.931 1.053 1.320 1.515 1.415 1.390 1.429 1.261 1.314 1.354 1.316 1.480 1.975 2.406 2.910 3.002 3.027 2.606 3.025 2.778 3.934 3.120 3.404 3.392 3.398 3.305 3.318 3.355 3.440 3.407 3.353 3.358 3.401 3.442 3.328 6.128 3.001 3.140 3.220 5.918 5.643 2.083 1.982
2.486 2.540 2.542 2.464 2.497 2.268 2.068 2.069 2.085 2.119 3.709 3.117 4.833 5.721 4.033 8.143 7.530 4.608 3.537 1.469 1.369 1.311 1.187 1.088 1.130 1.096 1.074 1.004 1.041 1.075 1.215 1.113 1.083 1.072 1.083 1.229 1.358 1.520 1.592 1.652 1.491 1.270 1.231 1.314 1.528 1.817 2.275 2.424 2.744 3.066 3.281 3.271 3.176 3.297 4.000 3.590 3.680 3.583 3.597 3.447 3.413 3.353 3.284 3.256 3.258 3.277 3.290 3.310 3.188 4.840 3.470 2.610 3.069 3.120 5.774 3.267 2.497
2.572 2.608 2.687 2.679 2.731 2.792 3.118 2.822 2.062 2.171 3.715 3.266 2.845 2.943 3.014 3.123 3.181 6.607 7.277 5.013 2.819 1.500 1.440 1.281 1.222 1.322 1.342 1.343 1.236 1.262 1.388 1.270 1.331 1.230 1.106 1.195 1.496 1.624 1.565 1.633 1.750 1.619 1.533 1.614 1.775 1.857 2.154 2.817 2.868 2.893 3.471 3.479 3.552 3.539 3.685 3.754 3.760 3.791 3.778 3.676 3.526 3.416 3.247 3.187 3.118 3.167 3.132 3.237 4.518 5.815 3.834 2.508 2.819 2.960 2.513 3.085 2.164
2.582 2.597 2.672 2.710 3.118 3.645 2.789 2.760 2.659 2.625 2.639 2.724 2.828 2.903 3.010 3.062 3.189 3.388 4.995 6.906 6.543 2.142 1.348 1.995 1.724 1.881 1.695 1.459 1.406 1.365 1.378 1.421 1.444 1.345 1.358 1.368 1.473 1.447 1.533 2.035 1.727 1.710 1.913 1.987 2.029 2.240 2.301 2.612 2.924 2.962 3.137 3.432 3.623 3.608 3.716 3.714 3.707 3.728 3.624 3.588 3.431 3.386 3.272 3.185 3.147 3.211 3.076 3.350 3.972 3.212 3.745 2.781 2.089 2.652 2.694 2.851 2.175
2.773 3.687 3.015 2.811 2.778 2.800 2.750 2.802 2.791 2.838 2.834 2.876 2.909 2.999 3.140 3.135 3.213 3.323 3.463 6.740 8.317 5.035 2.250 1.416 2.577 2.066 1.591 1.264 1.216 1.244 1.359 1.553 1.517 1.471 1.580 1.761 1.814 1.846 1.907 1.864 1.966 2.078 2.225 2.536 2.663 2.858 2.667 2.935 3.627 3.324 3.181 3.458 3.717 3.715 3.851 3.881 3.865 3.762 3.712 3.619 3.452 3.378 3.300 3.242 3.135 3.113 2.963 6.119 4.312 3.202 3.640 2.244 2.074 2.471 2.662 2.955 2.312
3.059 3.115 3.108 3.126 3.059 3.010 3.011 3.058 3.094 3.207 3.170 3.194 3.241 3.359 3.329 3.274 3.288 3.327 3.333 3.511 3.666 8.591 5.840 3.865 1.481 2.150 1.938 1.246 1.294 1.160 1.214 1.455 1.601 1.719 1.956 2.207 2.362 2.384 2.271 2.255 2.448 2.645 2.603 2.930 2.813 3.109 3.058 3.373 4.311 3.942 4.064 3.403 3.632 3.813 3.960 4.501 4.412 4.162 3.876 3.855 3.700 3.560 3.453 3.422 3.277 3.029 2.841 2.774 2.526 2.568 2.904 2.426 2.151 2.322 3.008 2.860 2.895
3.480 3.515 3.482 3.471 3.421 3.367 3.428 3.388 3.432 3.631 3.634 3.732 3.667 3.698 3.640 3.551 3.437 3.381 3.381 3.456 3.425 3.278 5.798 3.349 1.351 2.409 1.534 1.529 1.463 1.226 1.368 1.579 1.749 2.104 2.532 2.988 3.163 3.052 3.041 2.762 2.880 2.810 3.042 3.408 3.321 3.324 3.659 4.640 3.968 5.210 4.768 3.818 3.813 4.074 4.453 4.811 4.584 4.228 3.970 3.803 3.648 3.498 3.358 3.185 2.992 2.740 2.617 2.509 2.400 2.278 1.921 2.360 2.573 2.615 3.609 3.865 3.003
3.975 3.932 4.068 4.009 4.031 3.842 3.815 3.864 3.824 4.008 4.174 4.006 3.836 3.833 3.673 3.630 3.515 3.306 3.300 3.172 3.053 3.214 5.405 2.671 1.441 1.748 1.142 1.609 0.994 1.213 1.514 1.715 2.134 2.580 2.890 3.149 3.292 3.402 2.889 3.171 3.068 3.440 3.746 4.039 4.291 4.345 4.499 4.609 4.856 4.858 4.599 4.488 4.406 5.131 5.610 5.006 4.492 4.216 4.050 3.944 3.583 3.327 2.964 2.874 2.661 2.454 2.364 2.220 4.268 3.216 2.945 3.509 2.647 2.869 2.649 2.640 2.404
4.573 4.647 4.762 4.621 4.503 4.290 4.285 4.269 4.331 4.383 4.193 4.135 4.045 3.943 3.710 3.663 3.462 3.481 3.216 3.047 2.997 3.101 5.247 2.733 1.139 1.345 1.154 1.373 0.939 1.293 1.396 1.812 2.297 2.717 3.061 3.231 3.355 3.410 3.135 3.417 3.776 3.655 4.089 4.276 4.628 5.007 5.665 6.463 6.781 6.887 6.250 5.824 5.433 5.530 5.117 4.572 4.325 4.136 3.955 3.571 3.153 2.851 2.739 2.592 2.292 2.207 2.111 1.982 4.084 2.363 1.763 1.555 1.888 2.436 2.085 2.504 2.543
5.346 5.121 4.827 4.579 4.561 4.444 4.298 4.274 4.200 4.023 3.931 3.880 3.969 3.777 3.654 3.472 3.160 2.807 2.622 2.468 2.322 1.970 4.775 3.607 1.448 2.452 -9999 1.120 1.246 1.472 1.350 1.633 2.138 2.848 3.297 3.366 3.556 3.712 3.478 3.590 3.518 3.742 3.844 5.547 6.839 7.265 7.432 7.403 6.976 6.258 5.679 5.009 4.969 4.616 4.294 4.024 3.702 3.321 3.004 2.757 2.540 2.449 2.264 2.094 1.885 1.700 1.659 1.793 2.428 2.174 1.994 1.662 2.189 2.076 1.414 2.229 1.595
5.079 4.901 4.694 4.452 4.420 4.247 4.073 4.057 3.978 3.836 3.834 3.843 3.694 3.460 3.192 2.937 2.680 2.399 2.192 1.955 1.760 1.450 1.084 1.920 1.787 -9999 6.362 1.359 1.116 1.522 1.477 1.721 2.606 3.280 3.499 3.639 3.945 4.045 4.021 3.648 3.513 3.973 4.943 6.312 6.335 6.111 5.952 5.822 5.504 5.037 4.619 4.261 4.068 3.786 3.593 3.343 3.185 3.039 2.611 2.337 2.150 2.042 1.905 1.701 1.581 1.553 1.514 1.551 2.691 2.166 1.876 1.326 1.669 1.839 2.132 2.022 1.437
4.378 4.341 4.273 4.037 3.963 3.843 3.697 3.680 3.594 3.580 3.541 3.450 3.410 3.097 2.788 2.422 2.179 1.955 1.705 1.479 1.307 1.158 0.956 2.062 1.981 1.284 5.378 3.897 1.942 1.370 1.363 1.674 2.151 3.261 3.933 4.180 4.263 4.073 3.921 3.700 3.849 4.494 5.704 5.379 5.006 4.877 4.794 4.619 4.338 4.090 3.800 3.324 3.377 3.171 2.931 2.721 2.521 2.439 2.188 1.986 1.798 1.731 1.514 1.313 1.258 1.263 1.294 1.321 1.486 1.877 1.405 0.943 0.904 0.853 0.748 1.076 1.257
3.464 3.461 3.502 3.386 3.299 3.089 2.985 3.032 3.000 3.038 2.930 2.803 2.654 2.490 2.248 1.918 1.655 1.434 1.235 1.050 0.909 0.842 0.771 0.730 0.514 0.988 0.967 8.989 3.912 2.151 1.137 1.398 1.840 2.664 4.163 4.491 4.493 4.120 3.884 3.955 4.090 4.892 4.384 4.070 4.095 4.245 4.192 4.104 4.018 3.775 3.471 3.124 2.811 2.577 2.416 2.317 2.247 2.176 1.973 1.714 1.501 1.326 1.102 0.957 0.921 0.922 0.951 0.813 1.101 1.111 -9999 0.672 0.538 0.421 0.316 0.466 0.845
2.537 2.585 2.655 2.522 2.404 2.263 2.240 2.146 2.185 2.280 2.205 2.217 2.132 1.925 1.733 1.529 1.369 1.177 0.979 0.794 0.703 0.634 0.618 0.521 0.383 0.457 0.510 2.741 6.625 2.172 0.966 1.209 1.822 2.951 4.356 4.329 3.948 3.412 4.059 3.921 3.122 3.571 3.465 3.479 3.740 3.883 3.808 3.765 3.699 3.429 2.901 2.388 2.300 2.165 2.142 2.042 1.813 1.696 1.494 1.339 1.099 0.917 0.746 0.665 1.016 0.999 0.485 0.537 0.464 0.393 0.872 0.412 0.230 0.458 0.428 0.244 0.213
2.073 2.112 2.166 2.092 2.032 1.790 1.700 1.633 1.693 1.729 1.694 1.690 1.717 1.464 1.367 1.254 1.162 1.004 0.855 0.736 0.672 0.616 0.579 0.480 0.371 0.276 0.274 0.513 2.368 6.649 1.155 1.005 1.605 2.281 2.919 2.830 2.621 2.510 2.934 3.830 3.082 2.679 2.565 2.913 3.261 3.591 3.547 3.403 3.144 2.698 2.292 2.009 1.808 1.872 1.808 1.699 1.517 1.387 1.103 0.939 0.754 0.629 0.510 0.436 0.453 0.414 0.379 -9999 -9999 -9999 -9999 -9999 0.678 1.453 1.896 -9999 -9999
1.770 1.730 1.748 1.701 1.694 1.502 1.440 1.328 1.334 1.376 1.335 1.298 1.237 1.088 1.094 1.064 1.002 0.890 0.817 0.781 0.773 0.715 0.664 0.546 0.494 0.409 0.417 0.598 1.374 4.318 2.646 1.267 2.030 2.109 2.491 2.160 1.768 1.913 3.262 3.866 3.036 1.711 1.815 2.282 2.677 2.905 3.066 2.827 2.474 2.091 1.814 1.526 1.404 1.340 1.264 1.184 1.078 0.970 0.832 0.716 0.598 0.506 0.428 0.394 0.428 0.273 0.472 -9999 -9999 -9999 -9999 -9999 0.254 -9999 -9999 -9999 -9999
1.603 1.557 1.519 1.493 1.470 1.507 1.483 1.400 1.326 1.209 1.308 1.134 1.030 1.034 1.023 1.036 1.057 0.979 0.934 0.908 0.889 0.867 0.788 0.643 0.628 0.661 0.772 0.855 1.099 4.097 3.632 2.125 3.669 4.389 2.240 2.299 2.606 2.902 3.519 3.273 3.492 3.287 2.602 2.004 2.379 2.502 2.425 2.122 1.927 1.666 1.450 1.247 1.227 1.127 1.047 0.991 0.919 0.821 0.698 0.566 0.495 0.445 0.460 0.448 0.510 0.366 0.886 -9999 -9999 -9999 -9999 -9999 -9999 -9999 -9999 -9999 -9999
1.447 1.493 1.416 1.368 1.304 1.320 1.432 1.382 1.409 5.660 1.249 1.128 1.101 1.148 1.091 1.117 1.121 1.077 1.065 1.022 0.983 1.027 1.055 0.999 1.096 1.237 1.510 1.693 1.682 2.297 2.494 2.799 2.858 6.256 7.787 4.903 3.541 2.720 2.249 2.184 4.185 3.992 2.880 4.328 5.623 5.655 2.142 1.868 1.789 1.643 1.430 1.234 1.284 1.216 1.110 1.020 0.900 0.802 0.683 0.574 0.503 0.478 0.468 0.451 0.512 0.253 0.333 0.439 0.412 -9999 -9999 -9999 -9999 -9999 -9999 -9999 -9999
1.371 1.402 1.293 1.247 1.186 1.208 1.254 1.295 1.302 1.243 1.223 1.193 1.115 1.185 1.191 1.276 1.324 1.301 1.309 1.334 1.401 1.537 1.594 1.746 2.095 2.464 2.627 2.816 2.812 2.716 2.797 2.399 4.213 3.435 3.953 6.376 5.973 5.850 7.567 2.472 2.021 1.869 1.777 1.736 2.063 1.957 1.800 4.614 1.721 1.593 1.421 1.353 1.350 1.390 1.328 1.152 1.031 1.008 0.899 0.814 0.772 0.711 0.688 0.616 0.784 0.445 -9999 -9999 -9999 -9999 -9999 -9999 -9999 -9999 -9999 -9999 -9999
1.677 1.751 1.669 1.649 1.631 1.689 1.755 1.753 1.802 1.808 1.644 1.599 1.564 1.665 1.832 1.936 2.136 2.256 2.451 2.705 2.982 3.322 3.783 4.216 4.715 4.969 5.131 5.264 5.165 4.669 4.375 4.343 4.319 3.873 4.219 5.525 5.214 4.359 6.698 2.769 1.419 1.064 0.831 0.912 1.102 1.274 1.374 1.631 1.737 1.684 1.359 1.308 1.414 1.557 1.502 1.426 1.335 1.341 1.353 1.357 1.253 1.110 1.086 0.962 0.954 1.217 -9999 -9999 -9999 -9999 -9999 -9999 -9999 -9999 -9999 -9999 -9999
2.777 2.772 2.645 2.791 2.967 3.135 3.206 3.245 3.391 3.531 3.556 3.589 3.487 3.668 3.867 4.077 4.550 4.869 5.187 5.645 6.128 6.512 7.211 7.965 8.594 8.940 9.009 8.825 8.528 7.736 6.830 6.154 5.064 4.596 4.245 3.588 3.697 5.447 8.203 4.221 2.982 4.243 4.959 2.299 2.444 3.439 3.509 3.921 1.708 1.715 1.683 1.831 1.955 2.147 2.151 2.135 2.220 2.400 2.639 2.609 2.707 2.694 3.323 3.254 3.061 3.577 4.159 3.598 -9999 -9999 -9999 -9999 -9999 -9999 -9999 -9999 -9999
5.289 5.198 5.225 5.347 5.597 6.018 6.243 6.401 6.561 6.682 6.772 6.793 7.091 7.126 7.294 7.646 8.333 8.570 8.804 8.857 9.243 9.560 10.089 10.253 10.432 10.435 10.515 10.462 10.080 9.362 8.554 7.975 7.411 6.959 6.234 5.181 4.445 6.026 8.473 6.031 7.157 7.251 6.821 5.308 3.903 3.020 3.138 4.308 4.811 1.688 2.076 2.514 3.016 3.579 3.826 3.996 4.251 4.553 4.904 5.168 5.411 5.552 6.071 6.043 5.433 5.303 7.341 6.150 4.625 3.378 3.190 3.751 3.844 3.353 3.408 3.298 3.354
7.592 7.441 7.573 7.656 7.464 7.734 7.789 7.922 7.709 7.685 7.453 7.230 7.053 6.776 6.739 6.694 6.847 6.809 6.786 6.782 6.738 6.838 6.729 6.629 6.574 6.275 6.195 6.498 6.624 6.496 6.284 6.373 6.631 7.155 7.763 8.273 8.153 7.956 8.112 7.302 11.687 16.211 9.003 17.140 6.677 6.510 6.800 6.012 6.732 5.420 5.272 3.594 3.444 4.740 5.710 6.322 6.553 6.880 6.894 7.401 7.750 8.157 7.643 6.812 5.990 5.495 6.188 6.486 5.119 3.475 3.483 3.776 3.284 4.046 4.995 5.215 4.528
