data-raw/precipfiles/08_grid_data_8000BP.asc
ncols 144
nrows 72
xllcorner -180
yllcorner -90
cellsize 2.5
nodata_value -9999
[rows 0 to 33 of 72, columns 0 to 76 of 144]
0.441 0.450 0.464 0.454 0.424 0.446 0.445 0.451 0.476 0.487 0.454 0.463 0.468 0.477 0.458 0.448 0.466 0.470 0.467 0.459 0.444 0.466 0.461 0.485 0.471 0.471 0.482 0.465 0.474 0.479 0.479 0.466 0.462 0.466 0.484 0.486 0.461 0.473 0.474 0.480 0.497 0.527 0.503 0.504 0.524 0.515 0.529 0.523 0.493 0.509 0.507 0.506 0.524 0.526 0.523 0.514 0.500 0.521 0.510 0.494 0.495 0.501 0.494 0.506 0.495 0.483 0.505 0.491 0.498 0.492 0.502 0.507 0.522 0.524 0.505 0.517 0.505
0.464 0.454 0.462 0.452 0.444 0.435 0.445 0.445 0.445 0.446 0.441 0.436 0.437 0.443 0.441 0.441 0.439 0.444 0.443 0.440 0.440 0.446 0.443 0.456 0.445 0.445 0.433 0.447 0.431 0.439 0.443 0.439 0.432 0.429 0.413 0.421 0.412 0.414 0.424 0.450 0.417 0.421 0.416 0.412 0.423 0.421 0.417 0.413 0.430 0.407 0.404 0.397 0.388 0.388 0.379 0.386 0.369 0.398 0.391 0.374 0.377 0.374 0.380 0.377 0.377 0.387 0.390 0.394 0.395 0.402 0.406 0.398 0.392 0.402 0.406 0.404 0.405
0.444 0.451 0.451 0.437 0.439 0.440 0.436 0.427 0.417 0.421 0.426 0.417 0.425 0.422 0.415 0.416 0.418 0.418 0.417 0.414 0.421 0.412 0.409 0.414 0.405 0.409 0.409 0.414 0.421 0.420 0.415 0.406 0.398 0.398 0.390 0.396 0.406 0.416 0.445 0.456 0.456 0.453 0.461 0.458 0.463 0.471 0.458 0.446 0.392 0.373 0.347 0.348 0.330 0.323 0.336 0.316 0.328 0.344 0.379 0.395 0.397 0.383 0.378 0.346 0.357 0.355 0.386 0.390 0.398 0.398 0.392 0.397 0.405 0.407 0.407 0.419 0.425
0.498 0.497 0.496 0.488 0.484 0.489 0.481 0.471 0.466 0.457 0.468 0.454 0.443 0.443 0.436 0.425 0.428 0.432 0.417 0.420 0.411 0.411 0.401 0.406 0.394 0.411 0.399 0.404 0.410 0.423 0.417 0.429 0.408 0.436 0.470 0.403 0.396 0.397 0.406 0.418 0.394 0.417 0.567 0.515 0.369 0.360 0.369 0.395 0.346 0.318 0.285 0.292 0.277 0.250 0.240 0.216 0.233 0.253 0.300 0.315 0.324 0.342 0.384 0.350 0.490 0.730 0.559 0.471 0.463 0.447 0.441 0.463 0.513 0.544 0.581 0.599 0.594
0.548 0.544 0.552 0.545 0.533 0.536 0.514 0.509 0.492 0.490 0.480 0.472 0.457 0.461 0.448 0.438 0.434 0.432 0.423 0.422 0.407 0.402 0.395 0.392 0.396 0.386 0.396 0.425 0.400 0.423 0.432 0.451 0.442 0.474 0.358 0.380 0.357 0.343 0.384 0.415 0.424 0.429 0.437 0.420 0.401 0.383 0.327 0.302 0.256 0.276 0.227 0.277 0.230 0.218 0.180 0.163 0.167 0.160 0.182 0.181 0.212 0.243 0.318 0.412 0.529 0.425 0.512 0.511 0.534 0.539 0.582 0.650 0.709 0.777 0.824 0.851 1.091
0.581 0.582 0.589 0.588 0.585 0.586 0.576 0.570 0.564 0.550 0.536 0.525 0.506 0.502 0.489 0.473 0.454 0.451 0.435 0.435 0.426 0.427 0.433 0.490 0.428 0.538 0.551 0.520 0.497 0.361 0.459 0.502 0.365 0.392 0.413 0.425 0.415 0.420 0.441 0.437 0.465 0.634 0.635 0.590 0.435 0.388 0.356 0.324 0.300 0.279 0.332 0.314 0.294 0.263 0.217 0.202 0.175 0.160 0.147 0.153 0.204 0.233 0.322 0.427 0.656 0.577 0.707 0.718 0.794 0.838 0.924 0.946 0.939 0.953 0.961 0.987 1.008
0.675 0.707 0.721 0.730 0.720 0.704 0.662 0.630 0.628 0.611 0.584 0.568 0.560 0.563 0.548 0.536 0.522 0.518 0.505 0.491 0.488 0.471 0.598 0.390 0.379 0.386 0.372 0.359 0.317 0.313 0.466 0.493 0.373 0.425 0.423 0.464 0.467 0.449 0.467 0.454 0.494 0.636 0.657 0.640 0.638 0.648 0.652 0.696 0.707 0.474 0.378 0.509 0.446 0.431 0.337 0.327 0.246 0.237 0.234 0.264 0.479 0.348 0.527 0.601 0.878 0.937 1.127 1.168 1.258 1.256 1.241 1.227 1.200 1.202 1.215 1.243 1.230
0.936 0.683 0.936 0.982 1.017 0.975 0.850 0.785 0.538 0.500 0.477 0.449 0.409 0.607 0.625 0.706 0.714 0.717 0.654 0.496 0.477 0.386 0.426 0.466 0.460 0.489 0.428 0.400 0.369 0.347 0.334 0.454 0.516 0.431 0.445 0.420 0.484 0.518 0.514 0.514 0.509 0.547 0.568 0.589 0.710 0.738 0.839 0.907 0.968 0.921 0.674 0.582 0.635 0.669 0.581 0.521 0.397 0.379 0.425 0.467 0.703 0.768 1.052 0.942 1.416 1.441 1.598 1.663 1.697 1.679 1.611 1.615 1.562 1.569 1.560 1.588 1.553
2.029 1.408 1.348 1.463 1.567 1.376 1.240 1.126 1.062 0.928 0.809 0.775 0.725 0.689 0.684 0.739 0.767 0.727 0.597 0.572 0.499 0.537 0.526 0.506 0.564 0.579 0.446 0.412 0.378 0.370 0.412 0.368 0.390 0.431 0.458 0.509 0.577 0.514 0.561 0.570 0.585 0.638 0.665 0.632 0.730 0.796 0.994 1.419 1.531 1.476 1.027 0.835 0.739 0.853 0.797 1.123 1.414 1.622 1.958 2.130 1.941 1.818 2.018 2.555 2.426 2.349 2.344 2.420 2.423 2.448 2.381 2.364 2.318 2.299 2.216 2.183 1.953
2.489 1.948 1.926 1.676 1.469 1.679 1.439 1.358 1.272 1.119 1.123 0.994 0.933 0.837 0.830 0.872 0.943 0.976 0.883 0.752 0.762 0.807 0.733 0.644 0.623 0.629 0.612 0.634 0.554 0.515 0.499 0.527 0.547 0.586 0.616 0.694 0.718 0.741 0.710 0.954 1.081 0.959 0.773 0.701 0.779 0.958 1.675 1.590 1.826 1.754 1.176 1.008 0.870 1.031 1.323 1.852 2.614 2.344 2.365 2.580 2.844 3.020 3.130 2.130 1.692 1.869 2.966 2.974 2.821 2.727 2.605 2.557 2.571 2.613 2.328 2.188 4.137
1.833 2.127 2.267 1.643 1.616 1.479 1.614 1.405 1.325 1.258 1.343 1.556 1.299 1.503 1.314 1.059 1.037 1.037 1.114 0.961 1.065 0.963 0.891 0.843 0.739 0.692 0.691 0.675 0.653 0.670 0.702 0.739 0.727 0.774 0.801 0.816 0.800 1.305 1.066 1.347 1.443 1.171 0.938 1.019 1.105 1.311 1.657 1.931 2.283 2.349 2.105 2.046 2.080 2.082 2.525 3.180 2.532 2.692 2.805 2.789 2.860 3.123 3.546 3.560 4.237 4.216 3.750 3.188 3.043 2.999 2.862 2.881 2.974 3.016 4.847 3.641 3.110
2.248 2.218 2.177 2.099 2.122 1.925 1.704 1.574 1.403 1.735 2.168 2.410 4.052 3.944 3.603 3.781 2.065 1.022 0.917 1.185 1.354 1.188 0.810 0.944 0.837 0.808 0.776 0.791 0.822 0.859 0.891 0.964 0.935 0.912 0.994 1.134 1.427 1.633 1.512 1.466 1.463 1.250 1.255 1.244 1.213 1.368 1.811 2.215 2.681 2.772 2.784 2.396 2.788 2.577 3.642 2.852 3.040 2.964 2.910 2.798 2.784 2.805 2.878 2.843 2.788 2.781 2.820 2.867 2.795 5.209 2.607 2.763 2.871 5.398 5.259 1.992 1.912
2.429 2.487 2.480 2.401 2.431 2.205 2.001 1.994 1.997 2.039 3.592 3.041 4.760 5.659 4.017 8.142 7.547 4.607 3.534 1.462 1.345 1.275 1.147 1.044 1.089 1.063 1.046 0.977 1.014 1.039 1.181 1.107 1.101 1.096 1.131 1.299 1.450 1.614 1.640 1.708 1.527 1.232 1.169 1.216 1.391 1.658 2.088 2.252 2.545 2.838 3.034 3.029 2.940 3.063 3.712 3.327 3.405 3.275 3.253 3.075 3.009 2.930 2.845 2.783 2.752 2.739 2.752 2.786 2.739 4.272 3.170 2.426 2.830 2.886 5.356 3.070 2.353
2.515 2.553 2.626 2.626 2.679 2.737 3.046 2.739 1.998 2.107 3.621 3.204 2.809 2.919 3.015 3.131 3.192 6.623 7.281 5.004 2.798 1.475 1.409 1.243 1.168 1.273 1.301 1.303 1.197 1.210 1.315 1.224 1.335 1.245 1.113 1.192 1.534 1.672 1.531 1.698 1.867 1.611 1.462 1.513 1.635 1.718 2.008 2.655 2.700 2.701 3.211 3.214 3.289 3.271 3.411 3.475 3.490 3.526 3.514 3.409 3.253 3.122 2.935 2.839 2.724 2.739 2.697 2.799 3.972 5.270 3.616 2.406 2.689 2.802 2.364 2.883 2.020
2.513 2.528 2.602 2.653 3.069 3.594 2.756 2.720 2.616 2.586 2.613 2.710 2.830 2.918 3.042 3.093 3.210 3.399 4.998 6.896 6.511 2.129 1.342 1.983 1.705 1.822 1.646 1.420 1.352 1.300 1.281 1.302 1.391 1.319 1.322 1.288 1.405 1.429 1.444 1.997 1.887 1.764 1.888 1.888 1.890 2.084 2.179 2.508 2.802 2.795 2.922 3.174 3.340 3.316 3.417 3.424 3.422 3.454 3.367 3.359 3.226 3.191 3.063 2.946 2.868 2.897 2.760 3.012 3.582 2.963 3.579 2.685 2.017 2.553 2.582 2.705 2.036
2.711 3.593 2.954 2.772 2.761 2.797 2.755 2.811 2.801 2.848 2.855 2.905 2.946 3.042 3.179 3.171 3.234 3.342 3.460 6.710 8.263 5.003 2.241 1.414 2.566 2.041 1.581 1.254 1.199 1.216 1.300 1.431 1.373 1.364 1.450 1.626 1.673 1.758 1.833 1.796 1.982 2.087 2.182 2.436 2.525 2.700 2.537 2.796 3.464 3.152 3.005 3.247 3.484 3.500 3.619 3.639 3.586 3.485 3.437 3.374 3.244 3.198 3.158 3.101 2.980 2.920 2.754 5.668 3.987 3.005 3.511 2.148 1.963 2.322 2.537 2.814 2.155
3.020 3.084 3.082 3.103 3.060 3.028 3.036 3.091 3.121 3.234 3.202 3.232 3.284 3.399 3.370 3.322 3.323 3.365 3.344 3.491 3.634 8.503 5.805 3.863 1.481 2.156 1.956 1.243 1.294 1.178 1.215 1.419 1.534 1.643 1.852 2.028 2.177 2.227 2.148 2.187 2.422 2.621 2.552 2.858 2.720 2.999 2.953 3.263 4.155 3.793 3.914 3.268 3.477 3.645 3.791 4.288 4.183 3.928 3.632 3.637 3.518 3.420 3.360 3.336 3.193 2.908 2.693 2.613 2.368 2.415 2.795 2.344 2.009 2.134 2.809 2.772 2.779
3.472 3.513 3.488 3.486 3.445 3.413 3.478 3.433 3.460 3.653 3.654 3.753 3.691 3.717 3.664 3.590 3.494 3.441 3.417 3.450 3.397 3.242 5.730 3.344 1.353 2.418 1.562 1.549 1.438 1.255 1.408 1.579 1.736 2.100 2.573 2.895 2.988 2.876 2.881 2.667 2.856 2.794 3.013 3.377 3.272 3.273 3.617 4.604 3.926 5.132 4.688 3.746 3.724 3.959 4.320 4.661 4.427 4.075 3.821 3.682 3.553 3.439 3.343 3.163 2.948 2.655 2.506 2.379 2.265 2.150 1.817 2.285 2.462 2.376 3.287 3.640 3.058
3.997 3.964 4.103 4.047 4.082 3.888 3.859 3.890 3.854 4.032 4.204 4.027 3.871 3.878 3.712 3.676 3.578 3.340 3.310 3.145 3.006 3.155 5.303 2.654 1.438 1.741 1.135 1.618 1.000 1.228 1.602 1.841 2.170 2.599 2.908 3.159 3.271 3.359 2.865 3.161 3.103 3.429 3.684 3.941 4.266 4.360 4.570 4.677 4.892 4.850 4.564 4.441 4.352 5.040 5.505 4.918 4.398 4.117 3.956 3.862 3.527 3.307 2.940 2.830 2.583 2.362 2.269 2.135 4.078 3.064 2.811 3.338 2.519 2.670 2.420 2.445 2.308
4.589 4.679 4.800 4.673 4.571 4.356 4.356 4.330 4.410 4.450 4.261 4.206 4.124 4.039 3.797 3.732 3.536 3.530 3.240 3.031 2.949 3.035 5.162 2.721 1.164 1.335 1.139 1.354 0.943 1.325 1.456 1.956 2.407 2.798 3.129 3.278 3.452 3.522 3.182 3.458 3.838 3.702 4.115 4.242 4.599 5.013 5.764 6.610 6.858 6.893 6.210 5.782 5.395 5.481 5.070 4.551 4.311 4.108 3.920 3.531 3.122 2.838 2.716 2.563 2.228 2.110 2.002 1.910 3.926 2.274 1.692 1.468 1.764 2.253 1.940 2.321 2.379
5.356 5.125 4.822 4.595 4.613 4.523 4.396 4.396 4.347 4.168 4.041 3.994 4.100 3.940 3.803 3.602 3.260 2.867 2.655 2.482 2.292 1.935 4.750 3.625 1.471 2.873 -9999 1.123 1.239 1.505 1.404 1.689 2.204 2.950 3.440 3.453 3.658 3.927 3.575 3.619 3.553 3.796 3.898 5.656 6.899 7.319 7.507 7.506 7.024 6.204 5.589 4.933 4.922 4.582 4.275 4.029 3.722 3.335 3.003 2.756 2.540 2.444 2.244 2.063 1.847 1.644 1.584 1.687 2.308 2.071 1.876 1.547 2.029 1.925 1.294 2.035 1.456
5.106 4.901 4.645 4.426 4.444 4.322 4.179 4.193 4.103 3.982 3.980 4.003 3.839 3.581 3.293 3.033 2.775 2.470 2.226 1.961 1.747 1.432 1.078 1.940 1.807 -9999 7.577 1.323 1.090 1.523 1.479 1.721 2.588 3.352 3.721 3.744 3.994 4.053 3.981 3.618 3.550 4.019 5.007 6.381 6.353 6.107 5.938 5.796 5.444 4.918 4.513 4.155 3.976 3.693 3.516 3.283 3.148 3.008 2.586 2.329 2.157 2.062 1.919 1.693 1.555 1.500 1.442 1.463 2.543 2.045 1.751 1.241 1.544 1.697 1.951 1.853 1.326
4.368 4.312 4.254 4.039 4.019 3.938 3.814 3.819 3.731 3.741 3.715 3.607 3.563 3.183 2.844 2.466 2.238 2.003 1.733 1.482 1.295 1.146 0.956 2.067 2.009 1.316 3.833 3.719 1.839 1.411 1.331 1.658 2.143 3.218 4.000 4.203 4.305 4.095 3.963 3.710 3.933 4.560 5.789 5.438 5.011 4.826 4.717 4.528 4.242 3.951 3.653 3.202 3.266 3.077 2.854 2.663 2.473 2.392 2.151 1.980 1.807 1.761 1.530 1.320 1.240 1.226 1.230 1.251 1.382 1.733 1.305 0.888 0.833 0.764 0.677 0.949 1.129
3.419 3.425 3.527 3.462 3.429 3.227 3.122 3.156 3.126 3.181 3.100 2.941 2.759 2.543 2.274 1.929 1.656 1.435 1.232 1.047 0.897 0.833 0.770 0.721 0.507 0.984 0.866 7.861 3.916 2.383 1.111 1.395 1.889 2.676 4.021 4.267 4.321 4.159 4.014 4.119 4.274 5.033 4.465 4.106 4.083 4.177 4.066 3.954 3.850 3.589 3.279 2.958 2.681 2.490 2.372 2.317 2.234 2.147 1.929 1.714 1.527 1.354 1.103 0.940 0.898 0.895 0.922 0.804 1.064 1.047 -9999 0.500 0.424 0.338 0.295 0.496 0.862
2.505 2.575 2.704 2.610 2.524 2.413 2.386 2.254 2.299 2.401 2.329 2.346 2.225 1.967 1.735 1.507 1.330 1.149 0.963 0.780 0.692 0.631 0.631 0.527 0.383 0.456 0.515 2.963 7.973 2.800 0.889 1.139 1.958 3.120 4.166 4.134 3.826 3.439 4.162 4.054 3.256 3.701 3.538 3.508 3.695 3.781 3.665 3.581 3.487 3.213 2.736 2.263 2.186 2.081 2.094 2.031 1.816 1.690 1.493 1.354 1.130 0.940 0.748 0.649 0.980 0.970 0.471 0.542 0.472 0.368 0.651 0.236 0.165 0.371 0.332 0.204 0.197
2.067 2.123 2.213 2.190 2.155 1.925 1.821 1.721 1.787 1.811 1.761 1.740 1.759 1.466 1.344 1.220 1.113 0.970 0.834 0.719 0.667 0.615 0.590 0.490 0.381 0.284 0.282 0.512 2.371 7.230 1.128 0.938 1.684 2.454 2.826 2.691 2.518 2.452 2.887 3.804 3.088 2.679 2.544 2.841 3.118 3.374 3.283 3.094 2.872 2.474 2.134 1.904 1.709 1.806 1.777 1.689 1.520 1.401 1.131 0.964 0.776 0.641 0.514 0.430 0.438 0.397 0.376 -9999 -9999 -9999 -9999 -9999 0.328 0.649 1.021 -9999 -9999
1.788 1.763 1.809 1.796 1.792 1.603 1.526 1.392 1.385 1.407 1.347 1.296 1.216 1.047 1.047 1.022 0.967 0.860 0.793 0.767 0.771 0.717 0.664 0.547 0.505 0.424 0.430 0.587 1.334 4.258 2.616 1.224 2.189 2.286 2.423 2.083 1.684 1.793 3.019 3.576 2.853 1.629 1.714 2.085 2.403 2.552 2.644 2.401 2.117 1.865 1.664 1.423 1.310 1.300 1.266 1.214 1.102 0.990 0.867 0.737 0.608 0.502 0.423 0.389 0.447 0.275 0.468 -9999 -9999 -9999 -9999 -9999 0.230 -9999 -9999 -9999 -9999
1.634 1.595 1.574 1.566 1.544 1.577 1.551 1.461 1.351 1.210 1.282 1.110 0.998 0.987 0.973 0.988 1.005 0.942 0.905 0.885 0.867 0.837 0.744 0.616 0.623 0.675 0.784 0.863 1.098 3.743 3.374 2.139 3.986 4.828 2.276 2.251 2.446 2.595 3.046 2.771 2.947 2.861 2.260 1.694 2.024 2.109 2.039 1.850 1.740 1.584 1.416 1.246 1.251 1.160 1.089 1.036 0.950 0.841 0.711 0.564 0.488 0.437 0.458 0.452 0.553 0.328 0.719 -9999 -9999 -9999 -9999 -9999 -9999 -9999 -9999 -9999 -9999
1.483 1.557 1.493 1.437 1.377 1.394 1.498 1.443 1.433 5.594 1.218 1.102 1.077 1.122 1.084 1.090 1.078 1.017 1.020 0.981 0.938 0.968 0.987 0.957 1.072 1.238 1.514 1.715 1.718 2.303 2.356 2.747 2.704 6.875 8.073 4.879 3.364 2.403 1.941 1.800 3.347 3.189 2.300 3.440 4.715 4.855 1.905 1.722 1.749 1.690 1.517 1.314 1.391 1.320 1.198 1.090 0.946 0.830 0.696 0.573 0.494 0.470 0.465 0.454 0.591 0.331 0.291 0.418 0.411 -9999 -9999 -9999 -9999 -9999 -9999 -9999 -9999
1.397 1.452 1.359 1.316 1.244 1.269 1.303 1.315 1.288 1.195 1.174 1.138 1.064 1.163 1.173 1.237 1.263 1.217 1.225 1.254 1.325 1.452 1.499 1.664 2.016 2.399 2.569 2.801 2.887 2.853 2.925 2.374 3.828 3.010 3.546 5.645 5.053 5.024 6.606 2.133 1.750 1.584 1.533 1.549 1.932 1.882 1.729 4.476 1.742 1.664 1.532 1.463 1.456 1.493 1.416 1.211 1.067 1.038 0.921 0.822 0.766 0.694 0.670 0.617 1.006 0.463 -9999 -9999 -9999 -9999 -9999 -9999 -9999 -9999 -9999 -9999 -9999
1.678 1.774 1.692 1.679 1.648 1.703 1.748 1.703 1.723 1.700 1.552 1.511 1.490 1.593 1.756 1.845 2.020 2.125 2.307 2.570 2.861 3.188 3.600 3.994 4.469 4.724 4.926 5.112 5.148 4.792 4.533 4.367 4.108 3.475 3.607 4.456 3.839 3.227 5.471 2.347 1.328 1.002 0.795 0.859 1.059 1.210 1.302 1.541 1.668 1.719 1.386 1.321 1.393 1.507 1.442 1.360 1.239 1.256 1.311 1.323 1.209 1.047 0.952 0.824 0.887 1.112 -9999 -9999 -9999 -9999 -9999 -9999 -9999 -9999 -9999 -9999 -9999
2.708 2.701 2.581 2.725 2.886 3.030 3.085 3.090 3.192 3.331 3.378 3.459 3.385 3.558 3.750 3.944 4.368 4.671 4.951 5.433 5.935 6.297 6.944 7.672 8.277 8.602 8.679 8.540 8.350 7.715 6.908 6.137 4.953 4.402 3.935 3.166 2.922 4.048 6.100 3.133 2.231 3.551 4.212 1.908 2.062 2.712 2.721 3.207 1.398 1.395 1.338 1.508 1.624 1.880 1.960 1.938 1.966 2.090 2.287 2.274 2.366 2.326 2.872 2.888 2.743 3.323 3.965 3.459 -9999 -9999 -9999 -9999 -9999 -9999 -9999 -9999 -9999
5.165 5.063 5.068 5.167 5.382 5.768 5.974 6.089 6.201 6.299 6.418 6.525 6.883 6.944 7.122 7.485 8.179 8.434 8.681 8.735 9.130 9.414 9.857 10.020 10.198 10.200 10.253 10.177 9.731 9.134 8.447 7.810 7.212 6.720 6.048 4.836 3.931 4.804 6.617 4.698 5.468 5.752 5.578 4.306 3.026 2.146 2.296 3.534 4.046 1.373 1.653 1.989 2.442 3.062 3.426 3.639 3.817 4.059 4.358 4.667 4.917 5.002 5.461 5.448 5.008 5.010 7.096 6.022 4.529 3.311 3.099 3.597 3.696 3.298 3.368 3.257 3.239
7.412 7.260 7.346 7.364 7.120 7.377 7.448 7.623 7.439 7.429 7.261 7.063 6.933 6.697 6.696 6.716 6.947 6.853 6.809 6.771 6.747 6.819 6.694 6.619 6.622 6.351 6.188 6.436 6.505 6.346 6.109 6.148 6.265 6.682 7.258 7.749 7.427 7.138 7.496 6.850 10.691 13.823 7.575 11.491 5.841 5.382 5.231 5.050 5.962 4.647 4.679 3.134 2.992 4.386 5.452 6.136 6.098 6.352 6.326 6.832 7.244 7.662 7.150 6.392 5.657 5.274 6.052 6.470 5.061 3.405 3.419 3.721 3.239 4.019 4.998 5.205 4.473
