data-raw/precipfiles/08_grid_data_8000BP.asc
ncols 144
nrows 72
xllcorner -180
yllcorner -90
cellsize 2.5
nodata_value -9999
[rows 34 to 67 of 72, columns 0 to 76 of 144]
6.286 5.947 5.728 5.378 4.987 4.922 4.830 4.704 4.466 4.330 3.914 3.780 3.502 3.278 3.174 3.146 3.082 2.934 2.880 2.928 2.976 3.101 2.904 2.809 2.670 2.525 2.383 2.413 2.529 2.567 2.521 2.848 3.157 3.453 3.657 3.816 3.724 3.240 3.149 4.021 12.608 6.651 6.031 7.129 8.691 8.675 6.937 4.772 5.115 5.339 7.220 9.509 3.548 4.870 5.592 6.527 6.785 7.162 6.968 6.960 6.789 6.892 6.482 6.034 5.030 4.188 3.896 3.786 3.983 4.122 3.095 3.591 2.780 3.420 5.409 6.263 4.695
4.556 4.254 3.832 3.180 2.869 2.921 2.783 2.460 2.301 2.275 2.137 2.000 1.712 1.632 1.557 1.491 1.472 1.375 1.310 1.274 1.245 1.192 1.151 1.113 1.075 1.051 1.013 1.034 1.141 1.211 1.227 1.285 1.361 1.413 1.301 1.185 1.119 1.031 1.009 1.528 6.256 6.807 7.718 7.916 8.266 8.690 7.134 6.675 9.459 7.324 6.524 8.766 8.683 3.641 3.715 4.624 4.982 5.363 5.160 4.733 4.255 3.977 3.376 3.169 2.584 2.152 1.845 1.818 1.664 1.740 1.908 2.136 2.437 2.689 2.832 6.226 4.643
3.785 3.635 2.965 2.498 2.338 2.380 2.356 2.156 1.998 1.880 1.819 1.758 1.590 1.460 1.425 1.363 1.288 1.215 1.176 1.170 1.120 1.053 0.969 0.908 0.846 0.793 0.730 0.738 0.773 0.818 0.858 0.824 0.833 0.821 0.790 0.755 0.701 0.634 0.701 1.967 5.342 6.980 8.447 13.384 7.496 6.515 11.602 6.728 9.985 14.467 6.548 8.531 10.439 7.783 5.614 3.103 3.473 3.609 3.404 2.891 2.356 1.969 1.635 1.280 0.969 0.823 0.732 0.722 0.818 0.932 1.117 1.281 1.516 1.805 2.342 4.234 4.780
4.813 4.281 3.773 3.316 3.108 2.899 2.743 2.422 2.169 1.958 1.894 1.877 1.825 1.753 1.779 1.685 1.580 1.449 1.311 1.276 1.277 1.202 1.206 1.108 1.051 1.004 0.941 0.960 0.968 0.961 0.959 0.943 0.931 0.855 0.871 0.884 0.854 0.683 0.519 1.235 4.209 6.373 7.828 30.658 8.945 6.791 7.854 6.213 5.813 7.821 6.957 6.841 9.136 10.504 6.422 4.006 3.263 3.153 2.988 2.640 2.157 1.844 1.303 0.999 0.717 0.597 0.541 0.479 0.475 0.487 0.529 0.603 0.763 0.975 1.344 2.677 3.753
6.440 5.966 5.479 5.124 4.702 4.218 3.782 3.398 2.919 2.506 2.282 2.066 1.935 1.823 1.700 1.526 1.380 1.246 1.128 0.997 0.948 0.951 1.002 0.960 0.977 0.898 0.854 0.806 0.826 0.771 0.767 0.765 0.735 0.744 0.768 0.714 0.680 0.557 0.378 0.450 2.203 4.750 8.187 48.867 147.407 9.539 8.324 7.085 6.317 9.719 30.123 -9999 -9999 -9999 5.555 4.127 3.641 2.847 4.209 1.902 1.380 1.101 0.805 0.583 0.441 0.356 0.313 0.249 0.211 0.194 0.227 0.228 0.279 0.382 0.560 0.872 2.104
6.814 6.545 6.453 6.383 5.832 5.427 4.905 4.472 4.025 3.618 3.223 2.822 2.615 2.261 1.918 1.607 1.386 1.272 1.114 0.941 0.814 0.730 0.697 0.632 0.605 0.541 0.486 0.449 0.466 0.461 0.475 0.470 0.429 0.478 0.475 0.402 0.463 0.474 0.289 0.128 1.278 6.371 6.505 13.922 28.567 54.010 8.593 9.106 7.234 9.230 -9999 -9999 88.396 29.121 4.187 2.665 3.072 4.025 5.415 1.501 0.990 0.684 0.560 0.468 0.373 0.282 0.236 0.202 0.186 0.192 0.216 0.213 0.183 0.175 0.207 0.294 0.587
6.508 6.331 6.317 6.392 6.068 5.832 5.548 5.171 4.711 4.261 3.905 3.386 3.005 2.626 2.232 1.932 1.652 1.474 1.239 1.017 0.868 0.709 0.610 0.524 0.438 0.379 0.282 0.256 0.259 0.255 0.258 0.248 0.211 0.202 0.201 0.207 0.247 0.297 0.226 0.098 0.503 2.674 6.048 7.661 9.937 14.959 96.172 16.276 26.018 43.066 -9999 -9999 50.672 6.205 3.619 2.544 3.004 4.604 1.785 1.189 0.828 0.626 0.529 0.465 0.367 0.303 0.256 0.222 0.203 0.203 0.215 0.230 0.250 0.199 0.185 0.179 0.365
5.599 5.597 5.679 5.707 5.499 5.506 5.476 5.287 5.005 4.665 4.266 3.895 3.309 2.858 2.480 2.255 2.100 1.871 1.664 1.462 1.287 1.098 0.868 0.762 0.700 0.572 0.433 0.339 0.269 0.289 0.298 0.251 0.198 0.157 0.149 0.152 0.162 0.185 0.254 0.134 0.116 0.731 2.607 6.110 6.305 6.859 7.181 6.854 6.697 6.000 6.226 6.426 5.526 4.669 2.940 2.707 4.455 1.935 1.677 1.184 0.854 0.667 0.518 0.458 0.335 0.282 0.229 0.201 0.179 0.170 0.163 0.181 0.214 0.272 0.347 0.263 0.507
4.155 4.303 4.545 4.686 4.885 5.029 5.006 4.889 4.844 4.823 4.617 4.316 3.840 3.478 3.075 2.807 2.628 2.429 2.166 1.917 1.580 1.378 1.039 0.805 0.679 0.551 0.418 0.334 0.273 0.252 0.239 0.229 0.201 0.179 0.181 0.185 0.190 0.199 0.229 0.188 0.124 0.086 0.582 1.215 2.361 5.812 6.232 4.321 4.388 4.790 5.324 4.659 4.456 3.948 3.260 2.851 3.808 1.946 1.707 1.325 0.892 0.699 0.534 0.416 0.327 0.288 0.259 0.228 0.204 0.190 0.187 0.195 0.213 0.226 0.289 0.178 0.279
3.606 3.694 3.909 4.184 4.437 4.451 4.558 4.593 4.557 4.668 4.652 4.532 4.139 3.886 3.523 3.423 3.272 2.960 2.696 2.437 2.100 1.684 1.300 1.064 0.925 0.781 0.586 0.477 0.395 0.353 0.308 0.276 0.253 0.231 0.218 0.217 0.237 0.241 0.240 0.209 0.144 0.116 0.123 0.092 0.738 1.535 2.714 3.144 3.346 4.099 4.795 4.470 4.154 3.754 3.709 3.479 3.559 2.365 2.130 1.552 1.160 0.844 0.605 0.452 0.366 0.331 0.304 0.269 0.236 0.218 0.210 0.215 0.226 0.226 0.236 0.149 0.349
3.623 3.721 3.736 3.849 4.060 4.198 4.117 4.307 4.410 4.496 4.484 4.583 4.664 4.569 4.456 4.362 4.160 3.741 3.411 3.098 2.771 2.321 1.830 1.514 1.274 1.174 0.958 0.775 0.652 0.576 0.515 0.452 0.388 0.329 0.287 0.268 0.259 0.258 0.237 0.218 0.169 0.122 0.092 0.048 0.291 1.214 2.753 2.262 3.171 4.342 4.588 4.025 4.322 4.466 4.265 4.219 2.986 3.076 3.029 2.405 1.866 1.469 1.073 0.805 0.575 0.481 0.411 0.355 0.298 0.261 0.241 0.237 0.238 0.229 0.222 0.165 0.132
3.599 3.776 3.840 3.870 4.076 4.276 4.270 4.351 4.359 4.427 4.403 4.609 4.841 4.970 4.885 4.810 4.661 4.422 4.088 3.758 3.416 3.052 2.629 2.246 1.960 1.757 1.534 1.354 1.192 1.041 0.884 0.755 0.660 0.566 0.432 0.373 0.344 0.306 0.267 0.234 0.215 0.152 0.119 0.046 0.304 1.917 2.558 2.461 3.477 5.137 4.799 4.584 4.671 5.500 5.728 4.319 3.646 4.254 3.815 3.322 2.783 2.329 1.833 1.531 1.188 0.903 0.714 0.573 0.463 0.376 0.319 0.278 0.252 0.234 0.218 0.204 0.154
3.443 3.612 3.795 3.925 4.108 4.295 4.315 4.414 4.413 4.379 4.414 4.601 4.768 4.984 5.135 5.278 5.101 4.967 4.782 4.567 4.197 3.760 3.387 2.991 2.779 2.545 2.269 1.961 1.785 1.692 1.474 1.270 1.142 0.967 0.753 0.609 0.506 0.426 0.333 0.288 0.250 0.205 0.151 0.096 0.423 2.112 2.309 2.943 3.918 5.035 5.646 5.431 5.523 4.077 3.886 4.197 4.365 4.756 4.450 4.111 3.676 3.147 2.634 2.268 1.970 1.616 1.420 1.080 0.779 0.622 0.478 0.392 0.338 0.281 0.256 0.231 0.225
3.196 3.272 3.453 3.786 4.053 4.096 4.119 4.175 4.188 4.205 4.261 4.429 4.627 4.830 4.976 5.278 5.243 5.135 5.089 5.179 4.779 4.317 3.978 3.657 3.450 3.263 3.047 2.755 2.452 2.294 2.072 1.863 1.691 1.501 1.207 0.962 0.773 0.644 0.507 0.422 0.361 0.284 0.202 0.234 0.556 1.182 2.007 2.869 3.834 5.050 5.518 5.184 5.256 4.164 4.315 4.488 4.493 4.718 4.627 4.434 4.256 4.135 3.563 3.138 2.865 2.521 2.090 1.750 1.323 1.020 0.785 0.613 0.518 0.421 0.363 0.332 0.327
2.993 2.937 3.076 3.368 3.526 3.673 3.840 3.876 3.907 3.939 3.854 4.092 4.198 4.506 4.653 4.842 4.836 4.851 4.936 5.089 4.950 4.661 4.482 4.301 4.106 3.760 3.518 3.347 3.135 2.907 2.654 2.456 2.228 1.980 1.706 1.453 1.189 1.012 0.844 0.703 0.567 0.459 0.320 0.733 0.558 1.416 2.183 2.850 3.482 4.071 4.509 4.645 4.542 4.732 4.805 4.738 4.735 4.916 4.810 4.598 4.419 4.251 3.918 3.492 3.343 3.050 2.772 2.692 2.129 1.906 1.442 1.161 0.965 0.791 0.729 0.615 0.603
2.914 2.868 2.929 3.026 3.269 3.516 3.618 3.692 3.816 3.775 3.823 3.915 4.003 4.149 4.218 4.438 4.514 4.626 4.708 4.688 4.761 4.705 4.557 4.415 4.251 4.001 3.862 3.652 3.474 3.214 2.906 2.853 2.706 2.487 2.221 1.967 1.700 1.495 1.292 1.059 0.854 0.659 0.613 1.747 1.165 1.689 2.224 2.614 3.419 3.841 4.117 3.933 4.306 4.888 5.050 5.076 4.921 5.083 4.930 4.893 4.748 4.582 4.378 3.998 3.831 3.444 3.126 2.815 2.750 2.430 2.267 1.895 1.641 1.385 1.192 1.039 0.913
2.633 2.626 2.638 2.744 2.951 3.188 3.347 3.412 3.378 3.411 3.545 3.599 3.595 3.744 3.904 3.937 4.151 4.238 4.291 4.258 4.306 4.307 4.193 4.148 4.051 3.941 3.945 3.896 3.696 3.435 3.165 3.040 2.872 2.779 2.590 2.333 2.038 1.845 1.657 1.465 1.232 0.962 3.450 2.778 1.399 1.558 2.093 2.535 2.778 2.991 3.630 3.707 3.961 4.465 4.811 5.043 4.840 4.964 4.836 4.779 4.753 4.607 4.566 4.361 4.161 3.931 3.550 3.257 3.217 2.977 2.966 2.682 2.451 2.072 1.907 1.699 1.581
2.664 2.625 2.521 2.550 2.838 3.099 3.200 3.284 3.369 3.254 3.306 3.288 3.239 3.337 3.429 3.626 3.843 3.943 3.957 3.946 4.098 3.997 3.861 3.857 3.921 3.874 3.863 3.763 3.671 3.480 3.402 3.390 3.173 3.096 2.944 2.740 2.459 2.242 2.076 1.923 1.731 1.315 4.133 3.172 1.228 1.096 1.407 2.290 2.506 3.174 3.256 3.334 3.768 4.152 4.445 4.640 4.500 4.581 4.540 4.532 4.497 4.495 4.546 4.584 4.505 4.199 3.904 3.812 3.563 3.469 3.405 3.338 3.139 2.831 2.641 2.426 2.324
2.448 2.469 2.547 2.409 2.519 2.701 2.794 2.889 2.813 2.820 2.761 2.792 2.945 3.051 3.072 3.060 3.073 3.324 3.459 3.581 3.708 3.772 3.825 3.822 3.647 3.684 3.539 3.708 3.601 3.538 3.390 3.456 3.336 3.291 3.035 3.031 2.779 2.617 2.465 2.421 2.203 2.463 5.089 3.676 1.094 0.881 1.078 1.752 2.314 2.522 3.052 3.340 3.475 3.353 3.450 3.740 3.705 3.763 3.985 4.109 4.122 4.300 4.043 3.982 3.894 3.970 3.874 3.736 3.607 3.502 3.489 3.437 3.347 3.225 2.976 2.909 2.726
2.387 2.183 2.405 2.406 2.386 2.365 2.443 2.474 2.441 2.441 2.438 2.506 2.533 2.703 2.649 2.591 2.657 2.800 2.846 2.952 3.008 3.042 3.176 3.193 3.083 3.165 3.104 3.144 3.045 3.182 3.040 3.120 3.024 3.024 2.993 2.883 2.814 2.765 2.571 2.604 2.554 2.894 6.200 4.483 0.893 0.862 1.478 2.196 2.252 2.621 2.973 3.133 3.113 3.068 3.094 3.200 3.103 3.294 3.423 3.661 3.674 3.813 3.668 3.600 3.535 3.557 3.605 3.512 3.431 3.412 3.261 3.339 3.374 3.328 3.058 3.178 3.024
2.298 2.392 2.347 2.370 2.357 2.363 2.292 2.347 2.301 2.326 2.276 2.269 2.322 2.358 2.409 2.461 2.483 2.580 2.620 2.599 2.667 2.706 2.706 2.753 2.738 2.767 2.757 2.812 2.770 2.836 2.830 2.872 2.863 2.906 2.749 2.834 2.680 2.818 2.762 2.803 2.878 3.280 4.421 1.607 0.959 0.878 2.216 2.282 2.230 2.431 2.646 2.920 3.022 3.042 3.041 3.150 3.196 3.173 3.268 3.239 3.162 3.163 3.099 3.176 3.211 3.184 3.115 3.085 3.122 3.036 3.073 3.108 3.191 3.205 3.141 3.214 3.162
2.153 2.312 2.333 2.340 2.367 2.328 2.259 2.289 2.283 2.343 2.220 2.260 2.290 2.232 2.298 2.359 2.374 2.400 2.352 2.384 2.403 2.421 2.356 2.428 2.461 2.496 2.501 2.512 2.517 2.556 2.629 2.617 2.600 2.691 2.628 2.606 2.580 2.688 2.737 2.837 3.066 2.873 2.535 1.251 0.985 0.995 2.374 2.348 2.260 2.298 2.452 2.701 2.877 2.928 2.893 2.952 2.973 2.917 2.915 2.937 2.897 2.947 2.958 2.931 2.826 2.856 2.932 2.866 2.825 2.801 2.825 2.856 2.847 2.927 2.926 2.947 2.878
2.203 2.203 2.231 2.256 2.199 2.250 2.246 2.255 2.248 2.322 2.329 2.342 2.305 2.318 2.317 2.305 2.347 2.384 2.372 2.365 2.358 2.350 2.276 2.311 2.332 2.393 2.374 2.421 2.416 2.455 2.464 2.520 2.511 2.560 2.590 2.621 2.608 2.630 2.658 2.799 3.039 4.028 4.253 1.351 0.993 2.551 2.699 2.562 2.220 2.525 2.473 2.563 2.684 2.611 2.625 2.636 2.684 2.683 2.709 2.770 2.820 2.837 2.795 2.788 2.797 2.810 2.755 2.727 2.669 2.710 2.681 2.732 2.730 2.745 2.788 2.820 2.800
2.333 2.376 2.315 2.336 2.319 2.343 2.331 2.397 2.387 2.407 2.439 2.487 2.457 2.488 2.485 2.505 2.471 2.507 2.498 2.537 2.525 2.550 2.446 2.452 2.414 2.437 2.442 2.532 2.519 2.570 2.541 2.545 2.556 2.620 2.609 2.650 2.656 2.645 2.694 2.773 2.987 3.328 5.512 2.474 1.404 2.279 3.035 2.971 2.776 2.732 2.672 2.709 2.709 2.711 2.705 2.672 2.707 2.913 2.816 2.825 2.783 2.809 2.807 2.863 2.874 2.865 2.847 2.805 2.729 2.690 2.696 2.707 2.656 2.642 2.693 2.774 2.759
2.614 2.655 2.567 2.565 2.527 2.562 2.607 2.682 2.645 2.642 2.649 2.671 2.646 2.655 2.690 2.740 2.768 2.765 2.788 2.789 2.772 2.811 2.742 2.712 2.667 2.704 2.665 2.709 2.738 2.786 2.765 2.796 2.782 2.791 2.786 2.806 2.800 2.830 2.798 2.909 2.991 3.189 3.337 2.704 2.516 3.019 3.546 3.303 3.039 2.958 2.884 2.890 2.856 2.875 2.873 2.870 2.877 2.904 2.943 2.957 2.880 2.863 2.904 2.922 2.901 2.910 2.877 2.815 2.812 2.835 2.807 2.763 2.731 2.720 2.763 2.756 2.790
2.736 2.839 2.783 2.748 2.682 2.710 2.717 2.765 2.708 2.680 2.654 2.672 2.654 2.652 2.689 2.771 2.799 2.826 2.830 2.826 2.796 2.789 2.739 2.705 2.672 2.697 2.670 2.681 2.693 2.765 2.761 2.780 2.744 2.744 2.721 2.726 2.690 2.733 2.738 2.781 2.835 2.946 2.953 2.963 2.885 3.004 3.007 2.983 2.879 2.868 2.797 2.802 2.737 2.747 2.688 2.684 2.633 2.606 2.591 2.588 2.525 2.568 2.626 2.613 2.557 2.545 2.498 2.512 2.489 2.524 2.503 2.469 2.412 2.450 2.471 2.484 2.480
2.401 2.506 2.517 2.490 2.436 2.438 2.398 2.365 2.305 2.301 2.271 2.289 2.269 2.268 2.246 2.308 2.372 2.393 2.418 2.391 2.360 2.328 2.306 2.301 2.294 2.314 2.313 2.287 2.294 2.334 2.315 2.309 2.271 2.263 2.242 2.263 2.250 2.300 2.331 2.333 2.362 2.415 2.422 2.404 2.346 2.367 2.340 2.343 2.310 2.365 2.348 2.297 2.158 2.142 2.079 2.015 1.943 1.941 1.914 1.918 1.932 1.995 1.990 1.982 1.937 1.925 1.896 1.929 1.917 1.930 1.958 1.946 1.882 1.885 1.919 1.936 1.942
1.873 1.912 1.915 1.899 1.869 1.869 1.852 1.803 1.774 1.769 1.738 1.755 1.736 1.718 1.708 1.717 1.748 1.788 1.849 1.867 1.853 1.846 1.832 1.848 1.873 1.882 1.866 1.844 1.856 1.872 1.842 1.833 1.820 1.802 1.805 1.832 1.852 1.897 1.920 1.935 1.945 1.959 1.995 2.010 2.001 2.033 2.099 2.232 2.340 2.414 2.024 1.779 1.610 1.545 1.443 1.419 1.381 1.372 1.364 1.394 1.409 1.437 1.412 1.410 1.365 1.358 1.331 1.321 1.306 1.326 1.386 1.403 1.367 1.360 1.340 1.368 1.390
1.338 1.317 1.349 1.361 1.368 1.355 1.368 1.399 1.391 1.367 1.344 1.322 1.340 1.342 1.364 1.376 1.406 1.424 1.465 1.464 1.480 1.472 1.497 1.517 1.561 1.594 1.612 1.604 1.628 1.655 1.659 1.664 1.687 1.675 1.708 1.716 1.733 1.775 1.784 1.760 1.728 1.758 1.781 1.796 1.762 1.992 2.283 2.343 2.147 1.878 1.597 1.461 1.316 1.260 1.192 1.173 1.141 1.152 1.149 1.171 1.145 1.157 1.139 1.137 1.100 1.066 1.051 1.027 1.007 0.998 1.036 1.051 1.065 1.060 1.074 1.088 1.103
1.192 1.188 1.217 1.254 1.258 1.266 1.294 1.323 1.338 1.318 1.294 1.258 1.253 1.257 1.280 1.297 1.313 1.327 1.357 1.389 1.442 1.433 1.434 1.438 1.451 1.480 1.507 1.515 1.544 1.560 1.584 1.580 1.621 1.629 1.643 1.664 1.667 1.693 1.677 1.671 1.691 1.748 1.856 1.961 1.968 2.149 2.183 2.066 1.896 1.680 1.510 1.387 1.242 1.180 1.099 1.083 1.060 1.069 1.040 1.030 1.003 1.006 0.972 0.966 0.941 0.935 0.911 0.905 0.893 0.877 0.846 0.846 0.851 0.898 0.927 0.922 0.898
1.007 0.976 1.007 1.020 1.066 1.079 1.106 1.124 1.144 1.144 1.130 1.115 1.119 1.104 1.135 1.158 1.188 1.207 1.211 1.222 1.170 1.164 1.177 1.180 1.268 1.298 1.384 1.398 1.439 1.424 1.421 1.441 1.465 1.425 1.368 1.381 1.364 1.388 1.425 1.444 1.503 1.664 1.861 1.986 1.693 1.726 1.741 1.795 1.676 1.463 1.411 1.325 1.193 1.143 1.035 0.988 0.935 0.934 0.874 0.857 0.813 0.812 0.769 0.747 0.700 0.746 0.796 0.851 0.854 0.784 0.671 0.595 0.475 0.518 0.520 0.528 0.487
0.890 0.867 0.862 0.878 0.930 0.952 0.985 0.994 1.013 1.023 1.039 1.051 1.053 1.074 1.141 1.165 1.239 1.284 1.276 1.336 1.356 1.374 1.353 1.311 1.390 1.398 1.524 1.511 1.518 1.521 1.636 1.729 1.755 1.708 1.628 1.578 1.402 1.362 1.360 1.387 1.446 1.477 1.479 1.479 1.396 1.433 1.493 1.518 1.410 1.283 1.277 1.218 1.117 1.089 0.995 0.951 0.875 0.849 0.780 0.766 0.712 0.732 0.691 0.702 0.651 0.738 0.702 0.701 0.614 0.717 0.640 0.629 0.492 0.607 0.592 0.696 0.591
0.693 0.698 0.722 0.755 0.831 0.875 0.928 0.929 0.954 1.006 1.093 1.208 1.358 1.529 1.619 1.786 1.709 1.830 1.722 1.636 1.442 1.431 1.362 1.338 1.475 1.529 1.659 1.619 1.565 1.521 1.471 1.457 1.427 1.451 1.408 1.389 1.293 1.264 1.270 1.270 1.283 1.283 1.252 1.238 1.148 1.090 1.057 1.003 1.084 1.063 1.059 1.021 0.957 0.917 0.854 0.831 0.749 0.749 0.694 0.716 0.666 0.696 0.634 0.644 0.514 0.519 0.393 0.417 0.348 0.387 0.293 0.284 0.225 0.223 0.187 0.206 0.179
0.498 0.527 0.583 0.623 0.703 0.751 0.841 0.870 0.917 1.025 1.136 1.199 1.253 1.338 1.382 1.416 1.388 1.355 1.281 1.283 1.203 1.201 1.085 1.071 1.072 1.067 1.105 1.087 1.074 1.063 1.041 1.021 0.969 0.979 0.931 0.926 0.922 0.885 0.895 0.828 0.841 0.805 0.791 0.764 0.768 0.728 0.741 0.707 0.738 0.740 0.745 0.778 0.746 0.704 0.683 0.663 0.638 0.691 0.687 0.701 0.623 0.613 0.518 0.503 0.347 0.334 0.245 0.237 0.184 0.175 0.137 0.140 0.122 0.123 0.110 0.109 0.101
