data-raw/precipfiles/09_grid_data_9000BP.asc
ncols 144
nrows 72
xllcorner -180
yllcorner -90
cellsize 2.5
nodata_value -9999
[rows 34 to 67 of 72, columns 0 to 76 of 144]
6.315 5.966 5.713 5.376 5.020 5.003 4.967 4.814 4.556 4.389 3.914 3.769 3.490 3.293 3.164 3.102 3.011 2.889 2.854 2.910 2.968 3.095 2.912 2.845 2.724 2.625 2.564 2.664 2.849 2.942 2.925 3.317 3.658 4.018 4.230 4.481 4.399 3.815 3.348 4.223 13.241 7.146 6.767 8.281 10.022 10.196 9.282 6.492 5.908 5.864 8.489 10.483 3.958 5.468 6.200 7.187 7.325 7.653 7.457 7.298 7.117 7.172 6.727 6.252 5.156 4.253 3.902 3.698 3.864 3.988 3.036 3.526 2.750 3.383 5.372 6.254 4.730
5.271 4.853 4.222 3.384 2.936 2.890 2.808 2.534 2.327 2.211 2.055 1.924 1.648 1.583 1.529 1.496 1.482 1.401 1.369 1.362 1.346 1.294 1.269 1.248 1.230 1.196 1.180 1.239 1.383 1.463 1.472 1.520 1.564 1.585 1.437 1.313 1.242 1.141 1.058 1.598 6.540 7.101 8.171 8.972 8.927 10.467 8.952 9.005 11.135 7.823 7.175 9.490 9.249 3.985 3.944 4.781 5.120 5.523 5.283 4.824 4.330 4.032 3.395 3.177 2.603 2.172 1.849 1.785 1.636 1.713 1.876 2.095 2.392 2.639 2.789 6.172 4.616
4.297 4.182 3.236 2.611 2.334 2.315 2.334 2.170 1.990 1.820 1.785 1.717 1.574 1.465 1.471 1.399 1.298 1.235 1.229 1.263 1.205 1.135 1.067 1.027 0.989 0.930 0.826 0.838 0.881 0.936 0.973 0.920 0.909 0.890 0.841 0.781 0.716 0.645 0.713 2.048 5.608 6.975 8.316 13.668 7.166 6.595 14.504 8.344 10.724 14.485 6.529 8.331 9.759 7.578 5.526 3.052 3.277 3.439 3.251 2.806 2.318 1.957 1.628 1.269 0.962 0.822 0.735 0.726 0.818 0.924 1.100 1.260 1.501 1.801 2.335 4.202 4.731
5.022 4.461 3.903 3.387 3.143 2.910 2.736 2.409 2.164 1.950 1.882 1.841 1.773 1.697 1.715 1.621 1.517 1.389 1.270 1.249 1.254 1.193 1.202 1.113 1.068 1.024 0.941 0.956 0.966 0.973 0.967 0.936 0.891 0.829 0.853 0.860 0.823 0.652 0.503 1.267 4.413 6.674 7.309 29.649 9.144 6.392 8.087 6.585 5.744 7.485 6.694 6.608 7.710 6.977 5.661 3.678 2.918 2.837 2.719 2.466 2.052 1.768 1.268 0.970 0.700 0.586 0.528 0.471 0.466 0.477 0.518 0.591 0.752 0.972 1.344 2.657 3.699
6.629 6.143 5.623 5.231 4.758 4.249 3.792 3.379 2.897 2.483 2.253 2.019 1.870 1.749 1.620 1.446 1.297 1.160 1.055 0.952 0.905 0.908 0.959 0.919 0.944 0.871 0.819 0.769 0.790 0.743 0.736 0.720 0.678 0.685 0.724 0.667 0.621 0.503 0.350 0.452 2.269 4.956 8.714 64.005 172.818 9.665 7.643 6.775 6.033 8.100 19.720 -9999 -9999 -9999 4.606 3.341 2.987 2.485 3.840 1.753 1.316 1.072 0.786 0.570 0.423 0.337 0.293 0.232 0.196 0.182 0.215 0.216 0.269 0.374 0.556 0.865 2.066
6.865 6.584 6.470 6.391 5.844 5.459 4.924 4.462 3.993 3.581 3.183 2.768 2.545 2.180 1.829 1.515 1.283 1.160 1.012 0.857 0.742 0.665 0.634 0.573 0.551 0.495 0.444 0.411 0.432 0.429 0.439 0.426 0.388 0.437 0.447 0.373 0.409 0.408 0.262 0.125 1.291 6.479 6.681 14.524 30.481 56.974 8.045 8.715 7.004 8.141 -9999 -9999 39.919 16.355 3.450 2.246 2.475 3.418 4.900 1.369 0.931 0.659 0.531 0.436 0.342 0.256 0.210 0.177 0.163 0.170 0.196 0.196 0.169 0.164 0.199 0.287 0.573
6.564 6.373 6.327 6.382 6.065 5.822 5.550 5.151 4.677 4.227 3.861 3.333 2.940 2.545 2.159 1.852 1.558 1.370 1.137 0.933 0.787 0.631 0.536 0.463 0.387 0.339 0.252 0.226 0.232 0.230 0.232 0.222 0.188 0.181 0.189 0.196 0.228 0.258 0.204 0.091 0.504 2.698 6.056 7.704 10.758 17.872 145.092 16.506 26.084 36.794 -9999 -9999 23.425 5.213 3.203 2.243 2.718 4.101 1.636 1.090 0.765 0.586 0.493 0.429 0.331 0.271 0.224 0.193 0.177 0.176 0.189 0.202 0.223 0.179 0.167 0.168 0.348
5.629 5.620 5.707 5.715 5.491 5.459 5.398 5.189 4.915 4.590 4.200 3.838 3.247 2.779 2.418 2.206 2.053 1.810 1.586 1.393 1.209 1.011 0.791 0.690 0.637 0.517 0.395 0.305 0.236 0.255 0.265 0.218 0.178 0.146 0.146 0.150 0.162 0.186 0.235 0.125 0.108 0.739 2.607 6.060 6.389 7.327 7.785 7.396 7.018 6.107 6.092 5.995 5.153 4.383 2.810 2.509 4.220 1.839 1.613 1.095 0.775 0.591 0.458 0.401 0.301 0.254 0.206 0.182 0.165 0.158 0.154 0.164 0.189 0.237 0.303 0.236 0.467
4.161 4.300 4.618 4.773 4.933 5.026 4.958 4.806 4.778 4.771 4.594 4.300 3.828 3.455 3.060 2.803 2.637 2.417 2.125 1.858 1.510 1.296 0.956 0.732 0.606 0.493 0.382 0.307 0.254 0.235 0.226 0.218 0.193 0.176 0.179 0.182 0.188 0.200 0.232 0.180 0.115 0.080 0.574 1.188 2.339 5.893 6.643 4.455 4.367 4.639 5.351 4.748 4.501 3.953 3.260 2.835 3.680 1.895 1.634 1.222 0.806 0.637 0.491 0.389 0.314 0.279 0.251 0.223 0.199 0.186 0.184 0.193 0.206 0.214 0.257 0.164 0.259
3.576 3.651 3.922 4.267 4.521 4.515 4.578 4.578 4.574 4.711 4.752 4.703 4.285 4.007 3.613 3.484 3.303 2.939 2.660 2.373 2.021 1.600 1.217 0.983 0.839 0.689 0.527 0.431 0.355 0.318 0.284 0.260 0.247 0.228 0.216 0.213 0.234 0.243 0.249 0.211 0.140 0.108 0.112 0.089 0.726 1.522 2.748 3.196 3.310 3.917 4.819 4.680 4.329 3.729 3.758 3.612 3.470 2.298 2.017 1.444 1.060 0.771 0.559 0.430 0.358 0.331 0.306 0.272 0.237 0.220 0.211 0.218 0.234 0.231 0.217 0.145 0.326
3.554 3.666 3.729 3.882 4.151 4.303 4.212 4.373 4.508 4.643 4.689 4.866 5.002 4.869 4.700 4.554 4.240 3.737 3.362 3.030 2.687 2.232 1.745 1.433 1.191 1.059 0.864 0.702 0.578 0.502 0.444 0.398 0.360 0.315 0.277 0.257 0.251 0.255 0.241 0.225 0.169 0.120 0.085 0.044 0.283 1.200 2.738 2.281 3.164 4.160 4.653 4.224 4.506 4.473 4.200 4.388 2.993 2.998 2.881 2.273 1.762 1.380 0.994 0.735 0.531 0.455 0.400 0.351 0.298 0.261 0.241 0.240 0.243 0.238 0.211 0.151 0.127
3.571 3.801 3.900 3.948 4.166 4.376 4.370 4.459 4.482 4.590 4.591 4.853 5.143 5.300 5.177 5.078 4.896 4.553 4.130 3.755 3.382 3.002 2.583 2.191 1.908 1.704 1.456 1.261 1.085 0.923 0.764 0.652 0.583 0.508 0.395 0.339 0.317 0.293 0.265 0.235 0.213 0.151 0.113 0.043 0.295 1.871 2.479 2.470 3.511 4.983 4.887 4.716 4.669 5.463 5.699 4.334 3.686 4.271 3.777 3.279 2.753 2.307 1.764 1.422 1.057 0.803 0.646 0.536 0.447 0.371 0.316 0.278 0.254 0.236 0.216 0.181 0.130
3.471 3.711 3.937 4.101 4.290 4.488 4.483 4.587 4.558 4.522 4.539 4.770 4.987 5.234 5.341 5.445 5.266 5.093 4.867 4.590 4.213 3.760 3.389 2.990 2.781 2.561 2.265 1.911 1.698 1.569 1.346 1.141 1.003 0.844 0.658 0.529 0.443 0.387 0.318 0.282 0.243 0.201 0.145 0.091 0.397 2.051 2.248 2.832 3.916 4.978 5.562 5.472 5.483 3.960 3.780 4.152 4.438 4.881 4.589 4.224 3.765 3.211 2.654 2.219 1.858 1.456 1.264 0.974 0.728 0.596 0.464 0.382 0.335 0.281 0.254 0.223 0.192
3.214 3.349 3.565 3.960 4.277 4.338 4.366 4.410 4.387 4.366 4.377 4.535 4.756 4.982 5.091 5.337 5.254 5.159 5.117 5.212 4.801 4.338 4.002 3.689 3.482 3.317 3.086 2.760 2.395 2.200 1.947 1.720 1.516 1.325 1.056 0.838 0.675 0.573 0.465 0.397 0.340 0.269 0.193 0.225 0.520 1.108 1.968 2.763 3.692 5.010 5.440 5.047 5.194 4.036 4.187 4.418 4.533 4.846 4.838 4.646 4.457 4.288 3.673 3.194 2.841 2.423 1.931 1.594 1.202 0.940 0.731 0.577 0.497 0.411 0.356 0.323 0.316
2.959 2.949 3.102 3.424 3.633 3.815 4.019 4.087 4.110 4.120 4.009 4.216 4.293 4.601 4.719 4.863 4.841 4.890 4.996 5.155 4.947 4.631 4.459 4.317 4.135 3.782 3.535 3.345 3.108 2.848 2.563 2.314 2.040 1.778 1.518 1.292 1.061 0.912 0.767 0.646 0.523 0.423 0.297 0.681 0.527 1.346 2.085 2.782 3.403 3.939 4.478 4.573 4.418 4.586 4.657 4.618 4.691 4.951 4.910 4.738 4.571 4.406 4.058 3.599 3.406 3.062 2.719 2.550 1.953 1.717 1.303 1.064 0.905 0.757 0.702 0.593 0.576
2.880 2.880 2.947 3.045 3.312 3.587 3.720 3.825 3.970 3.913 3.958 4.033 4.088 4.206 4.268 4.477 4.553 4.704 4.788 4.754 4.774 4.679 4.529 4.415 4.276 4.023 3.863 3.640 3.446 3.175 2.846 2.753 2.566 2.317 2.050 1.818 1.573 1.393 1.206 0.992 0.801 0.618 0.572 1.657 1.059 1.624 2.138 2.498 3.271 3.585 3.946 3.862 4.219 4.781 4.919 4.940 4.818 5.029 4.921 4.917 4.782 4.613 4.409 4.045 3.873 3.484 3.136 2.775 2.666 2.295 2.107 1.749 1.542 1.330 1.147 1.001 0.884
2.608 2.649 2.670 2.770 2.972 3.226 3.395 3.478 3.449 3.490 3.616 3.682 3.657 3.794 3.946 3.968 4.197 4.303 4.373 4.324 4.333 4.303 4.183 4.160 4.080 3.978 3.955 3.877 3.665 3.403 3.122 2.974 2.774 2.655 2.454 2.210 1.934 1.753 1.572 1.397 1.179 0.927 3.333 2.661 1.270 1.434 2.026 2.416 2.634 2.777 3.473 3.618 3.910 4.411 4.731 4.942 4.751 4.895 4.790 4.754 4.729 4.572 4.529 4.328 4.155 3.937 3.556 3.250 3.186 2.916 2.842 2.550 2.332 2.008 1.852 1.649 1.538
2.635 2.643 2.556 2.587 2.864 3.132 3.235 3.317 3.393 3.285 3.349 3.344 3.292 3.386 3.461 3.640 3.843 3.945 3.969 3.966 4.116 4.005 3.859 3.868 3.945 3.914 3.892 3.765 3.645 3.457 3.377 3.349 3.100 2.995 2.831 2.628 2.357 2.142 1.971 1.833 1.665 1.288 4.063 3.069 1.165 1.020 1.321 2.103 2.315 3.027 3.153 3.271 3.740 4.153 4.451 4.626 4.483 4.570 4.540 4.537 4.501 4.483 4.526 4.558 4.472 4.167 3.872 3.776 3.534 3.432 3.343 3.260 3.059 2.765 2.580 2.372 2.273
2.405 2.455 2.543 2.411 2.514 2.692 2.791 2.886 2.817 2.828 2.784 2.822 2.985 3.097 3.095 3.065 3.056 3.307 3.453 3.590 3.719 3.771 3.808 3.792 3.630 3.679 3.549 3.714 3.596 3.535 3.383 3.434 3.304 3.236 2.975 2.949 2.699 2.530 2.394 2.363 2.168 2.443 5.065 3.608 1.042 0.822 0.993 1.611 2.126 2.382 2.925 3.253 3.420 3.338 3.465 3.760 3.710 3.762 3.977 4.104 4.122 4.290 4.029 3.964 3.866 3.948 3.856 3.720 3.582 3.483 3.472 3.416 3.316 3.191 2.944 2.874 2.693
2.327 2.143 2.369 2.373 2.351 2.328 2.413 2.445 2.422 2.436 2.446 2.532 2.569 2.748 2.680 2.603 2.653 2.794 2.842 2.962 3.023 3.048 3.165 3.165 3.053 3.138 3.090 3.141 3.050 3.185 3.049 3.116 3.016 3.006 2.960 2.838 2.757 2.699 2.525 2.583 2.548 2.906 6.248 4.456 0.874 0.824 1.386 2.061 2.126 2.509 2.872 3.036 3.035 3.015 3.060 3.187 3.085 3.277 3.403 3.637 3.660 3.800 3.657 3.591 3.520 3.544 3.596 3.509 3.420 3.394 3.258 3.327 3.361 3.315 3.041 3.163 3.013
2.214 2.309 2.281 2.307 2.291 2.302 2.241 2.310 2.283 2.321 2.288 2.301 2.366 2.406 2.447 2.489 2.504 2.607 2.647 2.626 2.697 2.731 2.725 2.752 2.724 2.747 2.739 2.794 2.751 2.823 2.823 2.871 2.869 2.909 2.743 2.810 2.646 2.775 2.730 2.796 2.900 3.319 4.484 1.623 0.955 0.860 2.139 2.206 2.173 2.386 2.611 2.877 2.966 2.975 2.970 3.077 3.126 3.114 3.220 3.203 3.138 3.148 3.091 3.170 3.206 3.185 3.119 3.089 3.115 3.026 3.064 3.090 3.172 3.190 3.135 3.214 3.169
2.102 2.261 2.296 2.308 2.334 2.294 2.233 2.274 2.285 2.358 2.247 2.296 2.338 2.283 2.354 2.408 2.417 2.446 2.399 2.430 2.450 2.462 2.390 2.459 2.486 2.518 2.516 2.516 2.511 2.548 2.624 2.622 2.616 2.713 2.646 2.609 2.573 2.678 2.742 2.857 3.114 2.929 2.590 1.277 0.996 0.995 2.350 2.328 2.256 2.306 2.464 2.707 2.869 2.909 2.863 2.916 2.936 2.880 2.885 2.916 2.884 2.944 2.960 2.935 2.835 2.874 2.958 2.896 2.853 2.822 2.844 2.880 2.868 2.952 2.954 2.974 2.903
2.178 2.181 2.219 2.253 2.199 2.249 2.249 2.262 2.265 2.352 2.370 2.392 2.361 2.380 2.384 2.374 2.413 2.444 2.425 2.417 2.404 2.393 2.311 2.349 2.373 2.439 2.411 2.450 2.429 2.462 2.469 2.530 2.532 2.589 2.621 2.647 2.628 2.649 2.689 2.840 3.099 4.113 4.354 1.383 1.011 2.580 2.705 2.568 2.236 2.555 2.507 2.597 2.713 2.629 2.637 2.642 2.686 2.684 2.706 2.772 2.828 2.849 2.808 2.801 2.814 2.832 2.785 2.766 2.709 2.751 2.721 2.777 2.776 2.794 2.835 2.867 2.838
2.333 2.367 2.312 2.339 2.325 2.352 2.347 2.424 2.416 2.441 2.483 2.544 2.526 2.567 2.568 2.593 2.558 2.580 2.557 2.582 2.557 2.572 2.463 2.478 2.447 2.475 2.477 2.564 2.545 2.592 2.559 2.563 2.580 2.651 2.643 2.685 2.693 2.688 2.746 2.829 3.043 3.382 5.600 2.515 1.424 2.304 3.052 2.984 2.793 2.762 2.709 2.747 2.744 2.744 2.735 2.700 2.731 2.935 2.833 2.844 2.805 2.836 2.832 2.885 2.893 2.883 2.870 2.833 2.761 2.723 2.730 2.745 2.697 2.684 2.731 2.812 2.796
2.613 2.642 2.552 2.552 2.516 2.560 2.616 2.703 2.682 2.682 2.690 2.707 2.691 2.710 2.747 2.800 2.825 2.819 2.835 2.831 2.814 2.845 2.776 2.746 2.708 2.755 2.728 2.777 2.813 2.854 2.824 2.850 2.843 2.855 2.851 2.863 2.850 2.876 2.840 2.958 3.038 3.237 3.382 2.742 2.550 3.056 3.583 3.337 3.069 2.989 2.913 2.923 2.890 2.917 2.917 2.913 2.913 2.932 2.965 2.975 2.899 2.883 2.924 2.939 2.915 2.928 2.899 2.844 2.845 2.868 2.839 2.789 2.752 2.737 2.775 2.772 2.814
2.719 2.806 2.741 2.707 2.640 2.677 2.691 2.751 2.708 2.690 2.664 2.672 2.653 2.660 2.706 2.795 2.817 2.845 2.849 2.855 2.829 2.825 2.778 2.742 2.712 2.744 2.732 2.755 2.780 2.852 2.844 2.853 2.818 2.821 2.795 2.789 2.741 2.769 2.767 2.811 2.867 2.986 2.996 3.009 2.933 3.054 3.058 3.036 2.933 2.915 2.838 2.835 2.772 2.788 2.729 2.723 2.658 2.619 2.595 2.586 2.524 2.568 2.628 2.620 2.564 2.559 2.516 2.538 2.517 2.554 2.530 2.488 2.421 2.448 2.466 2.482 2.491
2.364 2.450 2.444 2.411 2.362 2.371 2.337 2.307 2.253 2.255 2.228 2.244 2.224 2.232 2.228 2.303 2.375 2.398 2.425 2.399 2.374 2.344 2.324 2.317 2.308 2.332 2.340 2.321 2.332 2.376 2.359 2.353 2.315 2.305 2.277 2.291 2.267 2.309 2.336 2.341 2.383 2.451 2.467 2.454 2.403 2.432 2.408 2.410 2.374 2.427 2.403 2.341 2.193 2.176 2.110 2.036 1.948 1.933 1.898 1.900 1.916 1.986 1.985 1.981 1.942 1.939 1.914 1.947 1.932 1.943 1.973 1.956 1.887 1.882 1.916 1.937 1.950
1.823 1.853 1.849 1.825 1.795 1.797 1.783 1.737 1.713 1.711 1.683 1.706 1.692 1.685 1.685 1.707 1.747 1.793 1.854 1.872 1.865 1.859 1.842 1.848 1.862 1.862 1.841 1.824 1.838 1.861 1.835 1.828 1.818 1.798 1.791 1.807 1.817 1.851 1.879 1.907 1.936 1.977 2.026 2.047 2.038 2.079 2.153 2.295 2.399 2.463 2.037 1.774 1.591 1.527 1.431 1.406 1.367 1.352 1.342 1.378 1.400 1.438 1.422 1.419 1.372 1.360 1.333 1.321 1.306 1.322 1.379 1.389 1.354 1.348 1.332 1.361 1.384
1.301 1.282 1.306 1.311 1.315 1.303 1.312 1.343 1.337 1.316 1.296 1.278 1.304 1.316 1.349 1.372 1.410 1.430 1.468 1.467 1.487 1.483 1.504 1.514 1.545 1.560 1.571 1.563 1.591 1.624 1.628 1.635 1.659 1.649 1.673 1.680 1.687 1.724 1.740 1.726 1.718 1.773 1.812 1.834 1.797 2.030 2.330 2.383 2.180 1.893 1.592 1.439 1.279 1.225 1.162 1.150 1.120 1.130 1.126 1.154 1.132 1.152 1.137 1.137 1.095 1.052 1.032 1.005 0.982 0.976 1.010 1.025 1.041 1.044 1.063 1.078 1.092
1.173 1.168 1.190 1.221 1.220 1.227 1.252 1.277 1.291 1.272 1.253 1.223 1.227 1.241 1.274 1.301 1.325 1.334 1.356 1.378 1.431 1.426 1.429 1.428 1.432 1.455 1.478 1.488 1.519 1.537 1.561 1.554 1.593 1.605 1.624 1.653 1.659 1.684 1.673 1.677 1.708 1.780 1.898 2.008 2.014 2.194 2.212 2.076 1.895 1.674 1.500 1.371 1.221 1.160 1.082 1.070 1.047 1.055 1.025 1.017 0.990 0.989 0.953 0.944 0.915 0.902 0.872 0.862 0.846 0.831 0.802 0.809 0.822 0.881 0.918 0.918 0.894
0.978 0.946 0.974 0.983 1.026 1.037 1.066 1.087 1.113 1.118 1.109 1.104 1.114 1.105 1.136 1.161 1.192 1.205 1.200 1.200 1.139 1.133 1.148 1.153 1.238 1.268 1.359 1.378 1.425 1.401 1.394 1.411 1.447 1.411 1.360 1.376 1.360 1.383 1.418 1.439 1.502 1.665 1.864 1.989 1.706 1.741 1.753 1.810 1.686 1.473 1.420 1.328 1.190 1.130 1.021 0.971 0.913 0.908 0.846 0.829 0.787 0.783 0.745 0.726 0.681 0.727 0.771 0.819 0.812 0.744 0.641 0.572 0.462 0.511 0.517 0.527 0.488
0.865 0.840 0.834 0.845 0.897 0.920 0.957 0.974 1.005 1.024 1.048 1.068 1.072 1.094 1.154 1.173 1.241 1.274 1.254 1.301 1.309 1.319 1.296 1.255 1.333 1.343 1.471 1.472 1.489 1.489 1.601 1.681 1.714 1.678 1.606 1.556 1.383 1.338 1.330 1.358 1.414 1.443 1.446 1.443 1.368 1.414 1.487 1.522 1.423 1.299 1.293 1.227 1.118 1.081 0.979 0.930 0.850 0.820 0.750 0.735 0.684 0.703 0.668 0.679 0.637 0.722 0.687 0.681 0.590 0.684 0.614 0.607 0.478 0.597 0.588 0.696 0.590
0.683 0.684 0.709 0.739 0.813 0.862 0.923 0.935 0.974 1.040 1.143 1.269 1.420 1.584 1.653 1.807 1.711 1.808 1.683 1.583 1.386 1.365 1.288 1.261 1.385 1.434 1.559 1.528 1.487 1.454 1.410 1.400 1.370 1.392 1.349 1.325 1.228 1.193 1.195 1.195 1.211 1.215 1.192 1.186 1.108 1.057 1.038 0.992 1.083 1.068 1.065 1.020 0.946 0.898 0.831 0.802 0.722 0.720 0.668 0.688 0.643 0.674 0.619 0.630 0.499 0.500 0.377 0.396 0.328 0.363 0.275 0.267 0.212 0.212 0.180 0.199 0.175
0.508 0.538 0.595 0.638 0.726 0.780 0.879 0.916 0.967 1.086 1.203 1.264 1.314 1.391 1.424 1.442 1.398 1.350 1.262 1.251 1.162 1.152 1.034 1.016 1.011 1.003 1.037 1.018 1.008 0.997 0.977 0.959 0.907 0.915 0.870 0.863 0.854 0.819 0.828 0.766 0.783 0.751 0.741 0.719 0.726 0.692 0.709 0.677 0.712 0.717 0.722 0.752 0.716 0.673 0.651 0.632 0.608 0.659 0.657 0.669 0.596 0.588 0.496 0.483 0.329 0.316 0.228 0.220 0.169 0.161 0.126 0.128 0.111 0.112 0.101 0.101 0.093
