data-raw/precipfiles/09_grid_data_9000BP.asc
ncols 144
nrows 72
xllcorner -180
yllcorner -90
cellsize 2.5
nodata_value -9999
[rows 0 to 33 of 72, columns 0 to 76 of 144]
0.430 0.439 0.452 0.442 0.413 0.433 0.432 0.437 0.461 0.472 0.441 0.451 0.457 0.467 0.449 0.441 0.459 0.462 0.459 0.452 0.436 0.457 0.454 0.477 0.463 0.463 0.473 0.456 0.464 0.471 0.470 0.460 0.453 0.458 0.477 0.480 0.455 0.467 0.464 0.469 0.484 0.515 0.494 0.496 0.514 0.502 0.517 0.509 0.482 0.498 0.496 0.496 0.517 0.518 0.516 0.506 0.494 0.517 0.505 0.490 0.494 0.500 0.494 0.508 0.500 0.483 0.505 0.491 0.500 0.494 0.506 0.512 0.528 0.532 0.510 0.523 0.510
0.457 0.446 0.454 0.445 0.436 0.428 0.436 0.436 0.434 0.435 0.430 0.425 0.427 0.432 0.429 0.429 0.427 0.431 0.430 0.427 0.427 0.433 0.431 0.442 0.432 0.432 0.420 0.433 0.419 0.426 0.431 0.426 0.419 0.417 0.401 0.410 0.400 0.403 0.413 0.438 0.407 0.412 0.407 0.404 0.415 0.413 0.410 0.407 0.423 0.402 0.398 0.392 0.383 0.383 0.374 0.381 0.365 0.395 0.389 0.372 0.377 0.374 0.381 0.379 0.380 0.391 0.394 0.399 0.401 0.409 0.413 0.407 0.401 0.412 0.416 0.415 0.416
0.438 0.443 0.443 0.429 0.430 0.432 0.427 0.417 0.407 0.409 0.412 0.403 0.410 0.407 0.400 0.402 0.403 0.402 0.401 0.398 0.404 0.397 0.393 0.397 0.389 0.393 0.393 0.396 0.403 0.403 0.397 0.389 0.381 0.380 0.373 0.381 0.390 0.400 0.428 0.439 0.439 0.437 0.448 0.445 0.451 0.459 0.447 0.436 0.384 0.366 0.340 0.343 0.323 0.316 0.328 0.310 0.322 0.339 0.375 0.393 0.396 0.384 0.378 0.348 0.359 0.358 0.392 0.397 0.406 0.408 0.403 0.408 0.416 0.420 0.420 0.431 0.438
0.498 0.496 0.496 0.486 0.483 0.488 0.478 0.467 0.461 0.450 0.459 0.445 0.432 0.430 0.420 0.408 0.410 0.412 0.398 0.400 0.392 0.393 0.383 0.388 0.377 0.394 0.383 0.387 0.393 0.405 0.398 0.409 0.392 0.418 0.449 0.385 0.377 0.380 0.392 0.405 0.383 0.404 0.554 0.504 0.362 0.355 0.367 0.396 0.345 0.318 0.285 0.291 0.276 0.248 0.237 0.213 0.232 0.251 0.300 0.317 0.325 0.344 0.383 0.349 0.486 0.734 0.566 0.481 0.475 0.460 0.455 0.478 0.529 0.563 0.604 0.624 0.619
0.554 0.549 0.556 0.549 0.538 0.540 0.518 0.510 0.492 0.486 0.475 0.465 0.449 0.450 0.435 0.422 0.416 0.412 0.403 0.400 0.387 0.381 0.373 0.370 0.374 0.365 0.376 0.406 0.383 0.407 0.416 0.432 0.424 0.457 0.345 0.361 0.337 0.326 0.374 0.412 0.424 0.428 0.437 0.422 0.406 0.388 0.332 0.308 0.261 0.284 0.232 0.283 0.234 0.220 0.180 0.161 0.165 0.157 0.178 0.177 0.207 0.236 0.308 0.399 0.514 0.420 0.514 0.518 0.542 0.547 0.592 0.660 0.722 0.795 0.850 0.885 1.154
0.590 0.591 0.598 0.596 0.591 0.592 0.581 0.574 0.567 0.549 0.531 0.518 0.498 0.493 0.478 0.460 0.440 0.436 0.419 0.418 0.409 0.406 0.408 0.455 0.394 0.496 0.511 0.488 0.475 0.349 0.445 0.486 0.355 0.382 0.402 0.408 0.392 0.395 0.430 0.440 0.474 0.649 0.655 0.612 0.453 0.404 0.371 0.337 0.312 0.290 0.349 0.329 0.305 0.269 0.218 0.199 0.168 0.150 0.135 0.141 0.187 0.214 0.300 0.402 0.621 0.556 0.691 0.707 0.783 0.828 0.919 0.944 0.942 0.960 0.976 1.012 1.040
0.684 0.718 0.735 0.745 0.734 0.716 0.673 0.639 0.637 0.620 0.591 0.578 0.570 0.575 0.560 0.546 0.531 0.524 0.506 0.490 0.481 0.454 0.565 0.354 0.340 0.346 0.338 0.330 0.295 0.298 0.449 0.476 0.364 0.414 0.407 0.439 0.431 0.404 0.434 0.443 0.498 0.647 0.676 0.662 0.659 0.668 0.666 0.705 0.717 0.476 0.381 0.515 0.446 0.421 0.319 0.301 0.220 0.210 0.204 0.230 0.424 0.310 0.478 0.555 0.830 0.901 1.100 1.149 1.249 1.256 1.252 1.249 1.225 1.231 1.243 1.274 1.268
0.960 0.704 0.965 1.013 1.051 1.006 0.875 0.806 0.550 0.511 0.491 0.463 0.422 0.625 0.644 0.728 0.734 0.735 0.665 0.501 0.476 0.377 0.406 0.434 0.421 0.445 0.392 0.373 0.347 0.333 0.324 0.443 0.504 0.422 0.431 0.395 0.452 0.473 0.477 0.488 0.499 0.548 0.582 0.610 0.735 0.759 0.851 0.907 0.957 0.907 0.663 0.568 0.616 0.636 0.540 0.477 0.357 0.344 0.387 0.430 0.644 0.708 0.977 0.889 1.366 1.412 1.590 1.668 1.720 1.713 1.654 1.661 1.603 1.611 1.596 1.626 1.592
2.137 1.481 1.420 1.541 1.643 1.438 1.285 1.163 1.095 0.963 0.841 0.805 0.750 0.709 0.700 0.753 0.780 0.737 0.601 0.573 0.495 0.528 0.511 0.483 0.533 0.545 0.422 0.396 0.370 0.369 0.416 0.371 0.391 0.430 0.456 0.485 0.538 0.492 0.549 0.558 0.571 0.626 0.668 0.657 0.761 0.828 1.025 1.439 1.529 1.460 1.019 0.825 0.723 0.826 0.763 1.066 1.334 1.540 1.880 2.077 1.886 1.766 1.981 2.511 2.397 2.346 2.364 2.468 2.498 2.537 2.468 2.439 2.376 2.338 2.246 2.214 1.986
2.613 2.045 2.030 1.773 1.555 1.770 1.510 1.419 1.333 1.186 1.206 1.058 0.989 0.886 0.874 0.909 0.978 0.996 0.891 0.752 0.755 0.795 0.712 0.618 0.595 0.601 0.595 0.634 0.572 0.536 0.532 0.568 0.581 0.613 0.636 0.701 0.704 0.731 0.742 0.985 1.086 0.971 0.787 0.723 0.776 0.972 1.722 1.629 1.860 1.785 1.194 1.023 0.881 1.041 1.331 1.861 2.632 2.383 2.429 2.654 2.894 3.041 3.130 2.126 1.696 1.875 3.007 3.029 2.889 2.804 2.678 2.622 2.625 2.654 2.364 2.224 4.234
1.910 2.233 2.394 1.736 1.713 1.573 1.714 1.486 1.400 1.336 1.452 1.666 1.388 1.594 1.390 1.116 1.082 1.067 1.128 0.965 1.057 0.948 0.869 0.816 0.712 0.670 0.686 0.690 0.700 0.734 0.785 0.847 0.825 0.860 0.869 0.864 0.817 1.314 1.089 1.408 1.453 1.168 0.945 1.029 1.082 1.288 1.677 1.957 2.319 2.401 2.157 2.111 2.156 2.166 2.637 3.326 2.669 2.838 2.967 2.925 2.968 3.180 3.555 3.570 4.269 4.293 3.859 3.285 3.140 3.080 2.931 2.936 3.020 3.055 4.911 3.683 3.162
2.346 2.328 2.292 2.218 2.249 2.043 1.819 1.684 1.493 1.842 2.294 2.538 4.244 4.135 3.769 3.937 2.142 1.055 0.938 1.199 1.357 1.180 0.795 0.922 0.818 0.795 0.784 0.825 0.894 0.966 1.035 1.153 1.120 1.081 1.151 1.278 1.546 1.696 1.531 1.464 1.452 1.214 1.216 1.216 1.169 1.324 1.803 2.207 2.683 2.792 2.829 2.466 2.911 2.722 3.878 3.069 3.280 3.189 3.107 2.945 2.883 2.859 2.908 2.876 2.848 2.884 2.951 3.015 2.928 5.397 2.671 2.805 2.900 5.451 5.314 2.007 1.927
2.521 2.583 2.588 2.515 2.554 2.319 2.106 2.102 2.110 2.143 3.745 3.165 4.919 5.811 4.110 8.338 7.743 4.735 3.629 1.500 1.377 1.296 1.150 1.027 1.069 1.053 1.050 1.005 1.077 1.161 1.375 1.338 1.370 1.359 1.379 1.560 1.675 1.798 1.783 1.803 1.584 1.287 1.209 1.254 1.394 1.624 2.048 2.225 2.515 2.816 3.077 3.143 3.133 3.316 4.051 3.653 3.725 3.556 3.493 3.262 3.151 3.037 2.931 2.878 2.876 2.889 2.901 2.922 2.827 4.358 3.178 2.420 2.817 2.871 5.371 3.089 2.367
2.589 2.627 2.715 2.717 2.777 2.841 3.167 2.843 2.072 2.183 3.732 3.293 2.878 2.972 3.056 3.171 3.247 6.759 7.443 5.126 2.876 1.512 1.428 1.226 1.126 1.231 1.257 1.289 1.206 1.271 1.445 1.389 1.510 1.470 1.313 1.392 1.741 1.843 1.711 1.869 2.003 1.734 1.556 1.572 1.640 1.668 1.924 2.587 2.660 2.658 3.199 3.268 3.449 3.491 3.673 3.756 3.757 3.780 3.729 3.568 3.372 3.209 3.006 2.917 2.827 2.858 2.820 2.899 4.054 5.335 3.606 2.386 2.661 2.772 2.344 2.873 2.012
2.559 2.584 2.674 2.729 3.150 3.698 2.823 2.781 2.670 2.636 2.652 2.748 2.863 2.946 3.068 3.120 3.236 3.435 5.069 7.024 6.672 2.180 1.361 1.966 1.636 1.705 1.513 1.317 1.281 1.269 1.290 1.344 1.381 1.325 1.400 1.374 1.472 1.468 1.554 2.166 2.024 1.890 1.980 1.905 1.845 1.979 2.023 2.386 2.725 2.766 2.888 3.160 3.379 3.412 3.542 3.546 3.535 3.556 3.459 3.421 3.258 3.198 3.068 2.965 2.907 2.947 2.814 3.052 3.600 2.955 3.582 2.679 2.003 2.524 2.539 2.664 2.001
2.734 3.641 2.990 2.803 2.780 2.817 2.772 2.823 2.809 2.859 2.862 2.903 2.944 3.048 3.201 3.191 3.244 3.333 3.470 6.760 8.387 5.087 2.266 1.419 2.517 1.968 1.514 1.201 1.175 1.192 1.286 1.419 1.344 1.299 1.404 1.625 1.697 1.791 1.895 1.871 2.030 2.117 2.175 2.355 2.408 2.559 2.398 2.668 3.345 3.065 2.939 3.184 3.439 3.466 3.606 3.631 3.582 3.478 3.435 3.358 3.213 3.153 3.104 3.064 2.966 2.939 2.781 5.723 4.020 3.005 3.489 2.128 1.941 2.262 2.456 2.719 2.079
3.014 3.075 3.073 3.096 3.041 3.007 3.021 3.074 3.107 3.221 3.194 3.217 3.260 3.390 3.378 3.325 3.314 3.324 3.307 3.470 3.622 8.510 5.793 3.830 1.468 2.129 2.081 1.279 1.327 1.191 1.230 1.429 1.499 1.533 1.695 1.946 2.142 2.242 2.167 2.203 2.403 2.579 2.483 2.720 2.574 2.839 2.824 3.139 4.016 3.675 3.801 3.182 3.393 3.561 3.705 4.199 4.105 3.849 3.577 3.581 3.455 3.355 3.291 3.278 3.162 2.911 2.715 2.646 2.404 2.445 2.800 2.329 2.050 2.171 2.835 2.740 2.725
3.424 3.468 3.437 3.433 3.400 3.362 3.430 3.392 3.441 3.645 3.649 3.744 3.675 3.694 3.657 3.578 3.458 3.376 3.352 3.392 3.337 3.175 5.622 3.263 1.315 2.378 1.807 1.832 1.564 1.299 1.434 1.628 1.750 2.037 2.376 2.756 2.897 2.800 2.802 2.593 2.777 2.717 2.924 3.242 3.128 3.132 3.486 4.442 3.803 4.973 4.554 3.644 3.620 3.846 4.195 4.536 4.326 3.996 3.753 3.627 3.504 3.392 3.301 3.141 2.947 2.666 2.533 2.421 2.321 2.210 1.857 2.294 2.521 2.578 3.540 3.860 3.168
3.894 3.873 4.029 3.961 3.984 3.797 3.776 3.837 3.824 4.023 4.199 4.021 3.846 3.842 3.689 3.642 3.499 3.273 3.243 3.096 2.949 3.085 5.183 2.572 1.406 1.715 1.154 1.704 1.038 1.278 1.603 1.821 2.229 2.656 2.915 3.076 3.153 3.197 2.678 2.960 2.921 3.291 3.587 3.869 4.141 4.198 4.395 4.493 4.715 4.678 4.403 4.298 4.231 4.917 5.380 4.816 4.309 4.053 3.903 3.813 3.491 3.287 2.958 2.862 2.627 2.407 2.324 2.200 4.247 3.200 2.940 3.448 2.590 2.820 2.595 2.591 2.404
4.461 4.548 4.680 4.574 4.443 4.224 4.234 4.244 4.345 4.421 4.244 4.173 4.082 3.985 3.757 3.684 3.440 3.425 3.144 2.967 2.886 2.959 5.037 2.652 1.156 1.319 1.160 1.398 0.961 1.325 1.456 1.906 2.389 2.830 3.157 3.249 3.329 3.346 3.088 3.322 3.718 3.637 4.064 4.265 4.577 4.924 5.587 6.386 6.636 6.669 6.033 5.610 5.266 5.360 4.978 4.478 4.235 4.047 3.874 3.512 3.121 2.849 2.746 2.608 2.289 2.182 2.096 2.022 4.210 2.404 1.784 1.530 1.835 2.365 2.065 2.473 2.498
5.219 4.997 4.707 4.481 4.497 4.392 4.271 4.293 4.267 4.113 4.019 3.940 4.030 3.880 3.751 3.534 3.156 2.761 2.556 2.404 2.245 1.892 4.627 3.543 1.447 2.572 -9999 1.149 1.265 1.484 1.385 1.668 2.169 2.903 3.386 3.413 3.577 3.749 3.603 3.735 3.634 3.885 4.001 5.761 6.944 7.256 7.322 7.280 6.820 6.078 5.515 4.874 4.836 4.499 4.203 3.973 3.676 3.306 2.992 2.774 2.571 2.489 2.295 2.115 1.895 1.708 1.684 1.865 2.585 2.292 2.029 1.636 2.160 2.058 1.368 2.171 1.547
4.988 4.804 4.599 4.370 4.371 4.224 4.081 4.116 4.054 3.935 3.931 3.911 3.758 3.547 3.257 2.976 2.675 2.380 2.155 1.916 1.723 1.407 1.046 1.931 1.810 -9999 4.852 1.292 1.104 1.565 1.509 1.734 2.581 3.281 3.566 3.715 4.013 4.119 4.222 3.838 3.609 4.019 5.045 6.480 6.458 6.157 5.928 5.740 5.369 4.843 4.437 4.084 3.905 3.661 3.511 3.316 3.180 3.053 2.643 2.396 2.220 2.111 1.979 1.756 1.624 1.588 1.565 1.635 2.817 2.257 1.893 1.337 1.683 1.854 2.129 1.978 1.392
4.309 4.269 4.224 4.002 3.962 3.872 3.738 3.773 3.715 3.722 3.674 3.570 3.502 3.186 2.828 2.429 2.167 1.952 1.711 1.482 1.304 1.154 0.954 2.115 2.074 1.336 4.903 3.201 1.821 1.429 1.366 1.672 2.159 3.248 3.950 4.191 4.282 4.104 4.034 3.851 3.906 4.503 5.740 5.467 5.038 4.867 4.740 4.534 4.248 3.933 3.615 3.166 3.237 3.097 2.900 2.757 2.568 2.483 2.248 2.064 1.892 1.813 1.579 1.374 1.312 1.321 1.362 1.402 1.545 1.887 1.371 0.934 0.885 0.863 0.760 1.081 1.192
3.415 3.420 3.513 3.428 3.349 3.165 3.078 3.132 3.136 3.204 3.101 2.979 2.806 2.589 2.284 1.914 1.632 1.437 1.257 1.088 0.934 0.864 0.800 0.757 0.541 1.029 0.838 8.439 3.623 2.158 1.125 1.372 1.884 2.711 4.165 4.422 4.402 4.041 3.904 4.002 4.110 4.909 4.404 4.100 4.050 4.133 4.051 3.956 3.860 3.613 3.290 2.975 2.712 2.574 2.483 2.432 2.358 2.280 2.051 1.792 1.581 1.392 1.133 0.970 0.929 0.944 0.991 0.870 1.143 1.075 -9999 0.597 0.531 0.400 0.311 0.480 0.834
2.455 2.527 2.662 2.559 2.447 2.324 2.316 2.214 2.300 2.429 2.378 2.399 2.270 1.980 1.741 1.518 1.365 1.183 0.995 0.812 0.724 0.657 0.654 0.554 0.416 0.498 0.554 2.955 7.344 2.766 0.917 1.148 1.929 3.107 4.285 4.198 3.843 3.377 4.141 4.022 3.187 3.648 3.535 3.531 3.699 3.759 3.662 3.621 3.523 3.224 2.748 2.298 2.262 2.156 2.170 2.073 1.875 1.761 1.561 1.408 1.151 0.945 0.763 0.669 1.023 1.029 0.511 0.598 0.491 0.382 0.710 0.337 0.231 0.442 0.419 0.260 0.236
2.005 2.059 2.158 2.122 2.060 1.823 1.746 1.671 1.778 1.839 1.822 1.797 1.797 1.473 1.355 1.242 1.168 1.012 0.871 0.748 0.685 0.632 0.604 0.514 0.412 0.315 0.310 0.543 2.493 8.053 1.213 0.979 1.702 2.453 2.863 2.722 2.523 2.463 2.948 3.898 3.122 2.705 2.599 2.911 3.176 3.427 3.348 3.226 3.011 2.551 2.179 1.935 1.792 1.889 1.847 1.721 1.556 1.442 1.167 0.988 0.781 0.639 0.517 0.441 0.464 0.424 0.411 -9999 -9999 -9999 -9999 -9999 0.517 0.671 1.022 -9999 -9999
1.726 1.702 1.746 1.721 1.709 1.511 1.450 1.342 1.375 1.435 1.390 1.335 1.246 1.062 1.065 1.052 1.026 0.899 0.826 0.799 0.790 0.735 0.687 0.584 0.553 0.475 0.463 0.641 1.401 4.594 2.844 1.317 2.248 2.321 2.456 2.113 1.727 1.870 3.191 3.790 3.000 1.701 1.811 2.229 2.546 2.679 2.810 2.629 2.354 2.022 1.759 1.481 1.368 1.346 1.304 1.248 1.134 1.018 0.886 0.751 0.617 0.511 0.436 0.410 0.506 0.320 0.561 -9999 -9999 -9999 -9999 -9999 0.353 -9999 -9999 -9999 -9999
1.570 1.531 1.506 1.501 1.488 1.521 1.500 1.427 1.337 1.216 1.296 1.113 1.000 0.990 0.992 1.030 1.074 0.986 0.946 0.926 0.912 0.900 0.827 0.704 0.715 0.761 0.836 0.902 1.130 4.049 3.632 2.185 4.144 4.921 2.315 2.311 2.547 2.760 3.300 3.059 3.237 3.120 2.505 1.905 2.250 2.343 2.276 2.028 1.883 1.650 1.450 1.254 1.242 1.151 1.082 1.028 0.946 0.842 0.709 0.562 0.485 0.432 0.464 0.472 0.599 0.361 0.802 -9999 -9999 -9999 -9999 -9999 -9999 -9999 -9999 -9999 -9999
1.428 1.472 1.408 1.368 1.318 1.341 1.451 1.418 1.433 5.616 1.237 1.105 1.057 1.116 1.102 1.146 1.160 1.100 1.102 1.075 1.046 1.087 1.125 1.075 1.191 1.356 1.613 1.776 1.738 2.312 2.422 2.724 2.895 7.200 8.194 5.005 3.572 2.611 2.191 2.082 3.845 3.727 2.667 3.983 5.316 5.438 2.088 1.838 1.802 1.679 1.465 1.268 1.327 1.260 1.147 1.051 0.920 0.817 0.686 0.564 0.486 0.461 0.463 0.467 0.519 0.261 0.294 0.393 0.388 -9999 -9999 -9999 -9999 -9999 -9999 -9999 -9999
1.371 1.383 1.279 1.242 1.188 1.216 1.254 1.299 1.293 1.216 1.202 1.167 1.093 1.191 1.241 1.356 1.407 1.373 1.382 1.431 1.495 1.631 1.690 1.855 2.217 2.588 2.737 2.927 2.910 2.771 2.798 2.309 4.037 3.397 4.083 6.242 5.652 5.690 7.556 2.562 2.084 1.880 1.754 1.705 2.054 1.971 1.802 4.628 1.752 1.661 1.488 1.394 1.384 1.415 1.351 1.172 1.044 1.018 0.906 0.808 0.759 0.701 0.697 0.649 0.737 0.400 -9999 -9999 -9999 -9999 -9999 -9999 -9999 -9999 -9999 -9999 -9999
1.653 1.704 1.618 1.616 1.591 1.654 1.689 1.637 1.696 1.700 1.574 1.552 1.549 1.678 1.876 2.022 2.262 2.394 2.575 2.809 3.049 3.386 3.866 4.347 4.885 5.103 5.255 5.410 5.358 4.839 4.478 4.349 4.281 3.833 4.222 5.205 4.578 3.949 6.500 2.940 1.623 1.171 0.891 0.925 1.097 1.267 1.384 1.639 1.750 1.727 1.433 1.363 1.425 1.500 1.435 1.359 1.313 1.332 1.376 1.384 1.276 1.130 1.112 0.977 0.940 1.139 -9999 -9999 -9999 -9999 -9999 -9999 -9999 -9999 -9999 -9999 -9999
2.688 2.661 2.542 2.703 2.873 3.054 3.127 3.146 3.310 3.453 3.504 3.560 3.492 3.708 3.928 4.147 4.625 4.946 5.281 5.708 6.162 6.490 7.167 7.964 8.678 9.019 9.138 8.979 8.775 8.035 7.106 6.339 5.162 4.654 4.298 3.566 3.434 4.904 7.854 4.173 2.921 3.732 4.514 2.152 2.274 3.101 3.167 3.839 1.666 1.658 1.603 1.784 1.926 2.143 2.185 2.174 2.256 2.438 2.678 2.666 2.740 2.722 3.327 3.290 3.076 3.552 4.093 3.600 -9999 -9999 -9999 -9999 -9999 -9999 -9999 -9999 -9999
5.090 4.986 5.004 5.130 5.404 5.864 6.116 6.272 6.449 6.581 6.674 6.703 7.022 7.077 7.245 7.571 8.193 8.443 8.704 8.788 9.165 9.411 9.822 10.007 10.246 10.349 10.555 10.614 10.337 9.724 8.977 8.352 7.711 7.169 6.380 5.256 4.451 5.690 8.221 5.884 6.839 6.571 6.027 4.839 3.532 2.768 2.888 4.177 4.695 1.594 1.930 2.379 2.956 3.577 3.886 4.087 4.341 4.654 5.013 5.303 5.557 5.674 6.194 6.152 5.498 5.325 7.363 6.175 4.674 3.423 3.198 3.775 3.882 3.368 3.365 3.231 3.233
7.356 7.233 7.307 7.352 7.185 7.540 7.650 7.789 7.577 7.546 7.295 7.041 6.872 6.634 6.599 6.539 6.670 6.625 6.586 6.544 6.509 6.598 6.495 6.473 6.519 6.330 6.318 6.699 6.870 6.799 6.632 6.720 6.912 7.334 7.853 8.419 8.384 8.519 8.480 7.469 11.682 17.238 9.316 19.166 6.421 6.320 6.847 6.089 6.714 5.254 5.121 3.478 3.416 4.918 6.053 6.638 6.710 7.009 7.017 7.443 7.797 8.141 7.622 6.783 5.981 5.474 6.185 6.460 4.983 3.388 3.426 3.748 3.274 4.022 5.005 5.206 4.508
