data-raw/precipfiles/10_grid_data_10000BP.asc
ncols 144
nrows 72
xllcorner -180
yllcorner -90
cellsize 2.5
nodata_value -9999
[rows 0 to 33 of 72, columns 0 to 76 of 144]
0.424 0.431 0.447 0.436 0.409 0.429 0.428 0.435 0.459 0.471 0.440 0.449 0.456 0.465 0.447 0.442 0.461 0.464 0.463 0.456 0.443 0.463 0.459 0.483 0.468 0.468 0.479 0.462 0.471 0.478 0.476 0.464 0.457 0.460 0.480 0.483 0.458 0.469 0.468 0.473 0.489 0.522 0.502 0.506 0.523 0.512 0.527 0.516 0.490 0.506 0.503 0.505 0.526 0.527 0.525 0.516 0.504 0.527 0.514 0.498 0.503 0.508 0.503 0.517 0.509 0.492 0.517 0.502 0.512 0.507 0.519 0.523 0.539 0.543 0.521 0.533 0.519
0.452 0.442 0.450 0.441 0.433 0.424 0.433 0.434 0.432 0.433 0.429 0.423 0.424 0.430 0.428 0.429 0.426 0.430 0.430 0.426 0.428 0.433 0.431 0.443 0.433 0.434 0.422 0.436 0.423 0.431 0.436 0.431 0.424 0.423 0.407 0.417 0.406 0.409 0.420 0.443 0.413 0.418 0.411 0.408 0.418 0.416 0.411 0.407 0.422 0.402 0.398 0.393 0.384 0.385 0.377 0.384 0.369 0.399 0.392 0.376 0.379 0.378 0.384 0.381 0.383 0.394 0.398 0.402 0.405 0.414 0.419 0.412 0.407 0.418 0.424 0.423 0.424
0.431 0.437 0.438 0.425 0.426 0.427 0.422 0.412 0.402 0.404 0.408 0.400 0.406 0.404 0.396 0.398 0.399 0.398 0.397 0.394 0.401 0.393 0.390 0.396 0.389 0.394 0.395 0.400 0.409 0.410 0.404 0.397 0.389 0.388 0.382 0.391 0.400 0.408 0.438 0.448 0.447 0.444 0.453 0.447 0.450 0.456 0.442 0.428 0.377 0.358 0.335 0.339 0.320 0.313 0.327 0.310 0.322 0.340 0.377 0.395 0.398 0.386 0.380 0.348 0.359 0.358 0.390 0.395 0.405 0.407 0.404 0.410 0.419 0.424 0.425 0.437 0.445
0.496 0.495 0.494 0.486 0.481 0.486 0.475 0.464 0.457 0.446 0.454 0.441 0.428 0.426 0.417 0.405 0.406 0.407 0.392 0.393 0.385 0.385 0.376 0.383 0.373 0.390 0.382 0.387 0.395 0.409 0.403 0.417 0.402 0.432 0.466 0.404 0.395 0.396 0.406 0.416 0.391 0.411 0.558 0.504 0.362 0.354 0.366 0.396 0.342 0.314 0.283 0.288 0.273 0.246 0.234 0.212 0.229 0.250 0.297 0.314 0.322 0.341 0.377 0.342 0.478 0.723 0.557 0.474 0.467 0.454 0.450 0.474 0.526 0.561 0.603 0.625 0.622
0.556 0.552 0.560 0.552 0.539 0.540 0.517 0.508 0.489 0.483 0.472 0.462 0.446 0.448 0.433 0.419 0.411 0.405 0.394 0.389 0.373 0.366 0.359 0.356 0.360 0.352 0.363 0.394 0.374 0.399 0.412 0.431 0.427 0.462 0.355 0.367 0.345 0.333 0.378 0.415 0.423 0.425 0.433 0.415 0.401 0.383 0.327 0.303 0.258 0.281 0.230 0.282 0.232 0.218 0.178 0.159 0.162 0.152 0.172 0.170 0.198 0.227 0.296 0.385 0.496 0.408 0.502 0.508 0.531 0.536 0.579 0.648 0.711 0.785 0.840 0.875 1.124
0.593 0.594 0.599 0.599 0.594 0.591 0.579 0.570 0.563 0.545 0.528 0.515 0.495 0.491 0.475 0.456 0.434 0.425 0.404 0.398 0.386 0.380 0.380 0.421 0.365 0.459 0.474 0.457 0.445 0.330 0.428 0.477 0.352 0.382 0.401 0.395 0.376 0.384 0.411 0.417 0.450 0.616 0.623 0.584 0.431 0.386 0.358 0.328 0.304 0.284 0.341 0.321 0.300 0.265 0.213 0.193 0.161 0.144 0.129 0.133 0.176 0.202 0.290 0.389 0.594 0.535 0.672 0.690 0.765 0.810 0.899 0.922 0.920 0.937 0.953 0.986 1.011
0.687 0.720 0.735 0.743 0.729 0.706 0.661 0.626 0.624 0.610 0.584 0.572 0.566 0.571 0.556 0.541 0.523 0.512 0.488 0.465 0.449 0.418 0.514 0.323 0.312 0.320 0.312 0.319 0.297 0.306 0.460 0.494 0.366 0.416 0.412 0.436 0.416 0.385 0.402 0.403 0.451 0.592 0.621 0.613 0.616 0.630 0.634 0.680 0.694 0.460 0.364 0.486 0.415 0.390 0.295 0.276 0.201 0.193 0.187 0.212 0.391 0.288 0.448 0.526 0.787 0.859 1.056 1.111 1.217 1.228 1.225 1.215 1.185 1.185 1.193 1.221 1.212
0.957 0.707 0.972 1.015 1.045 0.995 0.858 0.790 0.541 0.504 0.487 0.461 0.421 0.627 0.647 0.732 0.736 0.729 0.649 0.481 0.449 0.351 0.373 0.396 0.388 0.419 0.379 0.375 0.368 0.352 0.338 0.462 0.510 0.419 0.433 0.401 0.450 0.457 0.449 0.448 0.449 0.492 0.525 0.556 0.681 0.714 0.809 0.873 0.924 0.870 0.626 0.525 0.559 0.571 0.484 0.430 0.323 0.313 0.354 0.396 0.597 0.655 0.910 0.838 1.291 1.345 1.528 1.618 1.681 1.677 1.619 1.622 1.558 1.557 1.534 1.559 1.522
2.134 1.490 1.427 1.551 1.650 1.436 1.279 1.155 1.088 0.961 0.843 0.806 0.752 0.715 0.710 0.765 0.791 0.748 0.603 0.561 0.475 0.498 0.476 0.447 0.499 0.525 0.429 0.424 0.409 0.397 0.431 0.369 0.377 0.413 0.446 0.492 0.546 0.483 0.525 0.529 0.534 0.577 0.612 0.604 0.709 0.785 0.987 1.406 1.493 1.408 0.963 0.764 0.658 0.743 0.683 0.952 1.206 1.401 1.727 1.924 1.757 1.648 1.862 2.386 2.296 2.267 2.308 2.426 2.459 2.493 2.423 2.392 2.330 2.288 2.187 2.150 1.928
2.567 1.992 1.990 1.746 1.534 1.753 1.495 1.406 1.326 1.190 1.222 1.055 0.988 0.890 0.884 0.922 0.993 1.040 0.919 0.758 0.748 0.775 0.687 0.592 0.580 0.613 0.654 0.745 0.700 0.632 0.591 0.596 0.588 0.606 0.628 0.705 0.694 0.681 0.661 0.897 1.017 0.906 0.727 0.664 0.720 0.917 1.653 1.582 1.808 1.717 1.126 0.956 0.816 0.965 1.239 1.737 2.485 2.241 2.276 2.499 2.746 2.907 2.975 2.021 1.621 1.820 2.950 2.998 2.857 2.753 2.612 2.542 2.555 2.593 2.335 2.206 4.207
1.855 2.152 2.313 1.673 1.653 1.532 1.678 1.458 1.379 1.331 1.463 1.655 1.379 1.593 1.403 1.130 1.096 1.090 1.169 0.978 1.058 0.944 0.863 0.810 0.719 0.709 0.772 0.848 0.912 0.936 0.943 0.953 0.896 0.893 0.880 0.863 0.812 1.225 0.984 1.245 1.343 1.097 0.891 0.968 1.020 1.229 1.623 1.891 2.234 2.295 2.047 1.991 2.032 2.063 2.530 3.201 2.571 2.701 2.788 2.736 2.792 3.028 3.417 3.472 4.176 4.237 3.815 3.256 3.097 3.022 2.855 2.862 2.963 3.019 4.915 3.710 3.214
2.291 2.266 2.221 2.143 2.171 1.973 1.766 1.646 1.457 1.816 2.272 2.478 4.150 4.078 3.762 3.960 2.160 1.057 0.934 1.193 1.338 1.159 0.789 0.937 0.857 0.862 0.882 0.999 1.187 1.278 1.314 1.377 1.290 1.192 1.202 1.282 1.510 1.629 1.474 1.392 1.353 1.148 1.165 1.179 1.126 1.282 1.777 2.140 2.569 2.650 2.700 2.361 2.799 2.651 3.801 3.027 3.199 3.068 2.940 2.753 2.688 2.685 2.775 2.789 2.794 2.840 2.914 2.977 2.872 5.269 2.605 2.747 2.880 5.501 5.423 2.075 1.974
2.439 2.500 2.500 2.419 2.447 2.228 2.040 2.050 2.068 2.101 3.677 3.103 4.833 5.772 4.118 8.396 7.812 4.762 3.618 1.476 1.337 1.247 1.108 1.011 1.099 1.121 1.138 1.136 1.306 1.469 1.716 1.597 1.540 1.474 1.423 1.564 1.643 1.754 1.758 1.802 1.574 1.249 1.157 1.182 1.314 1.540 1.970 2.181 2.447 2.729 3.029 3.093 3.096 3.270 3.990 3.589 3.624 3.427 3.326 3.074 2.952 2.851 2.786 2.775 2.808 2.840 2.860 2.883 2.795 4.306 3.163 2.436 2.862 2.960 5.566 3.237 2.469
2.512 2.555 2.635 2.633 2.681 2.749 3.081 2.787 2.047 2.160 3.683 3.251 2.838 2.949 3.046 3.178 3.255 6.780 7.430 5.053 2.783 1.436 1.345 1.176 1.126 1.286 1.343 1.398 1.357 1.481 1.682 1.572 1.570 1.513 1.309 1.383 1.724 1.838 1.737 1.919 2.078 1.760 1.546 1.511 1.569 1.599 1.851 2.504 2.582 2.561 3.087 3.182 3.378 3.420 3.606 3.666 3.649 3.649 3.576 3.409 3.209 3.054 2.879 2.818 2.762 2.809 2.780 2.865 4.031 5.304 3.616 2.416 2.712 2.855 2.426 2.979 2.085
2.517 2.538 2.622 2.676 3.089 3.626 2.791 2.766 2.671 2.643 2.662 2.747 2.851 2.921 3.031 3.086 3.209 3.416 5.034 6.936 6.484 2.082 1.278 1.867 1.604 1.765 1.623 1.430 1.409 1.401 1.395 1.378 1.256 1.183 1.317 1.345 1.475 1.494 1.614 2.276 2.137 1.959 2.013 1.895 1.814 1.942 1.983 2.327 2.623 2.633 2.703 2.953 3.179 3.237 3.382 3.401 3.403 3.428 3.335 3.311 3.159 3.107 2.984 2.894 2.849 2.895 2.772 3.021 3.592 2.965 3.594 2.706 2.039 2.577 2.596 2.707 2.009
2.717 3.608 2.957 2.780 2.771 2.812 2.769 2.821 2.812 2.868 2.876 2.914 2.945 3.031 3.155 3.140 3.206 3.321 3.455 6.707 8.255 4.965 2.206 1.403 2.558 2.110 1.652 1.320 1.272 1.310 1.372 1.450 1.271 1.168 1.324 1.557 1.648 1.762 1.923 1.933 2.120 2.212 2.236 2.376 2.382 2.501 2.322 2.571 3.189 2.887 2.749 2.959 3.207 3.257 3.411 3.452 3.418 3.332 3.298 3.241 3.124 3.086 3.056 3.016 2.912 2.866 2.717 5.622 3.986 2.987 3.462 2.136 1.968 2.321 2.507 2.752 2.094
3.007 3.061 3.059 3.090 3.051 3.026 3.044 3.092 3.110 3.217 3.191 3.219 3.269 3.387 3.348 3.294 3.292 3.327 3.306 3.451 3.590 8.408 5.717 3.828 1.524 2.219 2.060 1.368 1.435 1.296 1.296 1.453 1.494 1.492 1.675 1.875 2.020 2.117 2.111 2.196 2.434 2.637 2.531 2.738 2.546 2.786 2.741 3.042 3.844 3.505 3.595 2.998 3.201 3.387 3.538 4.020 3.946 3.706 3.447 3.466 3.367 3.298 3.249 3.244 3.116 2.853 2.648 2.592 2.369 2.422 2.756 2.308 2.017 2.147 2.767 2.691 2.658
3.427 3.450 3.426 3.434 3.417 3.397 3.470 3.427 3.445 3.625 3.618 3.717 3.656 3.692 3.646 3.578 3.487 3.420 3.380 3.390 3.326 3.155 5.548 3.268 1.349 2.468 1.629 1.676 1.639 1.399 1.518 1.635 1.765 2.059 2.412 2.695 2.746 2.599 2.648 2.495 2.710 2.686 2.904 3.212 3.067 3.065 3.421 4.335 3.709 4.827 4.385 3.496 3.480 3.730 4.088 4.426 4.214 3.892 3.653 3.539 3.435 3.345 3.269 3.118 2.924 2.642 2.504 2.392 2.290 2.180 1.831 2.261 2.447 2.429 3.295 3.563 2.912
3.918 3.883 4.059 4.006 4.074 3.895 3.864 3.905 3.845 4.004 4.148 3.960 3.773 3.786 3.638 3.634 3.540 3.333 3.294 3.105 2.969 3.086 5.164 2.589 1.448 1.766 1.154 1.627 1.017 1.319 1.671 1.859 2.215 2.605 2.802 2.956 3.014 3.045 2.506 2.782 2.752 3.124 3.441 3.727 4.015 4.085 4.310 4.445 4.655 4.602 4.340 4.214 4.153 4.812 5.281 4.718 4.236 3.989 3.842 3.749 3.435 3.245 2.935 2.849 2.621 2.410 2.315 2.179 4.194 3.158 2.903 3.374 2.508 2.681 2.463 2.459 2.285
4.499 4.596 4.752 4.660 4.556 4.348 4.342 4.309 4.354 4.400 4.202 4.127 4.016 3.917 3.691 3.655 3.482 3.500 3.217 3.009 2.929 2.988 5.078 2.690 1.174 1.348 1.159 1.366 0.923 1.315 1.475 1.947 2.423 2.822 3.078 3.155 3.224 3.246 2.938 3.144 3.527 3.495 3.930 4.143 4.508 4.858 5.577 6.398 6.615 6.659 5.997 5.559 5.203 5.278 4.895 4.401 4.181 3.997 3.824 3.457 3.087 2.819 2.729 2.601 2.284 2.183 2.095 1.999 4.126 2.337 1.740 1.492 1.801 2.267 1.998 2.381 2.396
5.279 5.091 4.825 4.604 4.620 4.508 4.347 4.306 4.235 4.065 3.983 3.948 4.054 3.886 3.742 3.541 3.208 2.839 2.641 2.477 2.315 1.943 4.722 3.630 1.476 1.943 -9999 1.069 1.199 1.447 1.361 1.664 2.215 2.975 3.432 3.430 3.567 3.699 3.469 3.584 3.545 3.828 3.963 5.691 6.956 7.325 7.391 7.355 6.886 6.126 5.509 4.836 4.759 4.408 4.109 3.881 3.600 3.245 2.953 2.725 2.534 2.475 2.288 2.111 1.887 1.693 1.663 1.839 2.527 2.226 1.961 1.555 2.068 2.015 1.333 2.124 1.488
5.097 4.930 4.742 4.513 4.505 4.330 4.136 4.101 4.004 3.888 3.928 3.973 3.838 3.605 3.296 3.025 2.754 2.442 2.210 1.951 1.759 1.440 1.068 1.938 1.801 -9999 2.698 1.173 1.025 1.462 1.443 1.665 2.601 3.350 3.643 3.765 4.052 4.121 4.051 3.667 3.536 3.978 5.008 6.447 6.393 6.090 5.850 5.705 5.357 4.850 4.413 4.049 3.857 3.591 3.435 3.231 3.108 2.988 2.593 2.366 2.218 2.150 1.993 1.765 1.629 1.590 1.563 1.651 2.780 2.222 1.837 1.277 1.609 1.817 2.080 1.953 1.385
4.457 4.407 4.356 4.127 4.065 3.943 3.782 3.756 3.671 3.694 3.708 3.631 3.592 3.240 2.876 2.490 2.243 1.998 1.731 1.480 1.305 1.154 0.958 2.071 2.012 1.301 2.041 2.095 1.600 1.324 1.360 1.658 2.121 3.275 3.996 4.232 4.371 4.190 3.991 3.716 3.853 4.510 5.705 5.416 4.960 4.758 4.610 4.405 4.139 3.848 3.541 3.108 3.178 3.047 2.863 2.715 2.536 2.458 2.227 2.065 1.902 1.879 1.621 1.394 1.322 1.329 1.368 1.397 1.551 1.866 1.320 0.897 0.838 0.854 0.792 1.142 1.253
3.550 3.546 3.622 3.517 3.426 3.210 3.104 3.138 3.123 3.200 3.119 2.999 2.830 2.608 2.315 1.950 1.672 1.443 1.243 1.068 0.917 0.853 0.787 0.743 0.527 1.012 0.844 5.427 2.439 1.918 1.127 1.436 1.867 2.668 4.154 4.368 4.394 4.172 3.961 4.026 4.109 4.961 4.429 4.048 3.959 4.012 3.913 3.790 3.681 3.428 3.146 2.855 2.630 2.527 2.468 2.451 2.388 2.314 2.079 1.843 1.642 1.459 1.174 0.987 0.931 0.940 0.984 0.857 1.196 1.145 -9999 0.613 0.510 0.369 0.302 0.445 0.826
2.537 2.574 2.672 2.548 2.423 2.336 2.338 2.234 2.287 2.415 2.376 2.406 2.292 2.011 1.781 1.536 1.353 1.163 0.966 0.784 0.705 0.647 0.655 0.569 0.420 0.494 0.522 2.449 6.072 2.573 0.907 1.174 1.912 3.065 4.258 4.064 3.699 3.287 4.040 4.002 3.257 3.750 3.608 3.526 3.651 3.680 3.571 3.470 3.376 3.122 2.700 2.268 2.246 2.186 2.242 2.174 1.926 1.811 1.614 1.456 1.196 0.978 0.768 0.655 0.994 0.997 0.500 0.616 0.503 0.434 0.629 0.291 0.207 0.363 0.336 0.223 0.233
2.032 2.047 2.099 2.060 2.004 1.822 1.754 1.687 1.761 1.805 1.797 1.800 1.828 1.516 1.391 1.258 1.147 0.995 0.851 0.733 0.679 0.634 0.621 0.530 0.426 0.313 0.295 0.508 2.336 7.179 1.105 0.936 1.661 2.430 2.902 2.731 2.464 2.369 2.859 3.804 3.169 2.772 2.670 2.931 3.181 3.391 3.279 3.104 2.896 2.513 2.196 1.990 1.831 1.938 1.939 1.810 1.616 1.472 1.201 1.015 0.802 0.646 0.512 0.418 0.431 0.390 0.382 -9999 -9999 -9999 -9999 -9999 0.257 0.364 0.665 -9999 -9999
1.717 1.662 1.671 1.642 1.657 1.518 1.477 1.352 1.353 1.390 1.364 1.333 1.262 1.092 1.090 1.061 1.000 0.886 0.822 0.802 0.804 0.755 0.715 0.603 0.562 0.474 0.452 0.611 1.342 4.344 2.623 1.174 2.122 2.321 2.532 2.175 1.761 1.861 3.127 3.745 3.035 1.737 1.848 2.255 2.586 2.706 2.759 2.544 2.296 2.045 1.826 1.564 1.426 1.378 1.323 1.265 1.149 1.023 0.876 0.743 0.608 0.499 0.423 0.394 0.478 0.311 0.511 -9999 -9999 -9999 -9999 -9999 0.273 -9999 -9999 -9999 -9999
1.542 1.484 1.459 1.455 1.467 1.529 1.535 1.452 1.331 1.196 1.288 1.125 1.021 1.002 0.992 1.012 1.036 0.962 0.931 0.921 0.935 0.925 0.845 0.717 0.706 0.745 0.822 0.887 1.104 3.747 3.268 1.967 3.793 4.846 2.337 2.282 2.505 2.768 3.287 3.032 3.217 3.101 2.474 1.853 2.189 2.271 2.164 1.941 1.825 1.656 1.482 1.298 1.284 1.193 1.105 1.045 0.955 0.845 0.709 0.559 0.478 0.420 0.450 0.465 0.618 0.418 0.845 -9999 -9999 -9999 -9999 -9999 -9999 -9999 -9999 -9999 -9999
1.367 1.403 1.348 1.311 1.282 1.326 1.458 1.416 1.420 5.447 1.222 1.098 1.059 1.098 1.051 1.087 1.083 1.028 1.043 1.023 1.030 1.099 1.126 1.064 1.163 1.325 1.612 1.796 1.760 2.317 2.331 2.625 2.700 7.073 8.051 4.913 3.457 2.614 2.197 2.056 3.756 3.616 2.568 3.780 5.047 5.110 1.958 1.727 1.719 1.656 1.479 1.293 1.362 1.298 1.176 1.069 0.923 0.816 0.687 0.566 0.485 0.452 0.458 0.470 0.601 0.317 0.340 0.448 0.397 -9999 -9999 -9999 -9999 -9999 -9999 -9999 -9999
1.259 1.279 1.193 1.158 1.116 1.145 1.187 1.230 1.227 1.151 1.144 1.113 1.048 1.144 1.172 1.266 1.308 1.267 1.283 1.330 1.435 1.587 1.651 1.798 2.147 2.527 2.727 2.971 3.013 2.911 2.966 2.429 4.095 3.398 3.767 5.942 5.502 5.619 7.385 2.456 1.960 1.778 1.706 1.715 2.043 1.944 1.756 4.508 1.706 1.617 1.470 1.408 1.430 1.480 1.409 1.197 1.048 1.018 0.912 0.820 0.765 0.693 0.697 0.668 0.803 0.439 -9999 -9999 -9999 -9999 -9999 -9999 -9999 -9999 -9999 -9999 -9999
1.479 1.488 1.441 1.431 1.407 1.468 1.510 1.467 1.531 1.533 1.428 1.427 1.444 1.570 1.778 1.917 2.158 2.275 2.469 2.734 3.005 3.333 3.758 4.175 4.681 4.920 5.126 5.326 5.340 4.964 4.693 4.595 4.431 3.869 4.118 4.829 4.007 3.524 5.906 2.594 1.426 1.066 0.849 0.913 1.094 1.258 1.366 1.622 1.733 1.714 1.376 1.318 1.401 1.547 1.512 1.429 1.340 1.344 1.395 1.429 1.318 1.159 1.096 0.958 0.847 1.107 -9999 -9999 -9999 -9999 -9999 -9999 -9999 -9999 -9999 -9999 -9999
2.549 2.519 2.414 2.548 2.701 2.883 2.957 3.001 3.152 3.267 3.318 3.392 3.347 3.561 3.806 4.038 4.514 4.834 5.136 5.608 6.082 6.441 7.097 7.888 8.549 8.912 8.982 8.837 8.686 8.031 7.225 6.503 5.311 4.766 4.368 3.569 3.272 4.509 7.212 3.840 2.731 3.744 4.388 2.048 2.149 3.028 3.154 3.761 1.624 1.611 1.574 1.764 1.913 2.147 2.192 2.190 2.268 2.433 2.656 2.585 2.630 2.604 3.226 3.241 3.046 3.528 4.003 3.493 -9999 -9999 -9999 -9999 -9999 -9999 -9999 -9999 -9999
4.952 4.845 4.872 4.989 5.232 5.701 5.976 6.128 6.290 6.404 6.480 6.535 6.865 6.932 7.136 7.492 8.142 8.405 8.660 8.740 9.116 9.385 9.850 10.095 10.406 10.589 10.682 10.641 10.307 9.715 9.060 8.396 7.809 7.292 6.556 5.367 4.454 5.421 7.764 5.614 6.632 6.268 5.882 4.554 3.381 2.552 2.765 4.088 4.572 1.535 1.868 2.337 2.929 3.546 3.846 4.072 4.362 4.709 5.041 5.263 5.455 5.512 6.079 6.077 5.479 5.296 7.356 6.138 4.674 3.423 3.186 3.771 3.878 3.333 3.346 3.222 3.231
7.233 7.079 7.194 7.251 7.096 7.459 7.604 7.805 7.599 7.574 7.352 7.117 6.946 6.687 6.645 6.606 6.736 6.680 6.649 6.620 6.588 6.678 6.591 6.564 6.655 6.490 6.463 6.778 6.906 6.839 6.672 6.780 6.932 7.394 8.022 8.613 8.449 8.264 8.309 7.431 12.437 19.391 7.848 13.821 6.322 6.161 6.334 5.788 6.544 5.023 4.895 3.359 3.359 4.857 5.965 6.510 6.732 7.062 7.042 7.278 7.617 7.994 7.518 6.714 5.924 5.421 6.181 6.580 5.227 3.555 3.549 3.840 3.347 4.090 5.050 5.241 4.530
