data-raw/precipfiles/10_grid_data_10000BP.asc
ncols 144
nrows 72
xllcorner -180
yllcorner -90
cellsize 2.5
nodata_value -9999
[rows 34 to 67 of 72, columns 0 to 76 of 144]
6.227 5.865 5.617 5.297 4.966 4.953 4.941 4.837 4.604 4.477 3.992 3.840 3.555 3.330 3.202 3.164 3.048 2.918 2.886 2.960 3.018 3.162 2.947 2.861 2.733 2.617 2.533 2.605 2.747 2.816 2.800 3.196 3.567 3.939 4.203 4.474 4.409 3.784 3.381 4.263 13.426 7.310 6.767 8.152 8.798 9.314 8.095 5.685 5.591 5.803 7.742 9.923 3.806 5.389 6.196 7.188 7.247 7.577 7.376 7.175 6.959 7.049 6.642 6.216 5.143 4.238 3.891 3.716 3.953 4.147 3.119 3.614 2.804 3.443 5.466 6.283 4.715
5.059 4.772 4.139 3.331 2.916 2.859 2.740 2.453 2.310 2.281 2.149 1.973 1.684 1.588 1.525 1.490 1.489 1.397 1.350 1.335 1.319 1.264 1.231 1.197 1.166 1.146 1.121 1.164 1.285 1.346 1.342 1.396 1.470 1.510 1.392 1.289 1.231 1.136 1.058 1.595 6.602 7.342 8.527 9.242 8.400 9.283 8.377 7.534 8.794 6.960 6.725 8.823 8.826 3.789 3.819 4.691 5.047 5.480 5.215 4.733 4.239 3.985 3.394 3.209 2.630 2.183 1.847 1.759 1.614 1.704 1.877 2.099 2.399 2.660 2.829 6.227 4.598
4.271 4.182 3.244 2.622 2.370 2.360 2.359 2.183 2.026 1.878 1.825 1.723 1.553 1.434 1.442 1.378 1.302 1.216 1.187 1.202 1.170 1.113 1.038 0.986 0.936 0.885 0.797 0.805 0.844 0.892 0.915 0.859 0.846 0.833 0.798 0.758 0.707 0.644 0.696 1.957 5.452 7.013 8.475 13.874 7.785 6.930 14.575 8.080 8.586 11.108 6.204 8.132 9.420 7.295 5.313 2.952 3.172 3.355 3.187 2.764 2.285 1.941 1.627 1.281 0.974 0.828 0.735 0.724 0.826 0.944 1.128 1.284 1.512 1.794 2.333 4.221 4.741
5.071 4.510 3.946 3.428 3.186 2.957 2.784 2.458 2.188 1.972 1.903 1.860 1.775 1.700 1.731 1.629 1.522 1.380 1.256 1.237 1.260 1.211 1.227 1.141 1.086 1.039 0.957 0.968 0.976 0.967 0.954 0.919 0.879 0.811 0.832 0.839 0.810 0.655 0.509 1.249 4.335 6.498 7.305 29.130 9.005 6.599 8.087 6.747 5.919 6.967 6.237 6.428 7.502 7.138 5.734 3.686 2.899 2.788 2.678 2.426 2.027 1.747 1.245 0.955 0.694 0.584 0.530 0.475 0.474 0.491 0.533 0.604 0.760 0.966 1.337 2.650 3.678
6.657 6.175 5.655 5.265 4.797 4.284 3.826 3.422 2.916 2.490 2.261 2.022 1.870 1.745 1.628 1.459 1.306 1.162 1.052 0.952 0.913 0.925 0.985 0.949 0.972 0.892 0.836 0.782 0.803 0.746 0.733 0.712 0.674 0.682 0.715 0.652 0.612 0.509 0.363 0.455 2.263 4.896 8.285 75.157 195.571 9.052 7.238 6.721 6.183 8.153 17.278 -9999 -9999 -9999 4.775 3.523 3.103 2.552 3.956 1.784 1.320 1.059 0.772 0.557 0.415 0.333 0.293 0.235 0.202 0.187 0.221 0.224 0.275 0.377 0.557 0.863 2.050
6.906 6.639 6.515 6.429 5.870 5.456 4.903 4.430 3.963 3.550 3.154 2.735 2.509 2.149 1.812 1.510 1.286 1.165 1.017 0.861 0.746 0.670 0.643 0.583 0.560 0.498 0.446 0.411 0.430 0.428 0.437 0.426 0.387 0.434 0.435 0.357 0.393 0.400 0.268 0.125 1.282 6.536 6.701 12.931 26.867 66.585 7.665 8.317 6.984 8.112 -9999 -9999 39.086 22.027 3.552 2.331 2.606 3.554 5.048 1.410 0.951 0.667 0.534 0.438 0.346 0.262 0.217 0.184 0.170 0.177 0.203 0.203 0.176 0.171 0.206 0.292 0.574
6.596 6.424 6.388 6.423 6.090 5.826 5.524 5.107 4.654 4.205 3.847 3.313 2.907 2.509 2.120 1.824 1.544 1.364 1.141 0.939 0.791 0.635 0.540 0.461 0.385 0.332 0.246 0.220 0.226 0.226 0.229 0.221 0.188 0.182 0.185 0.191 0.218 0.251 0.200 0.091 0.493 2.685 6.108 7.624 10.090 16.278 98.164 13.332 20.854 23.359 -9999 -9999 30.430 5.383 3.343 2.294 2.790 4.217 1.673 1.117 0.785 0.598 0.503 0.438 0.343 0.282 0.237 0.202 0.185 0.183 0.196 0.210 0.232 0.189 0.180 0.178 0.355
5.625 5.614 5.719 5.748 5.511 5.490 5.407 5.177 4.928 4.622 4.241 3.876 3.273 2.783 2.398 2.172 2.023 1.788 1.580 1.407 1.224 1.021 0.791 0.683 0.615 0.485 0.373 0.294 0.231 0.246 0.249 0.204 0.170 0.142 0.143 0.149 0.158 0.177 0.223 0.123 0.106 0.723 2.594 6.093 6.415 7.258 7.302 6.754 6.632 5.988 6.034 5.892 5.382 4.581 2.777 2.570 4.271 1.858 1.624 1.115 0.790 0.607 0.471 0.414 0.310 0.259 0.210 0.185 0.169 0.161 0.155 0.165 0.193 0.245 0.331 0.256 0.489
4.086 4.208 4.497 4.674 4.896 5.052 5.008 4.845 4.804 4.811 4.642 4.373 3.910 3.533 3.091 2.804 2.618 2.392 2.106 1.851 1.514 1.301 0.957 0.739 0.617 0.491 0.371 0.300 0.250 0.232 0.224 0.216 0.193 0.176 0.178 0.182 0.187 0.199 0.227 0.173 0.110 0.077 0.564 1.185 2.350 5.920 6.538 4.464 4.389 4.695 5.339 4.663 4.413 3.892 3.155 2.823 3.733 1.880 1.668 1.263 0.831 0.647 0.492 0.387 0.311 0.276 0.249 0.222 0.200 0.188 0.185 0.194 0.208 0.215 0.263 0.170 0.267
3.497 3.552 3.804 4.127 4.429 4.478 4.609 4.623 4.606 4.740 4.789 4.753 4.358 4.093 3.690 3.538 3.336 2.960 2.661 2.373 2.014 1.602 1.230 1.003 0.861 0.718 0.527 0.425 0.350 0.313 0.282 0.260 0.247 0.231 0.218 0.214 0.233 0.242 0.247 0.208 0.135 0.104 0.109 0.087 0.722 1.535 2.770 3.241 3.458 4.052 4.906 4.776 4.383 3.610 3.593 3.479 3.468 2.286 2.047 1.482 1.089 0.783 0.559 0.424 0.351 0.324 0.300 0.268 0.235 0.219 0.210 0.218 0.235 0.232 0.214 0.142 0.317
3.494 3.575 3.626 3.781 4.054 4.231 4.164 4.367 4.512 4.641 4.695 4.887 5.035 4.930 4.778 4.627 4.313 3.804 3.415 3.055 2.697 2.241 1.767 1.472 1.233 1.114 0.892 0.700 0.571 0.496 0.442 0.399 0.360 0.318 0.284 0.261 0.252 0.254 0.241 0.224 0.166 0.117 0.085 0.045 0.280 1.202 2.762 2.275 3.201 4.383 4.786 4.303 4.647 4.477 4.019 4.183 2.929 2.980 2.898 2.292 1.782 1.388 1.004 0.743 0.538 0.458 0.398 0.349 0.295 0.258 0.239 0.237 0.241 0.239 0.207 0.141 0.109
3.511 3.696 3.786 3.848 4.084 4.311 4.305 4.380 4.404 4.527 4.565 4.845 5.155 5.325 5.211 5.106 4.906 4.572 4.154 3.773 3.410 3.038 2.637 2.273 1.991 1.789 1.529 1.294 1.085 0.921 0.769 0.664 0.591 0.517 0.407 0.346 0.319 0.294 0.264 0.235 0.214 0.148 0.111 0.043 0.291 1.868 2.463 2.411 3.420 4.978 4.856 4.695 4.711 5.499 5.631 4.242 3.620 4.212 3.716 3.217 2.709 2.286 1.783 1.460 1.096 0.833 0.666 0.544 0.450 0.370 0.312 0.273 0.250 0.234 0.214 0.171 0.119
3.440 3.637 3.843 4.007 4.200 4.419 4.384 4.449 4.424 4.427 4.511 4.784 5.011 5.269 5.389 5.520 5.321 5.112 4.858 4.564 4.165 3.754 3.421 3.073 2.889 2.669 2.344 1.958 1.716 1.575 1.348 1.153 1.021 0.857 0.665 0.531 0.439 0.383 0.314 0.279 0.243 0.199 0.148 0.090 0.396 2.046 2.222 2.768 3.781 4.913 5.633 5.460 5.488 3.989 3.798 4.167 4.428 4.834 4.506 4.155 3.707 3.182 2.642 2.243 1.893 1.493 1.299 0.997 0.744 0.605 0.465 0.379 0.331 0.278 0.252 0.217 0.178
3.157 3.266 3.477 3.868 4.190 4.273 4.281 4.264 4.223 4.218 4.314 4.528 4.779 5.004 5.136 5.440 5.397 5.266 5.165 5.194 4.719 4.234 3.947 3.692 3.535 3.386 3.156 2.801 2.431 2.214 1.948 1.731 1.545 1.349 1.067 0.838 0.667 0.562 0.454 0.385 0.333 0.268 0.198 0.224 0.523 1.110 1.947 2.703 3.582 4.963 5.519 5.193 5.221 4.090 4.213 4.460 4.554 4.841 4.776 4.585 4.399 4.249 3.636 3.169 2.832 2.416 1.933 1.605 1.225 0.965 0.747 0.580 0.496 0.409 0.354 0.318 0.306
2.867 2.827 2.995 3.327 3.544 3.762 3.973 4.015 3.983 3.968 3.871 4.124 4.246 4.592 4.755 4.965 4.994 5.024 5.090 5.182 4.946 4.579 4.373 4.221 4.072 3.779 3.566 3.379 3.131 2.858 2.562 2.317 2.064 1.814 1.539 1.295 1.055 0.898 0.754 0.629 0.506 0.421 0.307 0.701 0.543 1.371 2.093 2.779 3.407 4.043 4.455 4.626 4.566 4.708 4.742 4.667 4.733 4.982 4.918 4.715 4.538 4.353 3.997 3.535 3.340 3.005 2.670 2.515 1.960 1.751 1.342 1.086 0.915 0.764 0.707 0.595 0.574
2.835 2.801 2.865 2.962 3.223 3.486 3.641 3.753 3.881 3.800 3.839 3.931 4.010 4.168 4.263 4.507 4.612 4.764 4.835 4.787 4.813 4.683 4.477 4.330 4.181 3.972 3.850 3.640 3.441 3.165 2.834 2.747 2.573 2.348 2.086 1.850 1.591 1.403 1.211 0.992 0.797 0.624 0.602 1.741 1.118 1.663 2.173 2.560 3.362 3.768 4.123 3.971 4.378 4.875 4.980 4.953 4.804 5.013 4.899 4.884 4.761 4.597 4.404 4.012 3.818 3.413 3.071 2.721 2.628 2.301 2.146 1.803 1.579 1.356 1.165 1.015 0.894
2.602 2.609 2.622 2.720 2.910 3.152 3.312 3.404 3.377 3.409 3.529 3.591 3.572 3.726 3.892 3.936 4.174 4.288 4.347 4.313 4.336 4.314 4.160 4.113 4.019 3.924 3.917 3.860 3.636 3.380 3.107 2.967 2.782 2.681 2.497 2.256 1.976 1.783 1.600 1.419 1.197 0.945 3.452 2.812 1.362 1.483 2.058 2.494 2.749 2.914 3.650 3.768 4.076 4.522 4.793 4.953 4.732 4.855 4.743 4.704 4.691 4.569 4.551 4.355 4.146 3.903 3.512 3.210 3.151 2.909 2.880 2.613 2.392 2.045 1.879 1.676 1.568
2.653 2.631 2.532 2.556 2.830 3.099 3.203 3.278 3.346 3.228 3.271 3.259 3.203 3.300 3.377 3.559 3.782 3.908 3.939 3.927 4.082 3.977 3.832 3.836 3.912 3.879 3.849 3.733 3.631 3.443 3.365 3.351 3.121 3.032 2.876 2.674 2.402 2.184 2.016 1.873 1.698 1.309 4.168 3.189 1.213 1.049 1.334 2.148 2.397 3.140 3.348 3.455 3.899 4.265 4.524 4.674 4.509 4.580 4.531 4.516 4.479 4.477 4.538 4.584 4.502 4.181 3.875 3.773 3.521 3.431 3.380 3.320 3.122 2.803 2.605 2.395 2.312
2.452 2.494 2.557 2.411 2.511 2.696 2.801 2.895 2.815 2.808 2.744 2.766 2.913 3.014 3.017 2.991 2.996 3.257 3.408 3.537 3.666 3.731 3.778 3.760 3.590 3.625 3.484 3.650 3.554 3.507 3.358 3.417 3.300 3.245 2.994 2.983 2.736 2.562 2.421 2.385 2.182 2.450 5.105 3.685 1.073 0.849 1.021 1.675 2.213 2.456 3.010 3.374 3.511 3.397 3.490 3.772 3.722 3.788 4.012 4.134 4.138 4.307 4.045 3.987 3.894 3.968 3.866 3.720 3.582 3.472 3.462 3.409 3.327 3.201 2.963 2.894 2.728
2.387 2.197 2.405 2.394 2.365 2.344 2.432 2.473 2.444 2.444 2.438 2.504 2.527 2.688 2.617 2.545 2.603 2.749 2.802 2.920 2.980 3.014 3.148 3.155 3.037 3.108 3.049 3.088 3.000 3.137 3.007 3.086 2.998 2.994 2.955 2.848 2.772 2.713 2.531 2.580 2.538 2.886 6.202 4.473 0.882 0.842 1.425 2.131 2.181 2.534 2.884 3.059 3.050 3.026 3.060 3.184 3.090 3.288 3.436 3.679 3.698 3.825 3.682 3.617 3.547 3.567 3.612 3.516 3.424 3.396 3.238 3.309 3.347 3.306 3.037 3.163 3.023
2.269 2.356 2.302 2.317 2.299 2.313 2.255 2.322 2.292 2.326 2.283 2.288 2.345 2.378 2.411 2.451 2.466 2.567 2.612 2.595 2.671 2.713 2.717 2.760 2.738 2.754 2.735 2.784 2.742 2.800 2.793 2.841 2.848 2.896 2.737 2.812 2.651 2.781 2.732 2.788 2.877 3.282 4.420 1.598 0.949 0.864 2.170 2.237 2.182 2.362 2.581 2.859 2.970 2.982 2.983 3.096 3.150 3.140 3.251 3.229 3.159 3.163 3.111 3.200 3.240 3.210 3.131 3.093 3.119 3.025 3.057 3.088 3.172 3.190 3.122 3.190 3.138
2.124 2.281 2.305 2.309 2.336 2.294 2.233 2.270 2.276 2.344 2.225 2.271 2.309 2.251 2.318 2.371 2.381 2.410 2.368 2.405 2.437 2.460 2.401 2.477 2.505 2.533 2.528 2.526 2.525 2.564 2.631 2.626 2.619 2.715 2.646 2.607 2.573 2.678 2.742 2.849 3.085 2.882 2.540 1.249 0.977 0.983 2.342 2.315 2.233 2.270 2.434 2.684 2.865 2.910 2.869 2.922 2.940 2.886 2.889 2.919 2.884 2.939 2.956 2.940 2.843 2.879 2.950 2.871 2.818 2.787 2.808 2.842 2.833 2.914 2.904 2.917 2.841
2.175 2.181 2.210 2.239 2.190 2.239 2.238 2.249 2.247 2.324 2.333 2.351 2.322 2.339 2.344 2.336 2.378 2.413 2.399 2.399 2.397 2.394 2.325 2.361 2.383 2.443 2.416 2.457 2.441 2.480 2.491 2.550 2.548 2.601 2.625 2.644 2.621 2.644 2.687 2.841 3.082 4.072 4.280 1.358 0.994 2.543 2.685 2.546 2.203 2.515 2.471 2.571 2.699 2.624 2.639 2.643 2.686 2.684 2.703 2.767 2.819 2.836 2.796 2.791 2.807 2.824 2.770 2.732 2.662 2.693 2.660 2.714 2.715 2.732 2.766 2.790 2.761
2.317 2.357 2.293 2.315 2.302 2.331 2.325 2.400 2.391 2.414 2.448 2.503 2.485 2.527 2.532 2.559 2.531 2.560 2.542 2.572 2.554 2.573 2.462 2.469 2.432 2.456 2.460 2.546 2.528 2.586 2.563 2.574 2.588 2.657 2.645 2.676 2.676 2.671 2.731 2.821 3.046 3.387 5.587 2.489 1.408 2.283 3.041 2.979 2.782 2.735 2.671 2.710 2.722 2.732 2.734 2.706 2.745 2.953 2.851 2.859 2.814 2.839 2.834 2.886 2.891 2.883 2.866 2.821 2.734 2.683 2.677 2.682 2.632 2.621 2.668 2.744 2.727
2.614 2.647 2.550 2.542 2.503 2.546 2.595 2.677 2.646 2.649 2.658 2.684 2.674 2.703 2.744 2.797 2.825 2.810 2.827 2.820 2.797 2.829 2.753 2.720 2.679 2.722 2.682 2.726 2.756 2.796 2.777 2.809 2.807 2.825 2.824 2.841 2.822 2.846 2.808 2.926 3.011 3.203 3.349 2.700 2.517 3.025 3.561 3.320 3.050 2.958 2.878 2.885 2.861 2.895 2.907 2.917 2.926 2.951 2.982 2.988 2.905 2.880 2.920 2.938 2.917 2.928 2.897 2.838 2.835 2.847 2.805 2.751 2.711 2.702 2.748 2.741 2.778
2.741 2.838 2.767 2.719 2.642 2.669 2.677 2.726 2.673 2.656 2.639 2.661 2.651 2.670 2.713 2.802 2.823 2.846 2.850 2.852 2.821 2.809 2.753 2.714 2.678 2.711 2.686 2.693 2.706 2.770 2.764 2.777 2.752 2.761 2.747 2.751 2.713 2.742 2.737 2.775 2.826 2.937 2.948 2.961 2.901 3.029 3.046 3.019 2.907 2.881 2.806 2.805 2.744 2.761 2.707 2.719 2.671 2.643 2.617 2.606 2.533 2.566 2.623 2.611 2.561 2.556 2.512 2.531 2.510 2.544 2.513 2.469 2.406 2.439 2.460 2.473 2.474
2.391 2.500 2.498 2.455 2.385 2.374 2.324 2.283 2.221 2.224 2.208 2.238 2.225 2.229 2.212 2.278 2.344 2.375 2.413 2.399 2.380 2.350 2.324 2.314 2.302 2.316 2.316 2.286 2.285 2.319 2.301 2.300 2.273 2.270 2.249 2.266 2.251 2.301 2.327 2.327 2.362 2.422 2.443 2.450 2.416 2.454 2.425 2.417 2.366 2.407 2.386 2.327 2.180 2.158 2.088 2.016 1.947 1.947 1.921 1.921 1.930 1.987 1.978 1.970 1.928 1.926 1.904 1.941 1.927 1.938 1.966 1.949 1.884 1.885 1.915 1.929 1.931
1.835 1.883 1.894 1.867 1.823 1.810 1.781 1.721 1.686 1.683 1.666 1.703 1.695 1.685 1.680 1.692 1.727 1.767 1.836 1.866 1.868 1.867 1.850 1.862 1.883 1.887 1.867 1.846 1.859 1.879 1.845 1.838 1.827 1.809 1.808 1.827 1.842 1.884 1.916 1.939 1.961 1.990 2.035 2.065 2.060 2.111 2.183 2.329 2.425 2.483 2.055 1.793 1.609 1.541 1.434 1.400 1.356 1.346 1.338 1.367 1.383 1.411 1.394 1.395 1.354 1.350 1.326 1.316 1.301 1.317 1.375 1.393 1.362 1.362 1.344 1.372 1.393
1.309 1.298 1.332 1.341 1.338 1.313 1.309 1.328 1.313 1.289 1.275 1.268 1.300 1.310 1.342 1.362 1.395 1.414 1.449 1.455 1.481 1.483 1.510 1.529 1.575 1.605 1.620 1.611 1.642 1.676 1.677 1.679 1.699 1.686 1.711 1.716 1.727 1.768 1.783 1.768 1.750 1.792 1.824 1.845 1.817 2.066 2.377 2.440 2.236 1.943 1.637 1.480 1.316 1.255 1.180 1.153 1.112 1.115 1.108 1.130 1.106 1.122 1.111 1.113 1.081 1.047 1.032 1.005 0.983 0.974 1.009 1.027 1.046 1.051 1.069 1.090 1.107
1.179 1.183 1.211 1.243 1.236 1.231 1.243 1.255 1.261 1.240 1.222 1.199 1.205 1.217 1.253 1.281 1.305 1.318 1.342 1.363 1.417 1.416 1.426 1.437 1.456 1.492 1.518 1.524 1.551 1.571 1.596 1.587 1.620 1.627 1.644 1.670 1.677 1.706 1.690 1.691 1.719 1.781 1.891 1.994 2.018 2.225 2.280 2.147 1.963 1.736 1.558 1.424 1.267 1.195 1.103 1.078 1.044 1.041 1.001 0.991 0.966 0.971 0.941 0.938 0.912 0.904 0.879 0.869 0.851 0.833 0.801 0.807 0.820 0.875 0.910 0.912 0.896
0.984 0.957 0.986 0.995 1.033 1.034 1.055 1.066 1.086 1.087 1.077 1.070 1.082 1.074 1.106 1.130 1.158 1.168 1.167 1.172 1.124 1.123 1.144 1.156 1.248 1.281 1.369 1.384 1.421 1.387 1.383 1.401 1.433 1.400 1.351 1.372 1.362 1.390 1.432 1.453 1.516 1.683 1.881 2.011 1.730 1.776 1.799 1.855 1.731 1.511 1.456 1.362 1.216 1.151 1.034 0.977 0.915 0.904 0.836 0.816 0.773 0.772 0.735 0.720 0.678 0.726 0.770 0.816 0.807 0.739 0.636 0.568 0.457 0.506 0.511 0.522 0.489
0.858 0.836 0.829 0.841 0.887 0.904 0.935 0.946 0.972 0.991 1.013 1.032 1.035 1.058 1.118 1.136 1.201 1.233 1.216 1.267 1.285 1.303 1.288 1.251 1.335 1.347 1.475 1.472 1.482 1.477 1.579 1.666 1.701 1.663 1.597 1.556 1.384 1.348 1.347 1.373 1.432 1.464 1.468 1.478 1.407 1.460 1.521 1.551 1.445 1.317 1.310 1.243 1.129 1.090 0.985 0.933 0.854 0.821 0.748 0.729 0.675 0.694 0.659 0.670 0.627 0.711 0.677 0.669 0.579 0.672 0.605 0.599 0.472 0.592 0.584 0.693 0.592
0.664 0.667 0.689 0.719 0.789 0.833 0.889 0.897 0.933 0.996 1.097 1.220 1.367 1.526 1.594 1.742 1.645 1.740 1.625 1.532 1.348 1.331 1.263 1.240 1.369 1.424 1.556 1.529 1.489 1.456 1.412 1.405 1.378 1.406 1.367 1.349 1.255 1.225 1.231 1.232 1.244 1.246 1.220 1.211 1.132 1.080 1.054 1.007 1.094 1.074 1.067 1.022 0.948 0.901 0.835 0.809 0.728 0.725 0.669 0.685 0.635 0.665 0.610 0.618 0.487 0.486 0.365 0.386 0.322 0.357 0.272 0.264 0.212 0.213 0.181 0.201 0.176
0.493 0.522 0.579 0.619 0.703 0.750 0.841 0.875 0.924 1.036 1.149 1.208 1.258 1.332 1.360 1.376 1.332 1.285 1.203 1.194 1.111 1.102 0.990 0.975 0.975 0.972 1.008 0.996 0.987 0.978 0.960 0.943 0.895 0.905 0.862 0.859 0.854 0.819 0.831 0.771 0.787 0.757 0.747 0.724 0.731 0.697 0.711 0.680 0.713 0.715 0.721 0.750 0.716 0.674 0.653 0.635 0.611 0.661 0.655 0.664 0.587 0.578 0.488 0.474 0.322 0.309 0.222 0.215 0.167 0.159 0.126 0.128 0.112 0.113 0.102 0.103 0.095
