data-raw/precipfiles/11_grid_data_11000BP.asc
ncols 144
nrows 72
xllcorner -180
yllcorner -90
cellsize 2.5
nodata_value -9999
[rows 34 to 67 of 72, columns 0 to 76 of 144]
6.219 5.832 5.546 5.184 4.825 4.770 4.701 4.514 4.278 4.117 3.639 3.463 3.153 2.956 2.874 2.857 2.802 2.697 2.647 2.707 2.759 2.862 2.755 2.707 2.629 2.554 2.468 2.544 2.642 2.664 2.609 2.968 3.265 3.542 3.727 3.975 3.991 3.486 3.229 4.177 12.991 6.928 6.167 7.252 8.641 8.326 6.899 5.092 5.289 5.368 7.079 9.083 3.447 5.085 6.060 7.091 7.075 7.354 7.112 6.956 6.705 6.743 6.322 5.958 4.996 4.173 3.868 3.767 4.076 4.298 3.149 3.670 2.806 3.473 5.522 6.258 4.622
4.153 3.915 3.466 2.858 2.612 2.588 2.490 2.213 2.114 2.097 1.951 1.795 1.522 1.478 1.423 1.416 1.425 1.370 1.361 1.367 1.370 1.311 1.264 1.219 1.191 1.149 1.105 1.125 1.226 1.284 1.294 1.361 1.423 1.458 1.336 1.235 1.169 1.066 0.992 1.547 6.532 7.297 8.341 8.384 8.491 9.024 7.241 6.703 9.193 6.899 6.008 8.316 8.243 3.505 3.746 4.796 5.268 5.611 5.299 4.764 4.245 3.992 3.386 3.225 2.652 2.203 1.870 1.780 1.616 1.697 1.869 2.111 2.420 2.698 2.872 6.248 4.492
3.757 3.603 2.871 2.342 2.140 2.089 2.057 1.899 1.822 1.762 1.747 1.654 1.497 1.393 1.396 1.325 1.254 1.213 1.218 1.256 1.212 1.150 1.076 1.021 0.968 0.901 0.797 0.795 0.813 0.864 0.901 0.855 0.839 0.817 0.783 0.752 0.693 0.614 0.636 1.859 5.519 7.038 7.955 12.224 7.423 6.697 13.086 7.163 9.324 13.214 5.871 7.699 9.683 7.406 5.236 2.900 3.243 3.482 3.329 2.904 2.386 2.027 1.678 1.327 1.013 0.862 0.760 0.742 0.838 0.956 1.137 1.289 1.512 1.796 2.334 4.195 4.645
4.934 4.391 3.858 3.344 3.103 2.840 2.650 2.332 2.108 1.913 1.854 1.819 1.757 1.686 1.685 1.578 1.476 1.357 1.247 1.222 1.245 1.198 1.217 1.131 1.076 1.031 0.963 0.976 0.976 0.960 0.944 0.918 0.885 0.805 0.825 0.849 0.826 0.654 0.485 1.196 4.438 6.947 7.517 26.553 8.415 6.528 7.885 6.286 5.625 7.468 6.934 6.338 8.170 8.637 6.090 3.882 3.035 2.919 2.830 2.532 2.114 1.818 1.286 0.970 0.712 0.605 0.564 0.499 0.493 0.510 0.543 0.608 0.756 0.953 1.313 2.624 3.631
6.563 6.116 5.615 5.234 4.757 4.220 3.751 3.346 2.876 2.466 2.242 2.013 1.874 1.763 1.629 1.450 1.294 1.161 1.053 0.948 0.905 0.916 0.980 0.943 0.963 0.887 0.838 0.787 0.807 0.741 0.724 0.706 0.669 0.672 0.698 0.646 0.614 0.511 0.352 0.446 2.285 5.280 10.506 77.131 131.236 9.198 7.948 6.887 6.113 9.025 31.141 -9999 -9999 -9999 5.642 4.129 3.594 2.809 4.231 1.881 1.381 1.112 0.814 0.586 0.441 0.360 0.319 0.261 0.223 0.201 0.233 0.238 0.283 0.376 0.546 0.845 2.035
6.831 6.579 6.472 6.401 5.850 5.450 4.916 4.467 3.998 3.583 3.182 2.772 2.558 2.202 1.858 1.548 1.324 1.205 1.050 0.882 0.755 0.677 0.648 0.584 0.557 0.491 0.439 0.404 0.418 0.409 0.415 0.405 0.362 0.393 0.377 0.311 0.357 0.379 0.261 0.126 1.260 6.713 7.500 15.667 30.565 43.974 8.544 9.242 7.308 8.943 -9999 -9999 121.773 50.202 4.376 2.758 3.101 4.004 5.403 1.483 0.999 0.708 0.575 0.477 0.380 0.290 0.242 0.207 0.190 0.197 0.223 0.223 0.195 0.184 0.212 0.291 0.573
6.537 6.363 6.321 6.383 6.054 5.814 5.545 5.168 4.704 4.254 3.884 3.362 2.967 2.578 2.188 1.894 1.614 1.433 1.196 0.974 0.825 0.661 0.566 0.479 0.394 0.335 0.244 0.220 0.224 0.223 0.224 0.217 0.182 0.171 0.164 0.169 0.189 0.233 0.188 0.090 0.475 2.680 6.456 8.562 11.710 17.584 97.930 15.515 23.350 27.610 -9999 -9999 61.824 6.803 4.168 2.714 3.092 4.686 1.813 1.208 0.845 0.656 0.551 0.486 0.386 0.319 0.273 0.231 0.209 0.206 0.217 0.231 0.262 0.213 0.200 0.187 0.357
5.627 5.634 5.715 5.731 5.491 5.466 5.405 5.214 4.973 4.666 4.288 3.950 3.357 2.860 2.472 2.250 2.124 1.885 1.667 1.463 1.290 1.094 0.869 0.763 0.686 0.517 0.388 0.303 0.232 0.249 0.257 0.220 0.178 0.143 0.143 0.148 0.156 0.169 0.196 0.119 0.110 0.703 2.636 6.503 6.913 8.060 8.427 7.618 7.100 6.354 6.630 6.795 6.238 5.367 3.317 3.003 4.635 2.005 1.782 1.247 0.892 0.700 0.541 0.484 0.344 0.285 0.228 0.200 0.179 0.170 0.164 0.178 0.213 0.288 0.383 0.282 0.500
4.130 4.290 4.597 4.768 4.974 5.082 4.995 4.822 4.812 4.850 4.722 4.486 4.040 3.646 3.182 2.871 2.663 2.437 2.154 1.903 1.568 1.365 1.010 0.788 0.668 0.521 0.390 0.313 0.258 0.240 0.232 0.227 0.203 0.183 0.184 0.187 0.189 0.196 0.224 0.170 0.113 0.082 0.580 1.231 2.425 6.046 6.762 4.615 4.655 5.150 5.794 5.046 4.876 4.289 3.540 3.151 3.999 2.009 1.791 1.381 0.913 0.704 0.530 0.406 0.319 0.285 0.255 0.225 0.201 0.188 0.185 0.192 0.208 0.219 0.293 0.184 0.269
3.569 3.661 3.945 4.296 4.607 4.624 4.682 4.640 4.608 4.748 4.830 4.820 4.469 4.213 3.814 3.626 3.373 2.964 2.671 2.396 2.041 1.631 1.258 1.019 0.889 0.749 0.541 0.434 0.353 0.321 0.290 0.268 0.254 0.237 0.225 0.222 0.239 0.242 0.245 0.207 0.134 0.113 0.123 0.093 0.757 1.542 2.735 3.217 3.408 4.226 5.306 4.865 4.376 3.958 3.881 3.701 3.664 2.408 2.177 1.569 1.158 0.823 0.585 0.429 0.353 0.323 0.298 0.265 0.230 0.213 0.206 0.213 0.227 0.225 0.218 0.147 0.348
3.606 3.715 3.785 3.950 4.252 4.429 4.336 4.484 4.575 4.649 4.699 4.886 5.073 5.033 4.934 4.799 4.409 3.831 3.411 3.046 2.692 2.238 1.756 1.456 1.222 1.127 0.900 0.695 0.560 0.490 0.442 0.402 0.364 0.321 0.285 0.266 0.258 0.257 0.239 0.221 0.165 0.119 0.093 0.049 0.303 1.230 2.702 2.212 3.156 4.336 4.946 4.339 4.373 4.563 4.332 4.320 3.014 3.078 3.026 2.381 1.850 1.445 1.050 0.780 0.561 0.473 0.406 0.349 0.291 0.254 0.235 0.233 0.237 0.233 0.209 0.149 0.121
3.688 3.909 3.975 4.014 4.256 4.472 4.471 4.548 4.552 4.615 4.595 4.795 5.091 5.317 5.275 5.229 5.041 4.633 4.160 3.745 3.365 2.997 2.597 2.221 1.940 1.749 1.503 1.266 1.054 0.892 0.741 0.642 0.582 0.511 0.401 0.348 0.330 0.304 0.266 0.233 0.209 0.149 0.119 0.047 0.332 1.945 2.413 2.274 3.261 4.981 5.031 4.765 4.614 5.582 5.885 4.307 3.640 4.244 3.767 3.274 2.764 2.357 1.856 1.532 1.166 0.882 0.693 0.554 0.451 0.369 0.313 0.272 0.248 0.230 0.211 0.177 0.127
3.570 3.787 3.998 4.157 4.358 4.571 4.539 4.626 4.586 4.559 4.569 4.761 4.921 5.171 5.296 5.439 5.310 5.145 4.888 4.582 4.152 3.701 3.363 3.015 2.819 2.595 2.265 1.894 1.652 1.525 1.302 1.110 0.987 0.833 0.648 0.539 0.462 0.408 0.326 0.282 0.240 0.199 0.151 0.095 0.435 2.086 2.106 2.689 3.659 4.906 5.639 5.518 5.419 3.987 3.872 4.161 4.367 4.761 4.437 4.126 3.710 3.223 2.713 2.323 1.973 1.546 1.332 1.003 0.741 0.599 0.462 0.376 0.327 0.273 0.246 0.215 0.185
3.208 3.298 3.543 3.960 4.298 4.396 4.415 4.422 4.388 4.370 4.424 4.573 4.758 4.956 5.042 5.288 5.242 5.179 5.138 5.214 4.727 4.234 3.899 3.646 3.484 3.332 3.080 2.717 2.348 2.148 1.892 1.668 1.483 1.300 1.030 0.833 0.690 0.596 0.478 0.399 0.336 0.270 0.201 0.225 0.561 1.139 1.793 2.608 3.606 5.005 5.507 5.140 5.172 4.093 4.240 4.413 4.436 4.684 4.610 4.456 4.323 4.233 3.675 3.251 2.925 2.488 1.971 1.617 1.224 0.951 0.737 0.573 0.486 0.399 0.344 0.313 0.304
2.854 2.778 2.984 3.344 3.591 3.832 4.062 4.116 4.102 4.109 4.008 4.250 4.325 4.609 4.713 4.848 4.822 4.879 4.981 5.118 4.882 4.530 4.339 4.204 4.059 3.759 3.526 3.317 3.061 2.802 2.515 2.263 1.988 1.740 1.491 1.280 1.065 0.925 0.776 0.647 0.518 0.427 0.307 0.705 0.567 1.384 2.024 2.723 3.409 4.036 4.486 4.641 4.576 4.739 4.752 4.579 4.588 4.791 4.715 4.537 4.399 4.270 3.968 3.564 3.429 3.099 2.749 2.571 1.999 1.768 1.329 1.073 0.898 0.739 0.681 0.575 0.565
2.826 2.761 2.800 2.911 3.195 3.486 3.654 3.775 3.932 3.883 3.943 4.030 4.088 4.185 4.217 4.422 4.496 4.636 4.715 4.691 4.744 4.637 4.460 4.309 4.163 3.948 3.827 3.616 3.422 3.161 2.838 2.744 2.531 2.277 2.017 1.802 1.566 1.387 1.197 0.980 0.789 0.617 0.589 1.715 1.090 1.630 2.085 2.447 3.278 3.704 4.041 3.959 4.372 4.848 4.964 4.890 4.758 4.939 4.811 4.771 4.648 4.512 4.354 4.007 3.869 3.519 3.177 2.808 2.682 2.335 2.152 1.796 1.561 1.328 1.137 0.988 0.873
2.593 2.579 2.551 2.627 2.827 3.079 3.254 3.348 3.328 3.383 3.535 3.607 3.598 3.723 3.856 3.871 4.102 4.198 4.258 4.224 4.268 4.268 4.150 4.103 4.000 3.887 3.887 3.841 3.653 3.407 3.132 2.988 2.772 2.633 2.423 2.187 1.920 1.731 1.545 1.371 1.161 0.919 3.342 2.700 1.271 1.386 1.952 2.340 2.615 2.840 3.613 3.746 4.073 4.496 4.759 4.915 4.726 4.877 4.764 4.698 4.662 4.530 4.524 4.348 4.170 3.979 3.617 3.305 3.221 2.946 2.896 2.615 2.388 2.029 1.860 1.653 1.541
2.644 2.600 2.457 2.453 2.714 2.979 3.090 3.168 3.234 3.126 3.185 3.189 3.155 3.267 3.347 3.529 3.736 3.840 3.861 3.860 4.021 3.930 3.800 3.812 3.880 3.840 3.814 3.709 3.621 3.449 3.370 3.341 3.100 2.988 2.802 2.589 2.325 2.120 1.944 1.804 1.643 1.276 4.034 3.032 1.147 1.001 1.276 2.009 2.260 3.071 3.340 3.458 3.900 4.247 4.500 4.666 4.515 4.605 4.575 4.553 4.501 4.481 4.544 4.591 4.513 4.216 3.933 3.847 3.585 3.473 3.398 3.320 3.115 2.796 2.600 2.389 2.296
2.446 2.483 2.526 2.356 2.445 2.633 2.721 2.811 2.723 2.716 2.659 2.690 2.848 2.963 2.972 2.952 2.957 3.196 3.335 3.462 3.595 3.669 3.722 3.724 3.556 3.587 3.440 3.604 3.508 3.472 3.342 3.405 3.283 3.224 2.957 2.931 2.678 2.513 2.370 2.332 2.140 2.425 5.041 3.599 1.043 0.825 0.992 1.598 2.074 2.337 2.895 3.306 3.456 3.349 3.449 3.750 3.720 3.788 4.009 4.125 4.132 4.295 4.030 3.973 3.868 3.943 3.858 3.733 3.587 3.471 3.448 3.404 3.325 3.206 2.947 2.874 2.701
2.378 2.191 2.394 2.375 2.340 2.318 2.395 2.425 2.384 2.383 2.366 2.432 2.461 2.630 2.569 2.500 2.550 2.685 2.737 2.850 2.916 2.959 3.086 3.105 2.995 3.064 3.005 3.048 2.958 3.104 2.985 3.075 2.991 2.985 2.945 2.829 2.748 2.688 2.504 2.556 2.517 2.884 6.214 4.442 0.874 0.826 1.377 2.031 2.078 2.408 2.756 2.931 2.944 2.936 2.988 3.148 3.073 3.279 3.412 3.651 3.665 3.801 3.660 3.594 3.516 3.531 3.578 3.494 3.410 3.379 3.224 3.308 3.357 3.321 3.041 3.151 2.999
2.236 2.343 2.294 2.308 2.286 2.288 2.222 2.283 2.246 2.275 2.229 2.225 2.277 2.311 2.343 2.380 2.389 2.493 2.540 2.533 2.619 2.665 2.667 2.702 2.680 2.702 2.689 2.745 2.710 2.782 2.783 2.831 2.836 2.886 2.729 2.806 2.645 2.772 2.723 2.783 2.880 3.307 4.475 1.614 0.950 0.851 2.085 2.112 2.066 2.286 2.533 2.806 2.896 2.904 2.921 3.060 3.127 3.125 3.232 3.213 3.146 3.155 3.103 3.189 3.227 3.195 3.118 3.088 3.130 3.048 3.088 3.119 3.199 3.215 3.144 3.205 3.147
2.097 2.262 2.289 2.292 2.318 2.278 2.209 2.238 2.244 2.308 2.190 2.229 2.255 2.193 2.256 2.308 2.322 2.355 2.316 2.358 2.390 2.412 2.351 2.423 2.450 2.485 2.488 2.493 2.497 2.533 2.606 2.598 2.595 2.696 2.634 2.600 2.570 2.675 2.735 2.838 3.081 2.881 2.574 1.282 0.997 0.988 2.302 2.251 2.166 2.227 2.407 2.664 2.831 2.877 2.845 2.932 2.971 2.919 2.919 2.934 2.893 2.947 2.962 2.942 2.844 2.883 2.961 2.892 2.851 2.829 2.856 2.883 2.868 2.943 2.927 2.935 2.853
2.168 2.175 2.204 2.228 2.177 2.225 2.221 2.223 2.222 2.304 2.315 2.331 2.292 2.294 2.293 2.283 2.331 2.369 2.359 2.359 2.356 2.352 2.277 2.309 2.330 2.394 2.375 2.426 2.418 2.455 2.460 2.511 2.511 2.574 2.608 2.640 2.621 2.642 2.673 2.819 3.062 4.050 4.287 1.390 1.017 2.587 2.680 2.524 2.182 2.496 2.468 2.575 2.700 2.617 2.629 2.656 2.708 2.711 2.727 2.780 2.827 2.837 2.795 2.789 2.807 2.828 2.780 2.753 2.694 2.735 2.705 2.752 2.747 2.756 2.789 2.809 2.772
2.339 2.383 2.317 2.331 2.306 2.326 2.316 2.385 2.375 2.400 2.441 2.500 2.476 2.506 2.500 2.521 2.490 2.519 2.503 2.533 2.508 2.525 2.416 2.417 2.378 2.400 2.408 2.506 2.506 2.566 2.536 2.535 2.547 2.620 2.623 2.676 2.686 2.674 2.712 2.787 3.002 3.351 5.568 2.513 1.426 2.303 3.039 2.969 2.775 2.737 2.689 2.738 2.751 2.750 2.736 2.690 2.704 2.899 2.795 2.806 2.766 2.792 2.791 2.847 2.862 2.859 2.849 2.808 2.732 2.688 2.686 2.690 2.638 2.627 2.682 2.761 2.743
2.638 2.679 2.577 2.566 2.518 2.559 2.608 2.692 2.666 2.666 2.675 2.690 2.669 2.677 2.709 2.758 2.787 2.788 2.803 2.795 2.763 2.788 2.710 2.664 2.613 2.647 2.609 2.663 2.711 2.763 2.746 2.772 2.761 2.777 2.784 2.812 2.804 2.821 2.764 2.863 2.937 3.139 3.303 2.685 2.511 3.011 3.521 3.271 3.019 2.946 2.883 2.898 2.872 2.896 2.889 2.869 2.850 2.856 2.890 2.920 2.850 2.840 2.878 2.894 2.878 2.892 2.866 2.813 2.814 2.834 2.800 2.748 2.709 2.697 2.734 2.728 2.760
2.744 2.850 2.789 2.745 2.665 2.696 2.711 2.772 2.732 2.717 2.692 2.698 2.667 2.659 2.685 2.762 2.788 2.818 2.827 2.821 2.779 2.768 2.712 2.664 2.618 2.637 2.608 2.619 2.649 2.726 2.724 2.739 2.704 2.706 2.694 2.702 2.666 2.689 2.672 2.696 2.734 2.854 2.882 2.917 2.866 2.995 3.001 2.976 2.866 2.866 2.795 2.801 2.737 2.748 2.682 2.664 2.593 2.546 2.522 2.524 2.472 2.528 2.590 2.578 2.525 2.519 2.477 2.500 2.480 2.513 2.488 2.449 2.391 2.426 2.442 2.451 2.444
2.354 2.467 2.487 2.461 2.402 2.396 2.357 2.334 2.290 2.301 2.282 2.297 2.267 2.251 2.213 2.264 2.321 2.341 2.365 2.336 2.307 2.281 2.270 2.264 2.253 2.267 2.265 2.237 2.239 2.279 2.263 2.261 2.227 2.218 2.195 2.210 2.194 2.240 2.265 2.263 2.296 2.359 2.390 2.409 2.381 2.425 2.409 2.414 2.372 2.413 2.375 2.309 2.162 2.143 2.071 1.994 1.913 1.898 1.859 1.856 1.872 1.943 1.947 1.944 1.903 1.900 1.876 1.911 1.898 1.906 1.927 1.914 1.855 1.859 1.891 1.908 1.915
1.801 1.848 1.859 1.843 1.809 1.797 1.776 1.728 1.712 1.721 1.702 1.731 1.713 1.689 1.677 1.678 1.703 1.733 1.783 1.791 1.783 1.783 1.781 1.805 1.834 1.844 1.830 1.809 1.818 1.829 1.798 1.792 1.784 1.764 1.761 1.782 1.796 1.839 1.867 1.893 1.919 1.961 2.010 2.047 2.044 2.092 2.167 2.305 2.408 2.462 2.041 1.777 1.601 1.541 1.436 1.407 1.353 1.333 1.314 1.337 1.352 1.386 1.373 1.378 1.339 1.337 1.313 1.303 1.284 1.299 1.350 1.365 1.334 1.335 1.319 1.346 1.367
1.281 1.271 1.303 1.311 1.312 1.288 1.289 1.316 1.313 1.300 1.287 1.276 1.303 1.308 1.333 1.344 1.368 1.377 1.406 1.394 1.413 1.409 1.441 1.468 1.517 1.554 1.578 1.573 1.599 1.626 1.624 1.627 1.651 1.645 1.672 1.681 1.694 1.737 1.757 1.741 1.728 1.775 1.811 1.834 1.802 2.046 2.349 2.406 2.202 1.915 1.615 1.463 1.307 1.247 1.174 1.153 1.109 1.108 1.094 1.110 1.085 1.102 1.091 1.096 1.066 1.032 1.018 0.991 0.965 0.956 0.985 0.997 1.009 1.013 1.027 1.049 1.064
1.152 1.159 1.184 1.216 1.209 1.206 1.222 1.245 1.259 1.247 1.234 1.209 1.215 1.227 1.254 1.271 1.283 1.290 1.309 1.331 1.382 1.376 1.378 1.384 1.398 1.431 1.461 1.473 1.504 1.524 1.549 1.539 1.572 1.586 1.609 1.637 1.646 1.677 1.671 1.676 1.707 1.766 1.873 1.970 1.988 2.187 2.236 2.105 1.926 1.705 1.530 1.398 1.241 1.164 1.070 1.042 1.010 1.009 0.971 0.961 0.938 0.945 0.916 0.914 0.891 0.883 0.856 0.846 0.829 0.812 0.781 0.781 0.782 0.823 0.849 0.847 0.833
0.966 0.945 0.977 0.987 1.027 1.031 1.053 1.069 1.097 1.104 1.096 1.088 1.095 1.083 1.108 1.127 1.152 1.165 1.160 1.161 1.103 1.096 1.109 1.112 1.194 1.222 1.303 1.317 1.355 1.328 1.329 1.351 1.379 1.346 1.300 1.318 1.307 1.332 1.369 1.394 1.454 1.619 1.815 1.946 1.685 1.729 1.751 1.809 1.688 1.475 1.418 1.325 1.177 1.109 0.991 0.934 0.875 0.865 0.802 0.781 0.742 0.744 0.712 0.696 0.656 0.700 0.744 0.788 0.779 0.713 0.612 0.544 0.432 0.470 0.470 0.480 0.452
0.831 0.814 0.813 0.831 0.879 0.899 0.939 0.953 0.989 1.014 1.037 1.055 1.052 1.068 1.123 1.134 1.196 1.228 1.210 1.255 1.261 1.268 1.243 1.199 1.272 1.276 1.389 1.381 1.388 1.384 1.487 1.578 1.610 1.576 1.513 1.474 1.310 1.271 1.269 1.293 1.349 1.383 1.387 1.404 1.341 1.395 1.458 1.486 1.386 1.266 1.257 1.194 1.082 1.040 0.938 0.888 0.810 0.781 0.713 0.696 0.646 0.665 0.632 0.643 0.602 0.684 0.650 0.642 0.555 0.643 0.576 0.569 0.444 0.550 0.540 0.639 0.553
0.627 0.634 0.660 0.693 0.765 0.815 0.878 0.898 0.945 1.016 1.117 1.241 1.384 1.538 1.602 1.740 1.637 1.726 1.606 1.504 1.313 1.285 1.208 1.178 1.290 1.331 1.444 1.411 1.369 1.336 1.297 1.293 1.269 1.296 1.266 1.255 1.171 1.147 1.155 1.160 1.177 1.180 1.156 1.144 1.064 1.013 0.989 0.942 1.022 1.004 0.999 0.959 0.893 0.852 0.791 0.767 0.690 0.689 0.636 0.655 0.607 0.636 0.581 0.587 0.462 0.465 0.351 0.370 0.307 0.340 0.259 0.251 0.200 0.200 0.170 0.190 0.168
0.464 0.495 0.555 0.600 0.688 0.740 0.837 0.882 0.938 1.056 1.168 1.221 1.267 1.335 1.355 1.364 1.313 1.260 1.173 1.157 1.071 1.055 0.941 0.922 0.914 0.904 0.931 0.913 0.901 0.892 0.876 0.861 0.818 0.826 0.789 0.787 0.784 0.755 0.767 0.713 0.730 0.701 0.691 0.667 0.675 0.643 0.659 0.633 0.664 0.667 0.674 0.703 0.673 0.633 0.614 0.597 0.574 0.621 0.616 0.626 0.554 0.545 0.460 0.446 0.303 0.291 0.211 0.204 0.158 0.151 0.118 0.121 0.105 0.106 0.096 0.097 0.090
