data-raw/precipfiles/11_grid_data_11000BP.asc
ncols 144
nrows 72
xllcorner -180
yllcorner -90
cellsize 2.5
nodata_value -9999
[rows 0 to 33 of 72, columns 0 to 76 of 144]
0.409 0.416 0.430 0.418 0.394 0.411 0.410 0.416 0.437 0.448 0.419 0.428 0.434 0.443 0.426 0.419 0.436 0.438 0.437 0.430 0.414 0.433 0.428 0.449 0.435 0.433 0.440 0.426 0.434 0.436 0.438 0.428 0.420 0.426 0.442 0.446 0.424 0.438 0.441 0.450 0.467 0.498 0.478 0.478 0.493 0.482 0.497 0.485 0.460 0.475 0.473 0.475 0.495 0.495 0.494 0.485 0.473 0.496 0.483 0.469 0.473 0.478 0.473 0.486 0.477 0.459 0.484 0.470 0.478 0.474 0.486 0.487 0.500 0.503 0.478 0.488 0.478
0.435 0.424 0.431 0.422 0.414 0.405 0.413 0.413 0.411 0.412 0.407 0.402 0.403 0.409 0.408 0.408 0.407 0.411 0.412 0.410 0.411 0.416 0.415 0.427 0.417 0.419 0.406 0.419 0.407 0.413 0.417 0.412 0.404 0.402 0.386 0.394 0.384 0.386 0.396 0.417 0.389 0.393 0.386 0.382 0.390 0.388 0.384 0.379 0.391 0.374 0.370 0.366 0.358 0.359 0.351 0.359 0.344 0.371 0.365 0.350 0.353 0.352 0.357 0.355 0.357 0.367 0.370 0.375 0.378 0.387 0.391 0.385 0.379 0.390 0.395 0.395 0.396
0.418 0.422 0.422 0.407 0.407 0.407 0.401 0.390 0.380 0.382 0.385 0.377 0.385 0.382 0.376 0.379 0.381 0.382 0.383 0.382 0.391 0.384 0.382 0.389 0.383 0.387 0.388 0.391 0.399 0.399 0.390 0.381 0.370 0.367 0.359 0.367 0.373 0.379 0.405 0.413 0.412 0.407 0.415 0.409 0.410 0.415 0.402 0.387 0.339 0.322 0.301 0.307 0.290 0.285 0.298 0.283 0.295 0.311 0.345 0.362 0.365 0.353 0.347 0.319 0.329 0.329 0.360 0.365 0.375 0.379 0.377 0.383 0.391 0.395 0.397 0.408 0.417
0.474 0.471 0.469 0.460 0.455 0.458 0.448 0.438 0.432 0.422 0.430 0.418 0.406 0.405 0.398 0.388 0.393 0.397 0.386 0.391 0.388 0.391 0.385 0.395 0.384 0.406 0.399 0.402 0.409 0.426 0.410 0.424 0.406 0.430 0.464 0.403 0.390 0.384 0.385 0.388 0.361 0.377 0.507 0.458 0.333 0.325 0.338 0.368 0.314 0.287 0.257 0.262 0.250 0.223 0.212 0.192 0.208 0.226 0.268 0.284 0.290 0.307 0.338 0.309 0.434 0.663 0.510 0.436 0.431 0.420 0.418 0.440 0.490 0.525 0.572 0.595 0.593
0.528 0.523 0.528 0.519 0.507 0.508 0.488 0.480 0.463 0.460 0.449 0.441 0.426 0.427 0.412 0.400 0.396 0.393 0.387 0.387 0.378 0.376 0.374 0.371 0.377 0.371 0.391 0.415 0.391 0.403 0.398 0.410 0.401 0.440 0.343 0.362 0.352 0.335 0.370 0.393 0.388 0.386 0.390 0.376 0.363 0.347 0.298 0.277 0.236 0.257 0.209 0.257 0.211 0.198 0.160 0.142 0.144 0.136 0.152 0.150 0.174 0.199 0.260 0.341 0.445 0.370 0.458 0.465 0.489 0.496 0.538 0.603 0.666 0.741 0.802 0.839 1.075
0.567 0.567 0.568 0.566 0.561 0.561 0.551 0.544 0.540 0.524 0.509 0.497 0.477 0.469 0.451 0.431 0.408 0.401 0.383 0.382 0.376 0.376 0.384 0.421 0.364 0.454 0.500 0.484 0.442 0.307 0.364 0.370 0.267 0.295 0.326 0.348 0.359 0.391 0.413 0.405 0.418 0.555 0.555 0.515 0.378 0.339 0.315 0.289 0.269 0.252 0.303 0.286 0.269 0.237 0.189 0.170 0.141 0.125 0.112 0.116 0.153 0.176 0.256 0.345 0.530 0.481 0.608 0.628 0.702 0.747 0.836 0.864 0.869 0.893 0.910 0.941 0.963
0.662 0.692 0.703 0.712 0.703 0.689 0.648 0.619 0.620 0.606 0.582 0.567 0.551 0.549 0.522 0.500 0.477 0.462 0.438 0.418 0.408 0.391 0.492 0.327 0.325 0.336 0.341 0.348 0.312 0.334 0.448 0.427 0.312 0.348 0.352 0.385 0.396 0.398 0.413 0.399 0.420 0.523 0.535 0.516 0.511 0.523 0.530 0.574 0.593 0.393 0.312 0.424 0.367 0.346 0.261 0.243 0.176 0.169 0.164 0.185 0.346 0.257 0.403 0.476 0.715 0.786 0.974 1.027 1.133 1.151 1.159 1.161 1.135 1.140 1.144 1.167 1.156
0.939 0.688 0.942 0.987 1.026 0.985 0.848 0.784 0.540 0.506 0.486 0.453 0.409 0.596 0.612 0.680 0.672 0.655 0.578 0.426 0.401 0.324 0.359 0.402 0.417 0.464 0.429 0.416 0.393 0.388 0.373 0.453 0.491 0.391 0.394 0.369 0.420 0.452 0.442 0.430 0.410 0.430 0.439 0.451 0.542 0.570 0.654 0.717 0.772 0.735 0.529 0.448 0.488 0.504 0.431 0.389 0.294 0.287 0.325 0.365 0.554 0.608 0.849 0.778 1.205 1.266 1.447 1.534 1.605 1.606 1.554 1.552 1.482 1.480 1.451 1.478 1.444
2.065 1.441 1.394 1.515 1.619 1.424 1.257 1.114 1.064 0.943 0.819 0.768 0.705 0.662 0.670 0.723 0.740 0.686 0.546 0.507 0.434 0.464 0.460 0.462 0.554 0.615 0.507 0.484 0.440 0.422 0.451 0.375 0.367 0.386 0.397 0.441 0.497 0.440 0.471 0.469 0.468 0.496 0.516 0.494 0.566 0.624 0.800 1.158 1.257 1.206 0.827 0.659 0.576 0.667 0.628 0.893 1.142 1.333 1.636 1.816 1.660 1.558 1.762 2.265 2.200 2.190 2.244 2.363 2.402 2.430 2.348 2.285 2.195 2.134 2.038 2.018 1.828
2.501 1.967 1.964 1.721 1.515 1.731 1.470 1.372 1.288 1.158 1.182 1.044 0.971 0.874 0.858 0.890 0.941 0.955 0.840 0.693 0.685 0.727 0.673 0.627 0.676 0.778 0.840 0.911 0.793 0.694 0.601 0.556 0.495 0.487 0.477 0.523 0.531 0.532 0.526 0.723 0.832 0.759 0.620 0.569 0.610 0.770 1.403 1.361 1.571 1.508 0.990 0.840 0.727 0.893 1.175 1.670 2.399 2.152 2.169 2.357 2.585 2.744 2.803 1.923 1.561 1.782 2.907 2.972 2.804 2.679 2.515 2.417 2.417 2.454 2.243 2.142 4.141
1.822 2.115 2.276 1.663 1.649 1.517 1.642 1.425 1.351 1.301 1.423 1.639 1.383 1.602 1.400 1.114 1.060 1.033 1.106 0.929 1.007 0.913 0.871 0.890 0.875 0.961 1.095 1.155 1.133 1.074 0.962 0.835 0.680 0.627 0.592 0.574 0.535 0.844 0.685 0.915 1.038 0.890 0.751 0.842 0.897 1.083 1.430 1.671 1.990 2.056 1.824 1.778 1.831 1.913 2.406 3.088 2.469 2.583 2.645 2.565 2.610 2.835 3.209 3.255 3.940 4.023 3.646 3.153 2.973 2.890 2.705 2.707 2.822 2.904 4.825 3.696 3.259
2.210 2.193 2.171 2.114 2.152 1.958 1.730 1.583 1.420 1.779 2.225 2.460 4.140 4.069 3.752 3.935 2.123 1.022 0.900 1.177 1.329 1.178 0.844 1.080 1.084 1.201 1.348 1.523 1.671 1.606 1.416 1.188 0.943 0.794 0.795 0.863 1.012 1.082 0.974 0.956 1.007 0.914 0.972 1.014 0.995 1.151 1.596 1.924 2.327 2.416 2.443 2.142 2.565 2.489 3.645 2.936 3.105 2.955 2.791 2.575 2.491 2.502 2.609 2.639 2.648 2.686 2.739 2.779 2.661 4.872 2.419 2.573 2.744 5.350 5.410 2.119 2.007
2.358 2.404 2.409 2.355 2.405 2.200 2.013 2.003 2.007 2.051 3.599 3.071 4.819 5.766 4.119 8.361 7.702 4.616 3.470 1.410 1.289 1.224 1.138 1.130 1.324 1.454 1.622 1.695 1.886 1.953 2.033 1.608 1.290 1.133 1.094 1.189 1.237 1.287 1.271 1.299 1.173 0.988 0.961 1.022 1.169 1.395 1.801 1.990 2.252 2.540 2.863 2.960 3.021 3.224 3.988 3.622 3.668 3.442 3.309 3.005 2.843 2.736 2.678 2.674 2.703 2.703 2.689 2.679 2.601 3.997 2.953 2.303 2.744 2.892 5.503 3.284 2.527
2.436 2.459 2.529 2.535 2.604 2.694 3.024 2.739 2.006 2.118 3.615 3.215 2.821 2.942 3.041 3.170 3.221 6.621 7.142 4.806 2.629 1.355 1.294 1.186 1.227 1.475 1.649 1.838 1.834 2.011 2.133 1.818 1.617 1.400 1.227 1.317 1.578 1.622 1.515 1.596 1.704 1.434 1.278 1.288 1.370 1.435 1.692 2.315 2.396 2.396 2.905 3.048 3.314 3.386 3.605 3.703 3.709 3.705 3.612 3.393 3.166 2.984 2.812 2.750 2.686 2.702 2.641 2.681 3.773 4.948 3.384 2.282 2.615 2.799 2.402 2.981 2.121
2.437 2.445 2.511 2.559 2.949 3.475 2.716 2.708 2.618 2.597 2.628 2.727 2.839 2.908 3.019 3.076 3.201 3.375 4.908 6.668 6.156 1.951 1.177 1.744 1.542 1.752 1.631 1.474 1.509 1.689 1.737 1.690 1.517 1.371 1.488 1.540 1.637 1.547 1.656 2.320 2.007 1.725 1.731 1.615 1.571 1.719 1.797 2.152 2.451 2.475 2.517 2.761 3.024 3.115 3.290 3.340 3.380 3.419 3.314 3.258 3.091 3.045 2.934 2.848 2.790 2.807 2.658 2.861 3.398 2.796 3.372 2.534 1.938 2.529 2.543 2.672 2.002
2.618 3.457 2.844 2.665 2.645 2.681 2.653 2.725 2.744 2.822 2.851 2.895 2.927 3.006 3.128 3.111 3.177 3.274 3.394 6.557 8.005 4.747 2.063 1.289 2.386 1.999 1.557 1.200 1.104 1.096 1.230 1.376 1.276 1.241 1.462 1.715 1.774 1.789 1.945 1.927 2.013 2.051 2.034 2.174 2.201 2.332 2.186 2.430 3.024 2.733 2.575 2.753 2.988 3.046 3.223 3.292 3.290 3.240 3.226 3.183 3.066 3.042 3.025 2.988 2.877 2.813 2.639 5.400 3.803 2.875 3.371 2.091 1.921 2.275 2.453 2.701 2.065
2.893 2.959 2.954 2.974 2.921 2.889 2.908 2.973 3.029 3.170 3.180 3.215 3.264 3.369 3.330 3.252 3.239 3.251 3.229 3.387 3.518 8.250 5.529 3.658 1.447 2.124 1.987 1.261 1.236 1.053 1.043 1.205 1.261 1.252 1.503 1.754 1.961 2.040 2.052 2.131 2.312 2.457 2.322 2.526 2.362 2.631 2.600 2.884 3.606 3.294 3.358 2.811 2.990 3.169 3.335 3.812 3.774 3.556 3.342 3.385 3.300 3.257 3.224 3.219 3.088 2.820 2.608 2.536 2.319 2.383 2.772 2.322 1.995 2.087 2.699 2.554 2.516
3.301 3.341 3.314 3.314 3.290 3.273 3.350 3.315 3.377 3.598 3.626 3.734 3.673 3.702 3.657 3.567 3.428 3.326 3.281 3.315 3.275 3.127 5.552 3.256 1.344 2.467 1.670 1.665 1.501 1.200 1.276 1.380 1.500 1.711 1.914 2.213 2.394 2.388 2.495 2.376 2.559 2.501 2.662 2.904 2.771 2.810 3.204 4.046 3.459 4.465 4.059 3.246 3.260 3.519 3.886 4.265 4.081 3.777 3.550 3.445 3.356 3.285 3.225 3.079 2.885 2.605 2.479 2.381 2.301 2.207 1.877 2.295 2.436 2.347 3.197 3.359 2.636
3.786 3.753 3.918 3.858 3.955 3.795 3.787 3.865 3.846 4.032 4.199 4.029 3.844 3.865 3.736 3.724 3.594 3.334 3.274 3.095 2.983 3.111 5.227 2.627 1.476 1.804 1.201 1.687 1.018 1.228 1.521 1.706 1.986 2.294 2.377 2.467 2.556 2.667 2.268 2.576 2.563 2.874 3.116 3.326 3.655 3.726 3.962 4.100 4.275 4.232 4.010 3.911 3.901 4.590 5.083 4.586 4.133 3.894 3.742 3.664 3.367 3.195 2.878 2.789 2.568 2.378 2.320 2.216 4.327 3.234 2.934 3.358 2.485 2.673 2.411 2.409 2.226
4.376 4.451 4.602 4.522 4.440 4.274 4.312 4.336 4.431 4.502 4.305 4.229 4.112 4.015 3.807 3.791 3.596 3.598 3.290 3.084 2.995 3.069 5.224 2.768 1.221 1.389 1.216 1.451 0.971 1.298 1.453 1.913 2.332 2.637 2.822 2.882 2.942 2.954 2.731 2.954 3.348 3.292 3.684 3.854 4.267 4.617 5.279 6.025 6.170 6.234 5.651 5.260 4.961 5.083 4.745 4.298 4.090 3.907 3.722 3.375 3.020 2.773 2.671 2.539 2.233 2.150 2.106 2.067 4.307 2.434 1.780 1.489 1.764 2.237 1.965 2.321 2.375
5.176 4.983 4.714 4.503 4.539 4.478 4.376 4.399 4.376 4.216 4.126 4.075 4.155 3.958 3.825 3.642 3.308 2.945 2.750 2.596 2.405 2.015 4.976 3.802 1.521 2.852 -9999 1.170 1.297 1.448 1.365 1.732 2.251 2.954 3.365 3.369 3.507 3.638 3.434 3.559 3.485 3.721 3.836 5.536 6.796 7.186 7.232 7.123 6.617 5.868 5.315 4.685 4.634 4.294 4.013 3.798 3.521 3.168 2.879 2.670 2.487 2.423 2.226 2.048 1.839 1.668 1.687 1.962 2.678 2.336 2.023 1.570 2.059 1.963 1.299 2.090 1.473
5.062 4.915 4.708 4.486 4.501 4.370 4.214 4.214 4.146 4.043 4.072 4.086 3.928 3.675 3.377 3.123 2.866 2.570 2.342 2.075 1.852 1.507 1.123 2.051 1.888 -9999 5.949 1.323 1.079 1.432 1.468 1.750 2.672 3.408 3.734 3.902 4.169 4.199 4.100 3.736 3.592 3.951 4.929 6.308 6.266 5.990 5.761 5.579 5.217 4.713 4.294 3.946 3.761 3.512 3.368 3.179 3.066 2.937 2.528 2.314 2.165 2.080 1.928 1.697 1.565 1.528 1.541 1.705 2.909 2.315 1.878 1.267 1.563 1.752 2.006 1.870 1.320
4.448 4.423 4.371 4.151 4.109 4.011 3.867 3.849 3.765 3.800 3.795 3.688 3.663 3.310 2.973 2.593 2.362 2.133 1.860 1.587 1.392 1.221 1.009 2.149 2.057 1.303 2.823 2.394 1.705 1.337 1.604 1.907 2.213 3.287 4.017 4.284 4.405 4.127 3.957 3.708 3.850 4.453 5.596 5.268 4.806 4.619 4.483 4.266 4.001 3.712 3.405 3.007 3.086 2.976 2.805 2.669 2.488 2.413 2.160 2.003 1.841 1.784 1.538 1.321 1.257 1.257 1.307 1.390 1.546 1.892 1.313 0.868 0.793 0.789 0.684 0.937 1.087
3.552 3.561 3.650 3.549 3.462 3.249 3.148 3.174 3.163 3.236 3.135 2.988 2.829 2.663 2.409 2.057 1.780 1.557 1.345 1.134 0.970 0.899 0.818 0.758 0.525 0.971 0.668 4.491 2.471 1.520 1.339 1.787 2.025 2.713 4.067 4.268 4.237 3.864 3.719 3.810 3.957 4.787 4.264 3.864 3.738 3.769 3.681 3.554 3.440 3.199 2.931 2.686 2.514 2.444 2.396 2.380 2.302 2.225 2.001 1.773 1.569 1.369 1.108 0.944 0.897 0.887 0.917 0.823 1.109 1.068 -9999 0.563 0.443 0.314 0.246 0.376 0.731
2.552 2.621 2.742 2.609 2.472 2.352 2.350 2.230 2.334 2.470 2.418 2.423 2.306 2.047 1.830 1.601 1.433 1.238 1.030 0.821 0.729 0.666 0.669 0.562 0.397 0.449 0.465 1.747 3.727 2.228 0.937 1.262 2.026 3.113 4.250 4.065 3.718 3.306 3.973 3.896 3.138 3.542 3.389 3.286 3.361 3.344 3.222 3.146 3.058 2.845 2.474 2.107 2.140 2.070 2.123 2.064 1.861 1.756 1.564 1.419 1.165 0.944 0.738 0.642 0.971 0.995 0.480 0.564 0.496 0.400 0.853 0.222 0.160 0.291 0.260 0.172 0.195
2.037 2.085 2.179 2.128 2.055 1.820 1.744 1.679 1.803 1.872 1.859 1.845 1.876 1.569 1.447 1.296 1.182 1.026 0.874 0.742 0.676 0.625 0.607 0.504 0.394 0.281 0.277 0.514 2.392 6.716 1.144 0.974 1.710 2.404 2.853 2.658 2.423 2.350 2.819 3.726 3.042 2.617 2.460 2.664 2.851 3.002 2.890 2.751 2.586 2.291 2.006 1.822 1.733 1.833 1.836 1.728 1.561 1.452 1.184 1.005 0.793 0.634 0.499 0.417 0.428 0.401 0.391 -9999 -9999 -9999 -9999 -9999 0.213 0.491 0.433 -9999 -9999
1.739 1.707 1.758 1.727 1.710 1.512 1.446 1.355 1.399 1.451 1.426 1.386 1.319 1.159 1.165 1.124 1.022 0.890 0.818 0.787 0.775 0.720 0.676 0.568 0.529 0.436 0.423 0.641 1.423 4.487 2.608 1.263 2.191 2.348 2.445 2.048 1.629 1.731 2.879 3.449 2.798 1.588 1.672 1.996 2.256 2.331 2.419 2.275 2.109 1.922 1.726 1.482 1.331 1.302 1.268 1.234 1.129 1.018 0.886 0.746 0.605 0.487 0.402 0.366 0.451 0.293 0.500 -9999 -9999 -9999 -9999 -9999 0.189 -9999 -9999 -9999 -9999
1.631 1.597 1.584 1.570 1.553 1.592 1.570 1.482 1.385 1.252 1.340 1.183 1.086 1.102 1.080 1.080 1.055 0.955 0.917 0.901 0.886 0.872 0.805 0.685 0.685 0.722 0.827 0.908 1.160 4.206 3.743 2.225 3.779 4.698 2.248 2.147 2.291 2.485 2.893 2.643 2.732 2.619 2.097 1.572 1.891 1.959 1.898 1.772 1.726 1.592 1.420 1.247 1.227 1.161 1.094 1.048 0.955 0.842 0.703 0.549 0.470 0.411 0.433 0.434 0.556 0.320 0.617 -9999 -9999 -9999 -9999 -9999 -9999 -9999 -9999 -9999 -9999
1.500 1.568 1.500 1.460 1.412 1.437 1.556 1.516 1.546 5.889 1.326 1.210 1.181 1.257 1.213 1.191 1.138 1.056 1.056 1.033 1.014 1.068 1.116 1.061 1.169 1.330 1.624 1.851 1.820 2.396 2.515 2.764 2.646 6.006 7.757 4.623 3.231 2.372 2.001 1.830 3.133 2.983 2.051 3.105 4.378 4.606 1.824 1.660 1.714 1.670 1.503 1.296 1.370 1.320 1.197 1.092 0.936 0.815 0.677 0.552 0.472 0.439 0.435 0.426 0.528 0.305 0.324 0.355 0.348 -9999 -9999 -9999 -9999 -9999 -9999 -9999 -9999
1.421 1.462 1.355 1.317 1.260 1.284 1.328 1.382 1.401 1.319 1.306 1.260 1.164 1.262 1.274 1.337 1.345 1.291 1.301 1.349 1.439 1.587 1.659 1.809 2.174 2.566 2.738 2.991 3.056 2.890 2.914 2.297 3.674 2.825 3.128 4.800 4.862 5.210 7.021 2.351 1.832 1.646 1.573 1.592 1.927 1.870 1.717 4.457 1.733 1.657 1.537 1.472 1.478 1.526 1.455 1.232 1.078 1.038 0.912 0.815 0.750 0.661 0.638 0.575 0.787 0.584 -9999 -9999 -9999 -9999 -9999 -9999 -9999 -9999 -9999 -9999 -9999
1.656 1.712 1.632 1.626 1.625 1.702 1.743 1.729 1.800 1.810 1.669 1.643 1.621 1.739 1.882 1.966 2.157 2.274 2.467 2.725 2.973 3.289 3.715 4.124 4.610 4.865 5.086 5.294 5.337 4.926 4.606 4.476 4.173 3.416 3.284 3.555 2.743 2.855 5.583 2.594 1.464 1.078 0.849 0.921 1.091 1.242 1.351 1.610 1.729 1.772 1.425 1.383 1.461 1.571 1.525 1.443 1.358 1.370 1.435 1.452 1.311 1.119 1.026 0.841 0.825 1.146 -9999 -9999 -9999 -9999 -9999 -9999 -9999 -9999 -9999 -9999 -9999
2.689 2.679 2.542 2.687 2.867 3.039 3.083 3.114 3.248 3.408 3.456 3.507 3.459 3.640 3.806 3.988 4.401 4.696 5.029 5.512 5.984 6.293 6.872 7.541 8.174 8.527 8.688 8.600 8.471 7.848 7.040 6.376 5.149 4.509 3.875 3.002 2.609 3.753 5.868 3.129 2.182 3.305 3.540 1.587 1.938 2.744 2.843 3.427 1.463 1.417 1.344 1.549 1.696 1.978 2.054 2.035 2.071 2.196 2.356 2.265 2.336 2.301 2.839 2.880 2.718 3.296 3.881 3.356 -9999 -9999 -9999 -9999 -9999 -9999 -9999 -9999 -9999
5.141 5.039 5.010 5.103 5.347 5.783 6.003 6.104 6.236 6.345 6.445 6.464 6.773 6.819 6.967 7.275 7.894 8.135 8.392 8.483 8.871 9.105 9.408 9.486 9.661 9.831 10.051 10.106 9.843 9.282 8.643 8.071 7.469 6.907 6.124 4.808 3.845 4.658 6.427 4.544 5.090 5.107 4.810 3.445 2.562 2.091 2.366 3.740 4.217 1.368 1.601 1.992 2.543 3.244 3.633 3.828 4.056 4.329 4.577 4.783 4.977 5.044 5.576 5.579 5.052 4.951 6.983 5.887 4.618 3.399 3.089 3.644 3.744 3.199 3.280 3.200 3.208
7.396 7.233 7.248 7.250 7.048 7.352 7.415 7.513 7.296 7.244 6.992 6.682 6.489 6.258 6.292 6.290 6.451 6.369 6.299 6.229 6.182 6.270 6.209 6.216 6.297 6.180 6.116 6.448 6.540 6.392 6.206 6.292 6.368 6.723 7.219 7.799 7.459 7.345 7.727 7.005 10.547 11.812 6.225 9.886 5.275 5.186 5.496 5.358 6.233 4.727 4.531 3.047 3.087 4.774 6.041 6.653 6.563 6.818 6.763 6.944 7.166 7.375 6.970 6.315 5.651 5.247 6.071 6.591 5.289 3.590 3.537 3.788 3.309 4.062 5.012 5.195 4.463
