data-raw/precipfiles/12_grid_data_12000BP.asc
ncols 144
nrows 72
xllcorner -180
yllcorner -90
cellsize 2.5
nodata_value -9999
[rows 0 to 33 of 72, columns 0 to 76 of 144]
0.379 0.385 0.399 0.388 0.367 0.384 0.383 0.389 0.407 0.420 0.394 0.400 0.404 0.412 0.396 0.393 0.410 0.410 0.408 0.401 0.389 0.404 0.400 0.421 0.405 0.404 0.410 0.397 0.402 0.407 0.406 0.397 0.390 0.395 0.414 0.419 0.398 0.411 0.416 0.424 0.438 0.468 0.452 0.454 0.467 0.455 0.469 0.456 0.434 0.449 0.443 0.442 0.462 0.461 0.459 0.451 0.440 0.457 0.447 0.433 0.436 0.441 0.436 0.449 0.441 0.423 0.446 0.432 0.442 0.440 0.449 0.450 0.458 0.457 0.425 0.434 0.424
0.399 0.388 0.394 0.387 0.379 0.371 0.379 0.381 0.378 0.379 0.374 0.369 0.369 0.375 0.375 0.376 0.375 0.379 0.380 0.378 0.381 0.384 0.383 0.396 0.386 0.389 0.377 0.389 0.378 0.383 0.387 0.383 0.374 0.372 0.358 0.365 0.353 0.355 0.364 0.381 0.355 0.359 0.350 0.347 0.355 0.352 0.347 0.341 0.353 0.339 0.335 0.330 0.324 0.325 0.318 0.325 0.311 0.338 0.332 0.318 0.321 0.321 0.327 0.326 0.328 0.338 0.343 0.349 0.353 0.365 0.369 0.365 0.360 0.371 0.377 0.376 0.376
0.377 0.380 0.381 0.366 0.368 0.368 0.363 0.355 0.347 0.347 0.350 0.344 0.350 0.348 0.343 0.347 0.349 0.350 0.350 0.350 0.359 0.354 0.352 0.359 0.354 0.357 0.358 0.362 0.369 0.370 0.361 0.352 0.343 0.338 0.331 0.338 0.342 0.345 0.369 0.374 0.371 0.366 0.372 0.364 0.365 0.369 0.356 0.342 0.301 0.285 0.268 0.275 0.258 0.253 0.265 0.252 0.262 0.278 0.308 0.323 0.326 0.319 0.314 0.291 0.303 0.305 0.337 0.344 0.358 0.366 0.367 0.376 0.387 0.393 0.396 0.407 0.415
0.428 0.424 0.422 0.412 0.407 0.410 0.402 0.393 0.388 0.379 0.384 0.374 0.364 0.363 0.357 0.349 0.355 0.358 0.349 0.354 0.352 0.356 0.352 0.364 0.355 0.376 0.372 0.375 0.383 0.400 0.385 0.397 0.380 0.401 0.430 0.369 0.354 0.345 0.344 0.343 0.316 0.330 0.438 0.394 0.287 0.280 0.292 0.316 0.269 0.244 0.217 0.222 0.212 0.189 0.180 0.164 0.177 0.195 0.232 0.249 0.257 0.277 0.308 0.284 0.400 0.617 0.480 0.416 0.413 0.407 0.409 0.434 0.487 0.528 0.587 0.609 0.606
0.476 0.469 0.473 0.463 0.451 0.451 0.434 0.427 0.412 0.409 0.398 0.390 0.377 0.378 0.365 0.355 0.353 0.350 0.346 0.347 0.341 0.342 0.343 0.343 0.351 0.348 0.371 0.395 0.373 0.385 0.382 0.393 0.386 0.422 0.327 0.339 0.322 0.300 0.327 0.342 0.333 0.328 0.330 0.316 0.305 0.289 0.247 0.228 0.194 0.209 0.169 0.205 0.167 0.158 0.127 0.113 0.116 0.111 0.126 0.127 0.150 0.176 0.235 0.310 0.406 0.342 0.426 0.435 0.456 0.463 0.505 0.570 0.633 0.713 0.782 0.822 1.050
0.509 0.507 0.508 0.504 0.498 0.496 0.489 0.484 0.481 0.466 0.452 0.441 0.423 0.415 0.398 0.381 0.361 0.356 0.342 0.343 0.341 0.346 0.359 0.398 0.349 0.439 0.496 0.481 0.431 0.298 0.361 0.376 0.274 0.303 0.334 0.348 0.347 0.363 0.372 0.354 0.357 0.461 0.458 0.420 0.303 0.273 0.252 0.230 0.212 0.196 0.230 0.215 0.197 0.173 0.134 0.121 0.102 0.094 0.088 0.094 0.129 0.152 0.223 0.302 0.464 0.426 0.540 0.555 0.616 0.658 0.737 0.769 0.775 0.795 0.811 0.833 0.841
0.606 0.634 0.642 0.650 0.639 0.630 0.592 0.567 0.565 0.553 0.532 0.519 0.506 0.504 0.479 0.456 0.436 0.422 0.402 0.387 0.382 0.373 0.476 0.318 0.328 0.353 0.365 0.374 0.329 0.321 0.458 0.469 0.346 0.381 0.381 0.404 0.401 0.386 0.384 0.354 0.357 0.427 0.427 0.404 0.390 0.395 0.395 0.426 0.436 0.288 0.222 0.294 0.247 0.235 0.170 0.160 0.120 0.121 0.123 0.143 0.271 0.203 0.317 0.381 0.583 0.647 0.820 0.874 0.983 1.011 1.025 1.025 0.991 0.981 0.972 0.987 0.975
0.854 0.629 0.869 0.910 0.943 0.907 0.784 0.726 0.499 0.469 0.455 0.431 0.393 0.568 0.578 0.628 0.620 0.602 0.535 0.397 0.378 0.312 0.354 0.402 0.425 0.498 0.468 0.460 0.433 0.408 0.381 0.504 0.544 0.428 0.422 0.382 0.420 0.433 0.402 0.372 0.337 0.337 0.331 0.328 0.388 0.406 0.463 0.506 0.537 0.506 0.356 0.294 0.312 0.323 0.276 0.259 0.195 0.198 0.232 0.265 0.410 0.454 0.643 0.602 0.962 1.037 1.213 1.311 1.396 1.413 1.382 1.370 1.291 1.261 1.219 1.230 1.202
1.849 1.306 1.278 1.401 1.500 1.315 1.170 1.034 0.981 0.872 0.768 0.742 0.691 0.649 0.638 0.674 0.680 0.628 0.497 0.466 0.401 0.438 0.447 0.468 0.578 0.655 0.550 0.526 0.480 0.464 0.493 0.409 0.392 0.400 0.398 0.429 0.467 0.395 0.404 0.384 0.366 0.367 0.364 0.334 0.386 0.429 0.551 0.799 0.854 0.807 0.537 0.417 0.363 0.423 0.413 0.604 0.780 0.934 1.170 1.317 1.223 1.155 1.345 1.770 1.782 1.833 1.924 2.068 2.126 2.161 2.090 2.012 1.907 1.828 1.732 1.700 1.534
2.261 1.791 1.787 1.580 1.398 1.590 1.341 1.238 1.122 1.016 1.057 0.955 0.905 0.809 0.790 0.808 0.846 0.910 0.792 0.647 0.644 0.700 0.670 0.655 0.729 0.850 0.931 0.989 0.848 0.727 0.619 0.560 0.489 0.464 0.437 0.460 0.452 0.438 0.424 0.563 0.628 0.557 0.438 0.389 0.407 0.522 0.957 0.924 1.059 1.006 0.646 0.539 0.464 0.589 0.810 1.192 1.752 1.584 1.622 1.806 2.041 2.231 2.299 1.591 1.313 1.535 2.540 2.629 2.489 2.386 2.234 2.117 2.099 2.119 1.953 1.852 3.531
1.642 1.905 2.029 1.490 1.483 1.363 1.493 1.285 1.185 1.132 1.268 1.504 1.287 1.495 1.309 1.032 0.977 0.975 1.066 0.879 0.971 0.907 0.898 0.955 0.964 1.069 1.216 1.239 1.164 1.060 0.917 0.760 0.599 0.537 0.488 0.455 0.412 0.636 0.523 0.695 0.779 0.654 0.546 0.594 0.627 0.748 1.006 1.150 1.346 1.375 1.204 1.183 1.214 1.323 1.714 2.265 1.808 1.934 2.016 2.024 2.118 2.393 2.752 2.798 3.397 3.511 3.212 2.820 2.673 2.594 2.418 2.394 2.502 2.578 4.326 3.379 2.957
1.967 1.956 1.919 1.872 1.921 1.735 1.552 1.461 1.290 1.611 2.041 2.313 3.951 3.917 3.625 3.803 2.039 0.974 0.854 1.111 1.281 1.183 0.895 1.189 1.219 1.359 1.502 1.622 1.648 1.501 1.244 0.978 0.747 0.612 0.604 0.639 0.731 0.774 0.713 0.717 0.764 0.688 0.722 0.743 0.720 0.837 1.165 1.373 1.613 1.646 1.663 1.466 1.777 1.799 2.689 2.204 2.340 2.252 2.173 2.075 2.070 2.136 2.248 2.272 2.276 2.321 2.397 2.473 2.403 4.421 2.197 2.310 2.475 4.918 5.011 2.006 1.970
2.078 2.128 2.149 2.111 2.179 2.014 1.855 1.871 1.886 1.936 3.428 2.930 4.662 5.632 4.033 8.174 7.505 4.459 3.327 1.337 1.214 1.170 1.126 1.189 1.437 1.596 1.754 1.825 1.941 1.864 1.783 1.288 0.999 0.857 0.820 0.887 0.906 0.931 0.925 0.963 0.887 0.741 0.725 0.766 0.870 1.058 1.379 1.538 1.710 1.891 2.081 2.140 2.167 2.357 2.948 2.729 2.818 2.700 2.659 2.456 2.371 2.317 2.288 2.264 2.247 2.215 2.216 2.246 2.277 3.620 2.742 2.148 2.528 2.686 5.177 3.200 2.578
2.186 2.214 2.296 2.320 2.405 2.510 2.827 2.595 1.911 2.036 3.513 3.127 2.750 2.881 2.983 3.124 3.175 6.535 7.003 4.666 2.498 1.272 1.226 1.137 1.223 1.505 1.716 1.940 1.957 2.025 1.962 1.509 1.294 1.112 0.973 1.020 1.213 1.233 1.125 1.198 1.294 1.084 0.980 0.992 1.070 1.146 1.354 1.817 1.941 1.957 2.364 2.444 2.586 2.632 2.801 2.886 2.929 2.984 2.983 2.858 2.703 2.570 2.448 2.391 2.287 2.255 2.163 2.212 3.279 4.461 3.195 2.193 2.466 2.623 2.268 2.864 2.136
2.235 2.248 2.328 2.392 2.752 3.223 2.577 2.591 2.508 2.501 2.555 2.658 2.768 2.834 2.942 3.020 3.182 3.403 4.964 6.694 5.984 1.836 1.080 1.585 1.367 1.558 1.567 1.522 1.618 1.786 1.721 1.554 1.354 1.209 1.308 1.307 1.357 1.255 1.299 1.822 1.567 1.332 1.347 1.278 1.266 1.428 1.521 1.805 2.059 2.151 2.267 2.499 2.685 2.693 2.801 2.822 2.862 2.920 2.857 2.849 2.732 2.721 2.651 2.587 2.527 2.497 2.305 2.441 3.002 2.593 3.248 2.507 1.925 2.473 2.456 2.555 1.903
2.487 3.259 2.722 2.564 2.545 2.573 2.545 2.624 2.669 2.752 2.802 2.866 2.898 2.966 3.066 3.059 3.155 3.308 3.476 6.712 8.039 4.582 1.907 1.102 1.985 1.550 1.177 0.983 0.971 1.049 1.175 1.301 1.228 1.227 1.478 1.788 1.809 1.784 1.821 1.738 1.762 1.717 1.662 1.765 1.794 1.954 1.886 2.139 2.690 2.481 2.419 2.605 2.806 2.820 2.957 3.017 3.042 2.990 2.971 2.922 2.815 2.805 2.827 2.820 2.726 2.632 2.425 4.862 3.305 2.581 3.148 2.026 1.894 2.234 2.409 2.630 1.997
2.825 2.905 2.913 2.933 2.871 2.822 2.833 2.902 2.960 3.115 3.147 3.210 3.275 3.364 3.293 3.197 3.199 3.257 3.281 3.479 3.565 8.108 5.188 3.260 1.247 1.796 1.735 1.092 1.111 0.936 0.914 1.053 1.101 1.201 1.543 1.868 2.097 2.128 2.075 2.119 2.208 2.243 2.064 2.200 2.072 2.350 2.380 2.702 3.353 3.116 3.196 2.698 2.851 2.996 3.158 3.634 3.621 3.433 3.188 3.202 3.101 3.048 3.042 3.062 2.947 2.668 2.446 2.352 2.099 2.137 2.545 2.170 1.870 1.967 2.576 2.503 2.475
3.278 3.325 3.326 3.335 3.305 3.266 3.323 3.284 3.330 3.551 3.588 3.719 3.691 3.727 3.651 3.536 3.372 3.283 3.271 3.334 3.295 3.081 5.269 2.944 1.219 2.371 1.684 1.676 1.465 1.120 1.133 1.170 1.215 1.430 1.781 2.155 2.351 2.333 2.453 2.343 2.515 2.383 2.489 2.733 2.629 2.711 3.154 3.969 3.414 4.367 3.950 3.140 3.118 3.354 3.705 4.099 3.933 3.648 3.415 3.292 3.180 3.083 3.033 2.903 2.720 2.430 2.299 2.205 2.128 2.043 1.762 2.112 2.199 2.106 2.928 3.172 2.581
3.795 3.784 3.985 3.933 4.033 3.847 3.820 3.884 3.840 3.998 4.151 4.002 3.847 3.903 3.734 3.703 3.535 3.264 3.193 3.019 2.926 3.053 5.074 2.490 1.377 1.741 1.253 1.729 1.031 1.272 1.453 1.482 1.556 1.813 2.063 2.251 2.360 2.457 2.181 2.525 2.538 2.789 2.978 3.172 3.619 3.721 3.945 4.070 4.250 4.188 3.986 3.881 3.864 4.546 5.008 4.503 4.041 3.801 3.636 3.514 3.202 3.019 2.710 2.611 2.384 2.189 2.147 2.067 4.056 3.024 2.734 3.090 2.242 2.441 2.178 2.222 2.112
4.409 4.517 4.695 4.619 4.528 4.331 4.371 4.378 4.451 4.505 4.274 4.202 4.111 4.057 3.837 3.813 3.580 3.552 3.222 2.991 2.935 3.008 5.152 2.721 1.199 1.394 1.294 1.528 0.980 1.360 1.519 1.808 2.056 2.181 2.475 2.588 2.722 2.723 2.572 2.850 3.269 3.176 3.593 3.740 4.215 4.752 5.442 6.136 6.173 6.241 5.693 5.301 5.009 5.082 4.720 4.229 4.010 3.800 3.591 3.224 2.852 2.599 2.497 2.361 2.047 1.946 1.927 1.941 4.068 2.289 1.674 1.375 1.630 2.062 1.864 2.182 2.222
5.251 5.073 4.811 4.592 4.597 4.500 4.391 4.434 4.421 4.254 4.139 4.117 4.231 4.066 3.902 3.709 3.389 2.991 2.763 2.581 2.408 2.029 5.028 3.893 1.635 1.884 -9999 1.157 1.254 1.495 1.452 1.808 2.236 2.807 3.110 3.117 3.309 3.488 3.284 3.424 3.372 3.569 3.697 5.440 6.707 7.259 7.481 7.327 6.728 5.942 5.427 4.803 4.715 4.268 3.914 3.666 3.387 3.028 2.716 2.499 2.311 2.226 2.048 1.877 1.665 1.484 1.513 1.870 2.571 2.259 1.885 1.422 1.882 1.845 1.229 2.005 1.383
5.124 4.996 4.768 4.529 4.509 4.366 4.198 4.219 4.164 4.070 4.113 4.180 4.048 3.792 3.453 3.181 2.926 2.584 2.330 2.052 1.850 1.517 1.147 2.049 1.913 -9999 3.332 1.313 1.090 1.516 1.542 1.841 2.798 3.438 3.643 3.775 4.108 4.292 4.066 3.721 3.617 4.051 4.996 6.395 6.320 6.098 5.953 5.737 5.321 4.777 4.399 4.047 3.815 3.481 3.256 3.007 2.834 2.700 2.311 2.117 1.976 1.879 1.745 1.524 1.378 1.324 1.338 1.544 2.774 2.250 1.798 1.194 1.467 1.673 1.925 1.812 1.264
4.438 4.406 4.325 4.116 4.053 3.956 3.804 3.788 3.705 3.766 3.789 3.752 3.787 3.412 3.041 2.630 2.385 2.104 1.798 1.523 1.351 1.206 1.000 2.085 2.001 1.333 3.282 2.482 1.928 1.557 1.498 1.847 2.374 3.423 4.013 4.157 4.298 4.163 3.796 3.604 3.833 4.511 5.679 5.307 4.805 4.623 4.504 4.281 4.008 3.683 3.395 3.012 3.046 2.861 2.631 2.434 2.227 2.142 1.921 1.778 1.641 1.588 1.388 1.191 1.111 1.092 1.115 1.271 1.463 1.810 1.247 0.811 0.760 0.794 0.716 1.010 1.141
3.486 3.480 3.533 3.437 3.368 3.167 3.050 3.057 3.027 3.116 3.054 2.991 2.893 2.739 2.481 2.104 1.788 1.505 1.259 1.047 0.905 0.855 0.794 0.749 0.527 0.996 0.754 4.371 2.613 2.577 1.296 1.600 2.141 2.939 4.075 4.051 3.963 3.694 3.306 3.368 3.782 4.661 4.159 3.729 3.583 3.574 3.476 3.355 3.233 3.000 2.754 2.523 2.329 2.210 2.113 2.059 1.986 1.915 1.732 1.537 1.366 1.214 1.016 0.889 0.852 0.847 0.885 0.819 1.116 1.040 -9999 0.552 0.462 0.331 0.251 0.351 0.694
2.467 2.517 2.612 2.499 2.405 2.283 2.253 2.112 2.184 2.342 2.348 2.451 2.392 2.151 1.926 1.680 1.482 1.222 0.982 0.773 0.690 0.641 0.658 0.567 0.412 0.482 0.472 1.407 3.086 2.668 1.070 1.315 2.153 3.311 4.106 3.788 3.400 3.043 3.631 3.519 2.968 3.343 3.209 3.080 3.162 3.109 2.969 2.857 2.742 2.530 2.182 1.872 1.899 1.826 1.866 1.850 1.669 1.575 1.409 1.295 1.080 0.902 0.696 0.617 0.922 0.958 0.463 0.573 0.487 0.411 0.407 0.244 0.183 0.319 0.323 0.222 0.255
1.936 1.976 2.079 2.043 2.002 1.764 1.661 1.576 1.690 1.775 1.813 1.873 1.950 1.644 1.516 1.365 1.231 1.028 0.852 0.712 0.658 0.621 0.615 0.523 0.408 0.301 0.296 0.529 2.423 7.390 1.324 1.093 1.807 2.504 2.722 2.455 2.217 2.117 2.551 3.397 2.856 2.458 2.311 2.476 2.619 2.718 2.572 2.429 2.260 1.988 1.720 1.563 1.508 1.621 1.640 1.607 1.480 1.395 1.147 0.980 0.781 0.634 0.494 0.412 0.401 0.365 0.350 -9999 -9999 -9999 -9999 -9999 0.194 0.312 1.197 -9999 -9999
1.665 1.639 1.700 1.687 1.680 1.476 1.384 1.274 1.313 1.384 1.418 1.436 1.380 1.189 1.182 1.147 1.061 0.883 0.787 0.762 0.765 0.721 0.682 0.572 0.534 0.449 0.440 0.662 1.424 4.652 2.855 1.397 2.274 2.352 2.315 1.911 1.492 1.559 2.508 3.053 2.528 1.449 1.529 1.846 2.048 2.070 2.098 1.996 1.875 1.723 1.523 1.311 1.218 1.246 1.247 1.230 1.140 1.039 0.926 0.771 0.609 0.465 0.371 0.326 0.405 0.231 0.300 -9999 -9999 -9999 -9999 -9999 0.177 -9999 -9999 -9999 -9999
1.640 1.593 1.578 1.558 1.542 1.556 1.521 1.429 1.357 1.247 1.374 1.227 1.127 1.115 1.092 1.088 1.063 0.946 0.885 0.862 0.855 0.835 0.755 0.617 0.625 0.683 0.827 0.902 1.137 4.060 3.666 2.245 3.986 4.532 2.121 1.967 2.029 2.127 2.323 2.104 2.177 2.134 1.738 1.320 1.647 1.705 1.671 1.619 1.644 1.571 1.408 1.252 1.275 1.234 1.177 1.116 0.993 0.866 0.721 0.557 0.467 0.397 0.396 0.377 0.444 0.206 0.278 -9999 -9999 -9999 -9999 -9999 -9999 -9999 -9999 -9999 -9999
1.523 1.600 1.539 1.478 1.444 1.485 1.600 1.596 1.647 6.053 1.399 1.343 1.298 1.343 1.315 1.254 1.191 1.071 1.020 0.975 0.928 0.939 0.966 0.947 1.067 1.264 1.614 1.866 1.822 2.401 2.503 2.720 2.399 5.464 7.205 4.266 2.906 2.019 1.692 1.439 2.343 2.219 1.546 2.375 3.676 3.983 1.662 1.576 1.723 1.760 1.614 1.402 1.498 1.450 1.314 1.182 0.983 0.837 0.681 0.550 0.464 0.427 0.412 0.382 0.380 0.174 0.195 0.252 0.262 -9999 -9999 -9999 -9999 -9999 -9999 -9999 -9999
1.388 1.453 1.366 1.329 1.262 1.309 1.388 1.482 1.492 1.390 1.365 1.316 1.193 1.274 1.267 1.305 1.311 1.221 1.204 1.218 1.282 1.387 1.402 1.579 1.970 2.426 2.675 2.994 3.106 2.979 3.014 2.320 3.261 2.358 2.551 4.635 4.585 4.392 6.179 2.077 1.612 1.420 1.370 1.416 1.805 1.792 1.631 4.294 1.750 1.736 1.695 1.660 1.643 1.702 1.614 1.341 1.142 1.081 0.927 0.825 0.743 0.624 0.597 0.487 0.670 0.494 -9999 -9999 -9999 -9999 -9999 -9999 -9999 -9999 -9999 -9999 -9999
1.540 1.613 1.556 1.545 1.543 1.646 1.730 1.752 1.842 1.857 1.721 1.701 1.653 1.705 1.779 1.800 1.897 1.930 2.097 2.368 2.683 2.991 3.361 3.705 4.157 4.486 4.733 4.997 5.134 4.835 4.495 4.192 3.564 2.755 2.583 2.665 2.042 2.498 5.418 2.617 1.437 1.074 0.876 0.917 1.119 1.243 1.353 1.584 1.718 1.883 1.632 1.600 1.740 1.783 1.692 1.565 1.423 1.457 1.568 1.569 1.391 1.162 1.035 0.802 0.828 1.215 -9999 -9999 -9999 -9999 -9999 -9999 -9999 -9999 -9999 -9999 -9999
2.450 2.430 2.334 2.458 2.644 2.827 2.915 2.963 3.072 3.284 3.374 3.514 3.482 3.624 3.755 3.852 4.132 4.383 4.612 5.135 5.628 5.904 6.421 6.906 7.387 7.692 7.856 7.813 7.715 7.186 6.453 5.766 4.523 3.878 3.273 2.265 1.672 2.408 4.469 2.373 1.524 2.160 2.540 1.309 1.999 2.459 2.418 3.056 1.234 1.155 1.009 1.141 1.239 1.432 1.544 1.506 1.454 1.496 1.554 1.419 1.514 1.420 1.753 1.897 1.918 2.800 3.592 3.190 -9999 -9999 -9999 -9999 -9999 -9999 -9999 -9999 -9999
4.797 4.680 4.669 4.745 4.953 5.398 5.650 5.760 5.850 5.951 6.125 6.324 6.736 6.833 7.027 7.356 7.996 8.235 8.479 8.566 8.879 9.000 9.078 8.907 8.842 8.764 8.880 8.890 8.597 8.124 7.578 7.029 6.458 5.933 5.332 3.828 2.730 2.901 4.205 3.153 3.427 3.200 2.995 2.446 1.662 1.319 1.560 3.063 3.599 1.083 1.161 1.318 1.606 2.160 2.595 2.796 2.848 2.954 3.062 3.221 3.341 3.344 3.666 3.715 3.559 3.962 6.048 5.321 4.147 3.025 2.783 3.182 3.248 2.899 3.047 3.006 3.071
6.977 6.853 6.906 6.895 6.667 7.098 7.282 7.494 7.254 7.213 7.102 6.905 6.789 6.547 6.550 6.629 6.899 6.761 6.644 6.478 6.351 6.281 6.043 5.894 5.847 5.647 5.478 5.740 5.838 5.677 5.437 5.416 5.423 5.733 6.226 6.430 5.583 5.060 6.114 5.882 7.645 5.544 5.174 9.696 3.604 3.347 3.385 3.899 4.953 3.681 3.772 2.297 2.155 3.632 4.971 5.860 5.393 5.439 5.325 5.510 5.848 6.127 5.722 5.121 4.596 4.509 5.422 6.123 5.297 3.575 3.457 3.633 3.153 3.902 4.859 5.022 4.292
