data-raw/precipfiles/12_grid_data_12000BP.asc
ncols 144
nrows 72
xllcorner -180
yllcorner -90
cellsize 2.5
nodata_value -9999
[rows 34 to 67 of 72, columns 0 to 76 of 144]
5.823 5.569 5.288 4.949 4.611 4.656 4.704 4.609 4.358 4.172 3.773 3.592 3.292 3.042 2.963 2.906 2.871 2.730 2.649 2.619 2.621 2.682 2.550 2.468 2.359 2.241 2.122 2.163 2.258 2.289 2.248 2.512 2.727 2.939 3.053 3.038 2.898 2.498 2.782 3.696 10.778 5.017 4.097 5.357 7.214 6.152 4.886 3.913 4.401 4.387 5.529 6.414 2.279 3.816 4.900 6.138 5.880 6.121 5.976 6.239 6.135 6.371 6.010 5.577 4.683 3.897 3.688 3.671 4.105 4.397 3.102 3.610 2.762 3.459 5.465 6.061 4.360
3.414 3.268 2.898 2.442 2.316 2.443 2.500 2.354 2.278 2.318 2.048 1.748 1.457 1.362 1.310 1.256 1.256 1.144 1.076 1.034 1.019 0.997 0.979 0.965 0.949 0.920 0.892 0.910 1.001 1.068 1.084 1.124 1.171 1.235 1.165 1.058 0.957 0.842 0.860 1.375 5.740 6.313 7.002 6.666 6.703 6.589 5.077 5.387 6.546 5.005 4.556 5.914 5.462 2.246 3.470 5.887 6.057 5.704 5.127 4.594 4.138 4.013 3.382 3.238 2.605 2.132 1.797 1.735 1.569 1.638 1.772 1.987 2.293 2.645 2.837 6.017 4.112
3.259 2.990 2.432 2.013 1.897 1.916 1.924 1.781 1.674 1.625 1.555 1.430 1.263 1.126 1.089 1.036 0.972 0.901 0.868 0.864 0.848 0.803 0.750 0.719 0.689 0.660 0.611 0.624 0.653 0.693 0.734 0.706 0.701 0.695 0.701 0.714 0.656 0.568 0.590 1.729 4.987 7.126 8.691 12.096 6.418 5.787 10.875 6.493 6.740 8.207 5.006 6.763 9.101 6.665 5.085 2.731 3.450 3.711 3.505 3.138 2.534 2.146 1.742 1.396 1.062 0.895 0.766 0.734 0.834 0.951 1.118 1.228 1.423 1.724 2.285 4.082 4.387
4.774 4.264 3.736 3.196 2.961 2.728 2.565 2.258 2.041 1.862 1.805 1.764 1.714 1.642 1.672 1.547 1.406 1.233 1.130 1.111 1.130 1.058 1.050 0.964 0.923 0.888 0.838 0.858 0.864 0.862 0.867 0.856 0.851 0.775 0.806 0.854 0.840 0.656 0.459 1.092 4.031 6.234 8.608 28.773 8.467 5.784 7.279 5.998 5.606 6.851 6.048 5.607 10.346 18.594 7.988 3.993 3.262 3.189 3.259 2.889 2.416 2.230 1.483 1.168 0.810 0.681 0.676 0.560 0.536 0.553 0.559 0.598 0.717 0.903 1.284 2.591 3.530
6.393 5.958 5.461 5.088 4.650 4.136 3.694 3.306 2.861 2.478 2.273 2.065 1.939 1.829 1.713 1.536 1.354 1.203 1.082 0.960 0.912 0.905 0.935 0.894 0.907 0.834 0.796 0.750 0.767 0.711 0.700 0.700 0.667 0.667 0.698 0.671 0.650 0.535 0.365 0.415 2.121 4.722 9.818 65.694 227.457 9.646 7.448 6.824 6.375 13.027 74.677 -9999 -9999 -9999 9.022 6.155 4.958 3.548 4.986 2.183 1.553 1.251 0.924 0.670 0.524 0.438 0.385 0.315 0.265 0.230 0.267 0.281 0.303 0.369 0.531 0.831 2.005
6.825 6.571 6.476 6.412 5.875 5.466 4.951 4.533 4.097 3.705 3.331 2.953 2.767 2.421 2.062 1.741 1.515 1.402 1.234 1.047 0.892 0.792 0.743 0.667 0.631 0.554 0.496 0.457 0.469 0.446 0.447 0.430 0.371 0.387 0.354 0.309 0.377 0.405 0.283 0.128 1.200 6.328 7.124 14.838 29.852 86.617 8.206 10.306 8.610 14.166 -9999 -9999 345.760 164.355 7.170 4.833 4.985 5.690 6.904 1.811 1.166 0.805 0.668 0.560 0.464 0.367 0.313 0.271 0.246 0.252 0.277 0.280 0.243 0.217 0.224 0.289 0.557
6.512 6.306 6.299 6.384 6.060 5.798 5.549 5.207 4.822 4.405 4.081 3.587 3.213 2.841 2.425 2.132 1.863 1.689 1.437 1.184 1.024 0.851 0.753 0.649 0.524 0.432 0.306 0.278 0.274 0.261 0.257 0.238 0.195 0.174 0.155 0.161 0.190 0.247 0.197 0.097 0.463 2.568 6.338 8.625 12.334 22.836 183.873 33.443 89.863 149.900 -9999 -9999 137.081 10.622 6.520 4.488 4.586 6.579 2.466 1.588 1.089 0.844 0.700 0.611 0.512 0.436 0.396 0.324 0.282 0.274 0.285 0.305 0.354 0.277 0.245 0.203 0.351
5.644 5.593 5.681 5.690 5.432 5.381 5.349 5.227 5.076 4.834 4.515 4.217 3.620 3.100 2.680 2.464 2.367 2.146 1.924 1.688 1.527 1.365 1.190 1.148 1.095 0.759 0.515 0.376 0.277 0.286 0.278 0.223 0.177 0.136 0.135 0.137 0.147 0.159 0.192 0.124 0.123 0.677 2.556 6.589 7.023 8.883 10.583 9.495 8.633 7.463 8.450 9.336 8.227 7.521 4.790 4.224 6.124 2.711 2.383 1.719 1.255 1.080 0.850 0.790 0.504 0.407 0.319 0.280 0.237 0.221 0.214 0.253 0.310 0.434 0.514 0.343 0.521
4.148 4.305 4.561 4.684 4.844 4.952 4.903 4.779 4.768 4.805 4.654 4.499 4.091 3.712 3.253 2.964 2.808 2.618 2.343 2.081 1.766 1.606 1.258 1.019 0.891 0.661 0.471 0.363 0.295 0.267 0.251 0.244 0.215 0.191 0.186 0.182 0.182 0.188 0.213 0.168 0.125 0.094 0.573 1.219 2.480 6.316 8.002 5.581 5.573 5.858 7.006 6.341 5.938 5.282 4.647 4.469 5.236 2.644 2.452 1.895 1.264 0.980 0.724 0.534 0.393 0.343 0.299 0.260 0.233 0.213 0.209 0.215 0.235 0.246 0.355 0.238 0.289
3.733 3.817 4.026 4.296 4.528 4.526 4.607 4.625 4.585 4.670 4.666 4.661 4.346 4.121 3.737 3.594 3.418 3.057 2.780 2.510 2.198 1.824 1.467 1.222 1.070 0.899 0.640 0.502 0.411 0.362 0.316 0.290 0.272 0.252 0.235 0.227 0.240 0.240 0.239 0.202 0.137 0.131 0.142 0.096 0.769 1.569 2.794 3.404 3.705 4.561 5.561 5.449 4.935 4.642 4.528 4.428 4.505 2.988 2.850 2.092 1.538 1.062 0.736 0.495 0.390 0.345 0.310 0.275 0.236 0.217 0.212 0.215 0.221 0.216 0.220 0.165 0.443
3.902 3.973 3.973 4.047 4.245 4.374 4.278 4.471 4.560 4.581 4.563 4.735 4.908 4.844 4.743 4.629 4.353 3.823 3.436 3.083 2.791 2.399 1.954 1.665 1.432 1.340 1.074 0.826 0.659 0.567 0.492 0.429 0.380 0.333 0.296 0.277 0.267 0.262 0.239 0.219 0.164 0.126 0.107 0.054 0.310 1.235 2.641 2.154 3.143 4.352 4.778 4.195 4.499 4.906 4.781 4.552 3.354 3.568 3.725 2.983 2.321 1.771 1.268 0.932 0.661 0.543 0.449 0.373 0.301 0.254 0.233 0.229 0.227 0.216 0.198 0.152 0.158
3.943 4.135 4.161 4.117 4.264 4.430 4.398 4.443 4.459 4.500 4.446 4.667 4.961 5.174 5.125 5.057 4.860 4.471 4.037 3.658 3.362 3.077 2.733 2.401 2.158 2.009 1.716 1.426 1.172 0.985 0.803 0.674 0.588 0.507 0.400 0.350 0.333 0.306 0.268 0.234 0.211 0.155 0.133 0.051 0.342 1.866 2.289 2.170 3.151 4.910 4.946 4.627 4.498 5.506 5.936 4.491 3.902 4.706 4.331 3.785 3.214 2.755 2.186 1.829 1.428 1.075 0.828 0.638 0.498 0.392 0.320 0.272 0.241 0.218 0.199 0.177 0.142
3.791 3.981 4.150 4.249 4.374 4.537 4.456 4.481 4.432 4.393 4.395 4.604 4.754 4.989 5.099 5.231 5.053 4.857 4.615 4.370 4.053 3.690 3.405 3.082 2.949 2.791 2.471 2.058 1.785 1.624 1.384 1.171 1.022 0.845 0.646 0.524 0.449 0.398 0.322 0.282 0.243 0.207 0.167 0.104 0.433 2.009 2.024 2.467 3.432 4.796 5.527 5.356 5.219 3.913 3.796 4.101 4.300 4.849 4.597 4.304 3.926 3.475 3.014 2.659 2.334 1.876 1.604 1.181 0.845 0.664 0.491 0.385 0.326 0.264 0.235 0.208 0.198
3.406 3.488 3.694 4.065 4.324 4.373 4.349 4.292 4.227 4.191 4.226 4.389 4.574 4.745 4.822 5.061 5.006 4.900 4.833 4.935 4.582 4.182 3.896 3.646 3.514 3.432 3.236 2.871 2.484 2.253 1.996 1.781 1.593 1.379 1.069 0.842 0.679 0.583 0.468 0.391 0.330 0.270 0.214 0.242 0.555 1.088 1.773 2.419 3.265 4.825 5.334 4.972 4.997 4.018 4.171 4.228 4.200 4.460 4.435 4.317 4.228 4.270 3.814 3.466 3.231 2.795 2.255 1.831 1.381 1.070 0.809 0.611 0.502 0.403 0.341 0.306 0.307
3.015 2.937 3.116 3.455 3.651 3.866 4.065 4.072 4.016 3.989 3.854 4.080 4.147 4.427 4.524 4.669 4.664 4.708 4.778 4.905 4.768 4.506 4.373 4.231 4.100 3.853 3.665 3.463 3.179 2.898 2.614 2.395 2.137 1.882 1.593 1.336 1.088 0.931 0.771 0.633 0.491 0.407 0.308 0.694 0.567 1.358 1.994 2.614 3.201 3.804 4.284 4.518 4.527 4.717 4.740 4.498 4.433 4.602 4.557 4.405 4.303 4.223 3.965 3.602 3.493 3.196 2.872 2.732 2.151 1.929 1.471 1.174 0.963 0.774 0.706 0.590 0.574
2.924 2.847 2.857 2.959 3.224 3.504 3.649 3.739 3.866 3.787 3.815 3.886 3.940 4.046 4.075 4.265 4.335 4.487 4.555 4.515 4.586 4.551 4.425 4.300 4.156 3.963 3.872 3.685 3.477 3.190 2.865 2.784 2.598 2.375 2.105 1.866 1.598 1.397 1.189 0.955 0.752 0.586 0.579 1.671 1.126 1.675 2.122 2.415 3.152 3.516 3.859 3.846 4.356 5.046 5.265 5.250 4.992 5.029 4.833 4.773 4.654 4.545 4.384 4.033 3.896 3.526 3.195 2.852 2.757 2.435 2.282 1.923 1.671 1.415 1.205 1.043 0.920
2.615 2.590 2.534 2.600 2.800 3.048 3.223 3.301 3.283 3.327 3.456 3.512 3.489 3.621 3.754 3.766 3.963 4.065 4.119 4.074 4.113 4.132 4.047 4.019 3.931 3.824 3.850 3.826 3.638 3.375 3.090 2.958 2.762 2.648 2.458 2.224 1.943 1.740 1.539 1.342 1.122 0.891 3.259 2.669 1.307 1.467 2.037 2.373 2.547 2.700 3.432 3.640 4.042 4.679 5.127 5.460 5.175 5.211 4.937 4.821 4.766 4.634 4.605 4.407 4.211 3.988 3.608 3.299 3.239 2.990 2.987 2.724 2.502 2.132 1.957 1.741 1.623
2.610 2.564 2.400 2.385 2.640 2.898 3.015 3.109 3.193 3.095 3.158 3.153 3.107 3.200 3.269 3.450 3.654 3.747 3.751 3.730 3.882 3.797 3.687 3.712 3.785 3.751 3.754 3.677 3.603 3.421 3.329 3.293 3.066 2.973 2.807 2.606 2.346 2.130 1.936 1.771 1.590 1.251 4.017 3.041 1.168 1.030 1.315 2.063 2.243 2.941 3.142 3.303 3.859 4.372 4.773 5.012 4.817 4.842 4.739 4.687 4.618 4.590 4.634 4.667 4.577 4.255 3.952 3.863 3.601 3.499 3.438 3.393 3.206 2.893 2.701 2.486 2.393
2.436 2.477 2.496 2.314 2.405 2.587 2.672 2.769 2.687 2.690 2.643 2.670 2.824 2.927 2.919 2.903 2.912 3.151 3.277 3.390 3.513 3.589 3.652 3.659 3.492 3.523 3.389 3.574 3.501 3.471 3.332 3.392 3.263 3.202 2.949 2.932 2.685 2.512 2.348 2.301 2.102 2.408 5.026 3.576 1.035 0.822 0.993 1.588 2.070 2.307 2.835 3.192 3.400 3.324 3.487 3.788 3.743 3.799 4.012 4.133 4.158 4.329 4.075 4.011 3.905 3.976 3.875 3.737 3.601 3.488 3.470 3.431 3.368 3.258 3.021 2.960 2.786
2.372 2.198 2.379 2.349 2.319 2.290 2.364 2.392 2.349 2.346 2.336 2.403 2.435 2.602 2.545 2.480 2.531 2.663 2.705 2.806 2.858 2.900 3.039 3.055 2.945 3.010 2.952 3.007 2.936 3.086 2.973 3.061 2.976 2.971 2.929 2.814 2.738 2.673 2.478 2.519 2.471 2.846 6.190 4.395 0.859 0.807 1.356 1.976 2.042 2.404 2.765 2.933 2.913 2.888 2.933 3.058 2.988 3.187 3.336 3.588 3.610 3.764 3.641 3.584 3.517 3.537 3.580 3.486 3.399 3.370 3.209 3.286 3.337 3.324 3.056 3.189 3.051
2.210 2.320 2.254 2.257 2.233 2.240 2.178 2.237 2.198 2.223 2.179 2.182 2.242 2.288 2.333 2.379 2.396 2.488 2.520 2.488 2.554 2.595 2.601 2.642 2.618 2.631 2.615 2.671 2.644 2.714 2.720 2.774 2.789 2.844 2.689 2.761 2.604 2.731 2.676 2.732 2.829 3.245 4.407 1.591 0.933 0.830 2.038 2.060 2.019 2.249 2.514 2.792 2.883 2.860 2.857 2.984 3.062 3.071 3.191 3.171 3.098 3.096 3.053 3.148 3.196 3.168 3.093 3.062 3.088 2.995 3.024 3.051 3.130 3.151 3.098 3.175 3.133
2.037 2.196 2.210 2.207 2.232 2.196 2.143 2.181 2.190 2.253 2.139 2.187 2.222 2.171 2.237 2.295 2.309 2.338 2.288 2.315 2.331 2.347 2.288 2.358 2.387 2.420 2.418 2.420 2.427 2.467 2.537 2.534 2.524 2.625 2.566 2.543 2.519 2.630 2.694 2.797 3.038 2.837 2.531 1.251 0.961 0.952 2.231 2.208 2.127 2.189 2.367 2.611 2.753 2.744 2.700 2.772 2.828 2.806 2.828 2.853 2.815 2.860 2.875 2.865 2.774 2.818 2.900 2.835 2.795 2.766 2.786 2.808 2.788 2.861 2.856 2.878 2.812
2.097 2.101 2.119 2.135 2.085 2.137 2.143 2.163 2.170 2.251 2.263 2.284 2.252 2.262 2.260 2.252 2.297 2.332 2.317 2.311 2.300 2.291 2.218 2.255 2.279 2.344 2.324 2.369 2.359 2.396 2.405 2.456 2.447 2.504 2.535 2.574 2.569 2.601 2.639 2.788 3.030 4.004 4.237 1.358 0.988 2.500 2.615 2.480 2.150 2.461 2.417 2.509 2.599 2.487 2.473 2.494 2.562 2.582 2.626 2.686 2.731 2.744 2.706 2.707 2.725 2.749 2.702 2.682 2.626 2.665 2.633 2.676 2.669 2.674 2.713 2.744 2.722
2.278 2.316 2.243 2.253 2.227 2.251 2.249 2.330 2.330 2.357 2.393 2.444 2.415 2.441 2.432 2.455 2.431 2.461 2.443 2.469 2.446 2.466 2.366 2.380 2.352 2.381 2.388 2.478 2.469 2.518 2.491 2.498 2.505 2.574 2.579 2.629 2.645 2.644 2.684 2.759 2.971 3.314 5.507 2.483 1.412 2.288 3.033 2.959 2.759 2.706 2.628 2.656 2.655 2.642 2.622 2.588 2.629 2.839 2.749 2.754 2.708 2.730 2.732 2.792 2.811 2.806 2.790 2.747 2.670 2.627 2.623 2.624 2.572 2.563 2.618 2.701 2.693
2.597 2.639 2.532 2.513 2.462 2.493 2.543 2.632 2.607 2.608 2.613 2.626 2.600 2.602 2.631 2.675 2.703 2.695 2.712 2.701 2.672 2.704 2.638 2.605 2.571 2.615 2.576 2.622 2.656 2.696 2.685 2.726 2.728 2.751 2.768 2.794 2.784 2.800 2.740 2.828 2.890 3.084 3.257 2.654 2.490 2.992 3.500 3.264 3.008 2.922 2.836 2.836 2.811 2.842 2.833 2.827 2.823 2.846 2.884 2.902 2.819 2.800 2.831 2.841 2.817 2.819 2.788 2.728 2.728 2.748 2.716 2.671 2.636 2.631 2.678 2.679 2.718
2.723 2.833 2.767 2.712 2.629 2.649 2.657 2.715 2.667 2.640 2.609 2.612 2.586 2.575 2.603 2.682 2.702 2.727 2.729 2.724 2.685 2.673 2.629 2.593 2.557 2.588 2.563 2.571 2.589 2.657 2.661 2.698 2.686 2.700 2.702 2.706 2.669 2.683 2.662 2.684 2.706 2.829 2.867 2.922 2.883 3.012 3.010 2.983 2.870 2.866 2.780 2.768 2.710 2.720 2.657 2.646 2.582 2.548 2.522 2.513 2.448 2.491 2.545 2.534 2.466 2.450 2.399 2.415 2.396 2.432 2.415 2.385 2.333 2.376 2.400 2.415 2.413
2.342 2.460 2.473 2.437 2.364 2.357 2.316 2.290 2.234 2.229 2.192 2.201 2.175 2.166 2.139 2.195 2.258 2.283 2.312 2.288 2.258 2.227 2.210 2.208 2.201 2.219 2.223 2.200 2.206 2.245 2.236 2.249 2.233 2.236 2.214 2.219 2.200 2.249 2.275 2.283 2.327 2.411 2.466 2.517 2.494 2.537 2.503 2.487 2.427 2.453 2.405 2.324 2.163 2.120 2.034 1.950 1.867 1.856 1.825 1.824 1.834 1.895 1.895 1.895 1.861 1.859 1.835 1.867 1.854 1.867 1.899 1.892 1.836 1.843 1.880 1.898 1.900
1.779 1.817 1.819 1.800 1.760 1.753 1.736 1.688 1.665 1.666 1.640 1.669 1.657 1.645 1.633 1.637 1.664 1.698 1.752 1.768 1.756 1.753 1.745 1.766 1.794 1.804 1.803 1.789 1.808 1.823 1.792 1.787 1.768 1.750 1.742 1.761 1.778 1.829 1.880 1.933 1.994 2.062 2.133 2.190 2.173 2.224 2.292 2.439 2.531 2.569 2.106 1.811 1.605 1.519 1.397 1.355 1.303 1.283 1.270 1.302 1.322 1.359 1.354 1.360 1.326 1.322 1.298 1.288 1.272 1.290 1.352 1.376 1.349 1.353 1.337 1.363 1.379
1.261 1.238 1.259 1.258 1.259 1.241 1.248 1.278 1.276 1.263 1.251 1.244 1.274 1.288 1.312 1.325 1.348 1.359 1.386 1.379 1.392 1.386 1.417 1.444 1.493 1.528 1.559 1.560 1.595 1.625 1.625 1.624 1.637 1.620 1.640 1.655 1.678 1.739 1.789 1.799 1.831 1.899 1.949 1.979 1.940 2.197 2.517 2.581 2.364 2.043 1.709 1.529 1.339 1.254 1.159 1.121 1.072 1.070 1.057 1.082 1.062 1.087 1.083 1.092 1.063 1.031 1.014 0.987 0.961 0.954 0.990 1.008 1.022 1.026 1.034 1.059 1.071
1.126 1.120 1.137 1.161 1.151 1.151 1.175 1.205 1.229 1.224 1.219 1.197 1.203 1.211 1.236 1.249 1.262 1.263 1.276 1.290 1.335 1.328 1.335 1.350 1.370 1.410 1.441 1.453 1.486 1.507 1.539 1.535 1.565 1.576 1.602 1.641 1.669 1.730 1.756 1.781 1.823 1.889 2.000 2.102 2.138 2.364 2.438 2.300 2.107 1.865 1.668 1.512 1.324 1.218 1.096 1.049 1.002 0.993 0.956 0.947 0.925 0.933 0.907 0.907 0.885 0.879 0.853 0.842 0.821 0.804 0.774 0.776 0.777 0.810 0.824 0.819 0.808
0.917 0.888 0.918 0.927 0.965 0.976 1.010 1.041 1.085 1.106 1.110 1.110 1.117 1.101 1.117 1.120 1.130 1.126 1.111 1.108 1.055 1.048 1.064 1.067 1.147 1.173 1.244 1.255 1.287 1.265 1.280 1.321 1.357 1.328 1.286 1.319 1.322 1.364 1.415 1.451 1.519 1.703 1.920 2.081 1.833 1.897 1.936 2.010 1.880 1.643 1.573 1.459 1.276 1.176 1.023 0.936 0.852 0.828 0.760 0.743 0.710 0.716 0.693 0.680 0.641 0.685 0.726 0.765 0.752 0.688 0.593 0.528 0.418 0.449 0.443 0.450 0.427
0.779 0.763 0.767 0.788 0.843 0.878 0.933 0.971 1.040 1.081 1.118 1.141 1.123 1.130 1.161 1.143 1.173 1.173 1.134 1.166 1.164 1.173 1.150 1.109 1.183 1.184 1.289 1.282 1.286 1.286 1.389 1.498 1.537 1.510 1.459 1.435 1.286 1.258 1.265 1.298 1.361 1.405 1.421 1.468 1.428 1.514 1.590 1.632 1.539 1.408 1.402 1.327 1.184 1.120 0.982 0.900 0.797 0.748 0.672 0.652 0.603 0.626 0.599 0.610 0.571 0.649 0.617 0.603 0.520 0.598 0.540 0.533 0.415 0.510 0.498 0.585 0.512
0.591 0.603 0.637 0.682 0.772 0.841 0.926 0.975 1.064 1.171 1.300 1.427 1.558 1.680 1.685 1.765 1.587 1.611 1.454 1.333 1.144 1.109 1.036 1.008 1.107 1.149 1.258 1.239 1.211 1.191 1.162 1.166 1.151 1.184 1.164 1.160 1.088 1.070 1.088 1.102 1.126 1.139 1.127 1.130 1.065 1.025 1.010 0.972 1.073 1.074 1.082 1.042 0.968 0.915 0.835 0.792 0.694 0.677 0.615 0.621 0.570 0.593 0.538 0.537 0.413 0.415 0.313 0.327 0.271 0.300 0.227 0.220 0.174 0.175 0.148 0.164 0.145
0.447 0.486 0.554 0.612 0.719 0.784 0.901 0.968 1.038 1.179 1.291 1.324 1.342 1.365 1.342 1.302 1.200 1.115 1.004 0.962 0.871 0.843 0.740 0.720 0.712 0.706 0.731 0.723 0.719 0.717 0.709 0.701 0.669 0.682 0.653 0.654 0.655 0.631 0.642 0.600 0.619 0.603 0.602 0.587 0.602 0.580 0.601 0.580 0.618 0.629 0.643 0.678 0.653 0.621 0.603 0.583 0.555 0.592 0.581 0.586 0.513 0.500 0.416 0.398 0.264 0.250 0.180 0.172 0.132 0.125 0.098 0.099 0.086 0.087 0.078 0.079 0.073
