data-raw/precipfiles/13_grid_data_13000BP.asc
ncols 144
nrows 72
xllcorner -180
yllcorner -90
cellsize 2.5
nodata_value -9999
[rows 0 to 33 of 72, columns 0 to 76 of 144]
0.382 0.387 0.399 0.387 0.365 0.381 0.380 0.387 0.407 0.421 0.394 0.402 0.411 0.419 0.402 0.402 0.420 0.420 0.421 0.413 0.401 0.417 0.413 0.434 0.417 0.415 0.423 0.408 0.415 0.422 0.423 0.414 0.407 0.410 0.430 0.433 0.416 0.431 0.437 0.445 0.460 0.493 0.474 0.476 0.491 0.477 0.492 0.474 0.451 0.465 0.458 0.460 0.478 0.478 0.474 0.465 0.453 0.473 0.460 0.446 0.451 0.455 0.450 0.476 0.477 0.483 0.502 0.476 0.469 0.462 0.470 0.465 0.466 0.457 0.412 0.418 0.409
0.406 0.396 0.402 0.394 0.387 0.378 0.385 0.387 0.384 0.384 0.380 0.375 0.377 0.383 0.383 0.384 0.383 0.388 0.390 0.388 0.392 0.396 0.396 0.408 0.399 0.403 0.389 0.402 0.391 0.397 0.400 0.395 0.387 0.384 0.369 0.376 0.365 0.367 0.376 0.392 0.367 0.371 0.363 0.359 0.366 0.363 0.358 0.353 0.363 0.349 0.346 0.344 0.337 0.340 0.334 0.341 0.329 0.355 0.350 0.337 0.340 0.340 0.346 0.347 0.347 0.359 0.362 0.367 0.370 0.380 0.385 0.378 0.372 0.383 0.388 0.389 0.389
0.392 0.394 0.395 0.379 0.380 0.379 0.374 0.364 0.354 0.354 0.356 0.350 0.355 0.354 0.349 0.353 0.356 0.358 0.359 0.361 0.369 0.364 0.363 0.370 0.366 0.370 0.372 0.376 0.383 0.383 0.375 0.363 0.352 0.347 0.338 0.343 0.348 0.351 0.374 0.379 0.375 0.370 0.375 0.368 0.368 0.372 0.359 0.346 0.304 0.290 0.274 0.282 0.269 0.267 0.282 0.271 0.284 0.302 0.336 0.356 0.360 0.349 0.345 0.316 0.328 0.329 0.362 0.367 0.377 0.382 0.382 0.388 0.398 0.403 0.406 0.417 0.426
0.445 0.443 0.442 0.433 0.429 0.433 0.423 0.412 0.406 0.394 0.397 0.386 0.373 0.371 0.364 0.354 0.359 0.363 0.355 0.361 0.360 0.365 0.363 0.376 0.367 0.390 0.386 0.388 0.395 0.409 0.393 0.403 0.385 0.406 0.434 0.370 0.352 0.343 0.339 0.338 0.313 0.324 0.436 0.393 0.285 0.280 0.293 0.320 0.274 0.251 0.227 0.234 0.226 0.205 0.198 0.182 0.200 0.221 0.266 0.284 0.292 0.311 0.350 0.303 0.401 0.561 0.454 0.406 0.423 0.419 0.422 0.451 0.516 0.576 0.671 0.696 0.688
0.482 0.478 0.488 0.482 0.473 0.475 0.456 0.448 0.430 0.424 0.411 0.399 0.383 0.382 0.367 0.356 0.351 0.349 0.344 0.347 0.341 0.343 0.347 0.350 0.361 0.360 0.384 0.410 0.385 0.396 0.391 0.400 0.389 0.423 0.325 0.335 0.318 0.295 0.321 0.336 0.327 0.324 0.327 0.315 0.306 0.294 0.254 0.238 0.204 0.222 0.183 0.227 0.189 0.180 0.148 0.134 0.139 0.133 0.152 0.151 0.177 0.204 0.270 0.342 0.401 0.311 0.374 0.409 0.452 0.481 0.529 0.608 0.694 0.816 0.938 1.015 1.321
0.497 0.498 0.505 0.505 0.505 0.504 0.496 0.490 0.485 0.469 0.452 0.437 0.416 0.406 0.387 0.368 0.349 0.343 0.330 0.331 0.328 0.334 0.350 0.394 0.352 0.449 0.507 0.495 0.450 0.311 0.376 0.392 0.278 0.303 0.330 0.342 0.339 0.354 0.362 0.345 0.351 0.463 0.464 0.431 0.318 0.289 0.270 0.250 0.235 0.222 0.269 0.255 0.241 0.214 0.172 0.158 0.133 0.119 0.108 0.113 0.150 0.174 0.258 0.336 0.482 0.436 0.545 0.557 0.628 0.688 0.794 0.849 0.885 0.939 0.985 1.040 1.067
0.604 0.630 0.639 0.638 0.616 0.600 0.564 0.539 0.542 0.531 0.507 0.493 0.480 0.473 0.446 0.422 0.399 0.383 0.364 0.350 0.347 0.349 0.457 0.308 0.331 0.368 0.384 0.391 0.346 0.333 0.474 0.488 0.340 0.367 0.362 0.383 0.380 0.364 0.361 0.335 0.343 0.423 0.430 0.417 0.415 0.432 0.446 0.492 0.521 0.346 0.274 0.374 0.324 0.307 0.232 0.219 0.160 0.156 0.152 0.174 0.327 0.244 0.378 0.439 0.640 0.686 0.861 0.902 1.033 1.061 1.080 1.063 1.041 1.043 1.049 1.091 1.091
0.875 0.649 0.897 0.930 0.934 0.883 0.752 0.698 0.484 0.452 0.437 0.414 0.376 0.544 0.549 0.588 0.573 0.554 0.490 0.365 0.352 0.300 0.353 0.411 0.439 0.526 0.491 0.477 0.446 0.410 0.376 0.502 0.528 0.405 0.394 0.357 0.390 0.403 0.374 0.348 0.316 0.323 0.325 0.334 0.413 0.450 0.537 0.610 0.675 0.655 0.463 0.396 0.440 0.460 0.401 0.368 0.280 0.277 0.314 0.351 0.529 0.574 0.791 0.719 1.105 1.159 1.332 1.411 1.498 1.490 1.429 1.382 1.296 1.266 1.233 1.259 1.241
1.982 1.407 1.373 1.500 1.587 1.367 1.182 1.045 1.003 0.891 0.778 0.750 0.692 0.649 0.634 0.665 0.665 0.610 0.481 0.452 0.397 0.445 0.471 0.512 0.629 0.700 0.567 0.528 0.474 0.443 0.461 0.376 0.359 0.366 0.368 0.398 0.434 0.368 0.376 0.360 0.345 0.348 0.354 0.332 0.405 0.466 0.633 0.989 1.123 1.110 0.737 0.582 0.522 0.623 0.602 0.871 1.133 1.332 1.644 1.807 1.624 1.503 1.676 2.138 2.083 2.100 2.178 2.323 2.340 2.312 2.147 2.029 1.922 1.864 1.781 1.764 1.605
2.418 1.895 1.916 1.691 1.490 1.691 1.401 1.289 1.196 1.080 1.111 0.990 0.905 0.775 0.756 0.779 0.816 0.890 0.777 0.640 0.650 0.731 0.724 0.728 0.792 0.876 0.913 0.931 0.774 0.643 0.540 0.487 0.433 0.417 0.398 0.424 0.422 0.414 0.405 0.543 0.615 0.548 0.432 0.389 0.454 0.589 1.125 1.189 1.453 1.446 0.927 0.757 0.660 0.845 1.144 1.663 2.387 2.150 2.144 2.320 2.518 2.635 2.669 1.810 1.475 1.725 2.844 2.911 2.709 2.562 2.350 2.250 2.248 2.306 2.127 2.026 3.884
1.751 2.058 2.198 1.582 1.567 1.439 1.557 1.329 1.254 1.212 1.340 1.547 1.306 1.450 1.269 1.005 0.961 0.971 1.065 0.893 1.032 1.000 1.020 1.084 1.069 1.103 1.167 1.117 1.001 0.871 0.744 0.623 0.513 0.476 0.443 0.416 0.380 0.596 0.498 0.672 0.763 0.648 0.543 0.598 0.677 0.877 1.162 1.414 1.762 1.908 1.672 1.608 1.658 1.796 2.380 3.134 2.585 2.720 2.761 2.645 2.620 2.796 3.102 3.109 3.781 3.903 3.564 3.098 2.917 2.819 2.615 2.626 2.739 2.856 4.756 3.719 3.289
2.166 2.177 2.111 2.023 2.025 1.800 1.597 1.494 1.341 1.698 2.148 2.355 3.960 3.926 3.651 3.836 2.062 0.994 0.880 1.149 1.400 1.368 1.082 1.404 1.378 1.451 1.464 1.457 1.369 1.173 0.941 0.756 0.618 0.540 0.551 0.583 0.663 0.705 0.663 0.679 0.736 0.668 0.715 0.753 0.764 0.938 1.368 1.661 2.032 2.120 2.161 1.908 2.314 2.315 3.546 3.006 3.323 3.232 3.081 2.811 2.663 2.584 2.625 2.612 2.604 2.641 2.692 2.736 2.632 4.847 2.406 2.560 2.738 5.384 5.407 2.145 2.122
2.257 2.314 2.327 2.254 2.281 2.110 1.937 1.948 1.967 2.027 3.573 3.044 4.759 5.740 4.111 8.312 7.607 4.475 3.366 1.370 1.283 1.301 1.324 1.428 1.656 1.728 1.733 1.668 1.648 1.517 1.392 1.003 0.804 0.728 0.721 0.795 0.809 0.833 0.828 0.879 0.827 0.708 0.718 0.795 0.964 1.229 1.688 1.899 2.148 2.432 2.896 3.053 3.195 3.346 4.158 3.826 3.886 3.683 3.543 3.199 3.006 2.858 2.796 2.785 2.817 2.784 2.723 2.660 2.536 3.878 2.837 2.193 2.586 2.766 5.477 3.384 2.715
2.354 2.371 2.448 2.454 2.514 2.610 2.938 2.692 1.989 2.107 3.603 3.205 2.814 2.945 3.038 3.168 3.189 6.500 6.901 4.620 2.503 1.319 1.317 1.258 1.361 1.592 1.743 1.865 1.786 1.797 1.676 1.268 1.091 0.963 0.859 0.907 1.072 1.083 0.979 1.061 1.172 1.015 0.958 1.019 1.158 1.308 1.654 2.361 2.461 2.428 3.048 3.287 3.666 3.653 3.836 3.911 3.891 3.873 3.740 3.496 3.254 3.075 2.922 2.881 2.840 2.845 2.735 2.698 3.713 4.831 3.284 2.231 2.431 2.612 2.334 3.047 2.253
2.397 2.402 2.474 2.528 2.899 3.371 2.656 2.652 2.573 2.558 2.590 2.679 2.780 2.841 2.951 3.025 3.167 3.355 4.831 6.472 5.782 1.798 1.077 1.570 1.333 1.490 1.577 1.578 1.674 1.851 1.746 1.500 1.269 1.124 1.214 1.199 1.218 1.096 1.124 1.604 1.412 1.241 1.306 1.295 1.349 1.587 1.771 2.188 2.539 2.587 2.655 2.965 3.287 3.297 3.419 3.416 3.436 3.457 3.333 3.276 3.109 3.073 2.990 2.934 2.911 2.958 2.793 2.956 3.412 2.780 3.399 2.618 1.983 2.446 2.526 2.692 2.067
2.599 3.414 2.840 2.674 2.660 2.684 2.634 2.691 2.712 2.784 2.808 2.842 2.863 2.923 3.035 3.049 3.157 3.315 3.444 6.555 7.791 4.403 1.832 1.053 1.819 1.367 1.127 1.008 1.046 1.211 1.384 1.529 1.437 1.415 1.682 1.939 1.845 1.725 1.723 1.651 1.707 1.698 1.686 1.842 1.921 2.144 2.117 2.405 3.030 2.740 2.622 2.785 2.994 3.048 3.229 3.321 3.369 3.308 3.287 3.210 3.081 3.052 3.036 3.013 2.927 2.919 2.796 5.783 4.039 3.028 3.584 2.268 2.087 2.381 2.524 2.781 2.148
2.896 2.971 2.985 3.005 2.954 2.906 2.918 2.967 3.005 3.147 3.153 3.180 3.213 3.286 3.211 3.136 3.181 3.263 3.287 3.436 3.498 7.828 4.934 3.081 1.145 1.620 1.612 1.060 1.137 1.008 1.039 1.218 1.336 1.490 1.896 2.175 2.283 2.158 2.088 2.153 2.274 2.326 2.169 2.337 2.212 2.506 2.564 2.909 3.597 3.281 3.332 2.799 2.911 3.066 3.216 3.743 3.743 3.568 3.350 3.376 3.289 3.227 3.151 3.155 3.050 2.882 2.759 2.767 2.559 2.613 3.035 2.565 2.169 2.224 2.846 2.734 2.683
3.328 3.382 3.371 3.374 3.343 3.302 3.358 3.308 3.350 3.569 3.598 3.687 3.638 3.641 3.558 3.451 3.301 3.235 3.234 3.304 3.247 3.047 5.173 2.895 1.195 2.270 1.589 1.585 1.424 1.111 1.151 1.223 1.321 1.601 2.011 2.370 2.469 2.376 2.525 2.448 2.663 2.520 2.632 2.899 2.751 2.816 3.253 4.116 3.550 4.525 4.050 3.208 3.183 3.402 3.737 4.089 3.908 3.630 3.419 3.337 3.251 3.195 3.076 2.941 2.801 2.660 2.643 2.633 2.591 2.481 2.084 2.528 2.618 2.403 3.296 3.517 2.831
3.819 3.794 3.969 3.923 4.006 3.838 3.815 3.872 3.817 3.957 4.098 3.907 3.732 3.768 3.629 3.585 3.423 3.145 3.110 2.974 2.885 3.032 5.091 2.497 1.390 1.757 1.239 1.701 0.996 1.205 1.385 1.408 1.515 1.768 1.979 2.284 2.379 2.452 2.233 2.586 2.614 2.918 3.098 3.260 3.606 3.640 3.869 4.053 4.265 4.198 3.951 3.796 3.747 4.380 4.852 4.377 3.954 3.738 3.611 3.528 3.223 3.057 2.722 2.723 2.651 2.612 2.646 2.584 4.957 3.680 3.274 3.683 2.686 2.874 2.527 2.563 2.429
4.367 4.452 4.614 4.534 4.454 4.277 4.327 4.315 4.360 4.388 4.141 4.019 3.924 3.866 3.671 3.655 3.434 3.416 3.133 2.961 2.936 3.030 5.212 2.727 1.132 1.425 1.312 1.547 0.977 1.358 1.494 1.757 1.993 2.138 2.395 2.542 2.659 2.658 2.525 2.824 3.228 3.205 3.626 3.734 4.097 4.383 4.960 5.721 5.872 5.986 5.428 5.057 4.741 4.851 4.530 4.120 3.940 3.773 3.606 3.264 2.899 2.654 2.607 2.550 2.431 2.477 2.556 2.553 5.152 2.821 2.039 1.641 1.901 2.404 2.155 2.538 2.603
5.093 4.888 4.632 4.440 4.481 4.415 4.313 4.330 4.279 4.087 3.945 3.874 3.952 3.802 3.674 3.503 3.205 2.870 2.701 2.579 2.470 2.114 5.164 3.946 1.556 1.939 -9999 1.200 1.296 1.539 1.498 1.867 2.237 2.802 3.162 3.136 3.273 3.378 3.163 3.273 3.198 3.445 3.618 5.320 6.462 6.730 6.598 6.577 6.189 5.559 5.054 4.474 4.428 4.114 3.846 3.655 3.405 3.075 2.802 2.603 2.419 2.350 2.268 2.205 2.149 2.039 2.134 2.510 3.323 2.868 2.470 1.785 2.277 2.102 1.363 2.292 1.619
4.902 4.741 4.563 4.361 4.384 4.269 4.106 4.104 4.034 3.930 3.967 3.999 3.842 3.600 3.299 3.039 2.794 2.509 2.319 2.110 1.956 1.644 1.233 2.226 2.072 -9999 3.867 1.368 1.115 1.514 1.550 1.875 2.760 3.379 3.626 3.755 4.031 4.120 3.994 3.609 3.442 3.645 4.637 6.094 6.077 5.775 5.467 5.344 5.047 4.616 4.253 3.922 3.746 3.446 3.285 3.081 2.945 2.840 2.472 2.285 2.170 2.131 2.104 1.949 1.907 1.923 2.004 2.190 3.800 2.994 2.420 1.524 1.829 2.030 2.285 2.081 1.423
4.259 4.230 4.200 4.025 4.002 3.919 3.775 3.755 3.675 3.718 3.739 3.655 3.659 3.293 2.950 2.550 2.310 2.084 1.834 1.620 1.476 1.351 1.124 2.386 2.285 1.429 2.785 2.322 1.940 1.556 1.481 1.845 2.284 3.345 3.982 4.174 4.297 4.097 3.791 3.515 3.640 4.154 5.303 5.155 4.787 4.613 4.439 4.247 4.020 3.771 3.480 3.057 3.104 2.935 2.744 2.566 2.376 2.328 2.127 2.019 1.914 1.948 1.775 1.628 1.605 1.670 1.785 1.883 2.211 2.612 1.809 1.062 0.879 0.932 0.800 1.063 1.165
3.444 3.473 3.574 3.503 3.445 3.241 3.132 3.158 3.146 3.234 3.143 2.995 2.845 2.668 2.420 2.055 1.744 1.512 1.317 1.142 1.002 0.951 0.875 0.803 0.557 1.057 0.684 3.248 2.517 2.689 1.272 1.576 2.039 2.807 4.080 4.140 4.078 3.766 3.445 3.420 3.613 4.430 4.046 3.845 3.820 3.894 3.828 3.739 3.659 3.428 3.113 2.788 2.507 2.363 2.266 2.209 2.166 2.131 1.971 1.803 1.682 1.616 1.364 1.194 1.079 1.114 1.225 1.160 1.771 1.718 -9999 0.784 0.502 0.298 0.229 0.289 0.551
2.580 2.662 2.785 2.661 2.548 2.441 2.426 2.303 2.383 2.527 2.473 2.448 2.313 2.055 1.842 1.618 1.440 1.224 1.019 0.825 0.742 0.677 0.674 0.554 0.410 0.492 0.515 1.256 3.152 2.748 1.024 1.236 2.095 3.201 4.157 3.875 3.467 3.074 3.826 3.695 2.995 3.497 3.420 3.442 3.528 3.528 3.399 3.336 3.258 3.001 2.555 2.130 2.106 2.051 2.093 2.076 1.902 1.813 1.641 1.497 1.262 1.057 0.848 0.751 1.120 1.215 0.613 0.847 0.722 0.630 0.529 0.284 0.178 0.259 0.227 0.141 0.162
2.170 2.220 2.305 2.257 2.197 1.970 1.865 1.790 1.931 1.986 1.966 1.917 1.882 1.570 1.440 1.300 1.201 1.042 0.883 0.749 0.680 0.619 0.593 0.501 0.415 0.314 0.308 0.555 2.449 5.899 1.273 1.025 1.799 2.476 2.738 2.516 2.329 2.237 2.895 3.959 3.222 2.899 2.778 3.145 3.400 3.534 3.332 3.162 2.941 2.586 2.261 2.010 1.903 2.015 1.960 1.892 1.696 1.599 1.301 1.092 0.864 0.666 0.518 0.424 0.440 0.417 0.413 -9999 -9999 -9999 -9999 -9999 0.146 0.376 0.977 -9999 -9999
1.863 1.824 1.854 1.819 1.814 1.626 1.551 1.423 1.483 1.546 1.517 1.457 1.344 1.133 1.103 1.058 1.007 0.887 0.823 0.800 0.791 0.724 0.659 0.568 0.564 0.501 0.468 0.749 1.556 4.507 2.648 1.334 2.360 2.461 2.405 2.045 1.691 1.871 3.238 4.027 3.321 2.002 2.208 2.750 3.196 3.348 3.430 3.197 2.922 2.580 2.267 1.939 1.778 1.725 1.616 1.452 1.242 1.078 0.897 0.746 0.594 0.474 0.382 0.343 0.420 0.292 0.417 -9999 -9999 -9999 -9999 -9999 0.163 -9999 -9999 -9999 -9999
1.615 1.571 1.533 1.509 1.495 1.534 1.514 1.410 1.316 1.198 1.294 1.137 1.013 0.972 0.928 0.922 0.936 0.873 0.863 0.876 0.895 0.878 0.802 0.721 0.739 0.795 0.905 0.975 1.234 4.468 3.850 2.294 4.224 5.097 2.414 2.605 2.974 3.133 3.682 3.601 4.049 4.078 3.460 2.632 3.222 3.451 3.398 2.893 2.570 2.099 1.752 1.485 1.425 1.281 1.154 1.029 0.924 0.795 0.666 0.532 0.446 0.376 0.393 0.404 0.577 0.326 0.422 -9999 -9999 -9999 -9999 -9999 -9999 -9999 -9999 -9999 -9999
1.356 1.395 1.301 1.245 1.195 1.224 1.337 1.287 1.277 4.821 1.098 1.011 0.974 1.011 0.970 0.970 0.968 0.928 0.956 0.971 1.004 1.095 1.167 1.146 1.272 1.469 1.833 2.080 1.992 2.576 2.639 2.913 3.074 7.526 8.458 5.603 4.845 3.375 2.840 2.768 5.386 5.515 4.359 6.069 8.143 8.645 3.217 2.580 2.302 1.861 1.482 1.262 1.262 1.171 1.061 0.949 0.829 0.740 0.634 0.527 0.451 0.406 0.414 0.440 0.645 0.312 0.241 0.315 0.282 -9999 -9999 -9999 -9999 -9999 -9999 -9999 -9999
1.174 1.184 1.050 0.980 0.932 0.959 1.008 1.069 1.065 0.985 0.974 0.953 0.903 1.008 1.039 1.130 1.176 1.158 1.211 1.296 1.424 1.633 1.775 1.994 2.424 2.848 3.096 3.398 3.409 3.096 3.047 2.461 4.374 3.832 4.906 8.188 9.325 8.627 11.802 4.360 3.769 3.274 2.878 2.554 2.942 2.750 2.458 5.793 2.063 1.818 1.588 1.442 1.396 1.413 1.355 1.170 1.038 1.004 0.904 0.819 0.764 0.669 0.703 0.719 1.069 0.604 -9999 -9999 -9999 -9999 -9999 -9999 -9999 -9999 -9999 -9999 -9999
1.312 1.297 1.199 1.134 1.101 1.178 1.236 1.241 1.317 1.325 1.234 1.247 1.266 1.382 1.573 1.710 1.968 2.134 2.385 2.686 3.015 3.435 3.987 4.528 5.166 5.450 5.643 5.828 5.732 5.174 4.752 4.695 4.758 4.376 5.137 6.997 6.515 6.227 11.102 6.126 4.063 2.794 1.990 1.563 1.606 1.806 2.043 2.492 2.618 2.681 2.316 2.140 2.274 2.288 2.187 2.046 1.847 1.761 1.711 1.740 1.617 1.435 1.418 1.310 1.272 1.449 -9999 -9999 -9999 -9999 -9999 -9999 -9999 -9999 -9999 -9999 -9999
2.316 2.284 2.155 2.245 2.362 2.530 2.625 2.721 2.906 3.069 3.165 3.247 3.198 3.365 3.551 3.752 4.220 4.535 4.940 5.496 6.069 6.504 7.245 8.134 8.951 9.423 9.642 9.498 9.208 8.452 7.512 6.917 5.797 5.284 4.976 4.046 4.238 6.552 11.947 6.732 5.361 5.552 6.077 2.830 3.127 4.587 4.921 5.796 2.426 2.403 2.260 2.374 2.491 2.719 2.681 2.666 2.722 2.913 3.078 2.892 2.906 2.877 3.459 3.390 3.195 3.793 4.426 3.763 -9999 -9999 -9999 -9999 -9999 -9999 -9999 -9999 -9999
4.595 4.501 4.485 4.582 4.808 5.263 5.525 5.676 5.882 6.067 6.251 6.316 6.637 6.667 6.832 7.138 7.703 7.892 8.135 8.298 8.809 9.168 9.628 9.956 10.387 10.772 11.172 11.422 11.297 10.723 9.981 9.304 8.787 8.292 7.371 5.988 5.210 6.954 11.264 7.948 9.797 8.266 6.928 5.288 4.263 3.561 3.848 5.418 6.053 2.073 2.465 3.007 3.607 4.276 4.534 4.735 5.039 5.379 5.656 5.728 5.858 5.910 6.471 6.347 5.540 5.314 7.565 6.558 4.897 3.470 3.202 3.564 3.588 3.227 3.256 3.131 3.179
7.027 6.913 6.922 6.971 6.910 7.365 7.491 7.609 7.326 7.330 7.156 6.868 6.706 6.473 6.512 6.491 6.591 6.478 6.378 6.353 6.351 6.593 6.681 6.803 7.040 7.008 6.954 7.492 7.881 8.003 7.887 8.011 8.263 8.956 9.757 10.523 10.672 10.702 10.180 8.255 14.119 28.408 10.589 14.024 6.934 6.868 7.200 6.202 7.210 6.088 5.817 3.862 3.752 5.345 6.562 7.076 7.314 7.700 7.718 7.792 7.957 8.130 7.529 6.652 5.848 5.322 6.159 6.862 5.650 3.756 3.600 3.809 3.278 4.052 5.087 5.249 4.453
