data-raw/precipfiles/13_grid_data_13000BP.asc
ncols 144
nrows 72
xllcorner -180
yllcorner -90
cellsize 2.5
nodata_value -9999
[rows 34 to 67 of 72, columns 0 to 76 of 144]
5.945 5.613 5.323 5.050 4.805 4.849 4.910 4.718 4.442 4.302 3.823 3.683 3.382 3.210 3.157 3.210 3.143 3.012 2.966 3.053 3.133 3.381 3.275 3.240 3.202 3.109 3.014 3.107 3.350 3.558 3.595 4.169 4.823 5.456 6.002 6.421 6.142 4.920 3.777 4.432 13.289 7.251 6.800 8.555 11.692 11.211 10.015 6.974 6.474 6.967 9.354 10.586 3.890 5.259 5.925 6.797 7.013 7.450 7.309 7.009 6.759 6.720 6.289 5.869 4.848 4.022 3.724 3.632 4.023 4.336 3.161 3.643 2.802 3.483 5.495 6.446 4.707
4.830 4.596 3.995 3.175 2.866 2.832 2.781 2.504 2.380 2.350 2.194 2.040 1.745 1.698 1.708 1.734 1.722 1.624 1.603 1.585 1.553 1.486 1.468 1.454 1.428 1.395 1.334 1.366 1.483 1.587 1.633 1.778 1.958 2.022 1.847 1.675 1.576 1.412 1.168 1.667 6.491 7.128 7.958 8.920 9.299 11.293 9.965 13.123 11.656 8.242 7.039 9.191 8.567 3.607 3.622 4.383 4.892 5.377 5.052 4.453 3.925 3.647 3.126 2.994 2.476 2.059 1.745 1.664 1.580 1.702 1.878 2.093 2.368 2.588 2.728 5.908 4.427
4.107 4.051 3.221 2.575 2.232 2.188 2.175 2.030 1.999 1.930 1.966 1.882 1.715 1.606 1.636 1.559 1.458 1.384 1.406 1.468 1.398 1.327 1.265 1.221 1.176 1.117 0.984 0.983 1.014 1.055 1.082 1.020 1.038 1.038 0.970 0.875 0.803 0.729 0.739 2.022 5.394 7.472 8.397 11.525 7.618 7.022 14.958 13.212 16.032 13.024 5.398 6.816 8.525 6.609 4.867 2.779 2.951 3.170 3.024 2.643 2.187 1.864 1.578 1.252 0.954 0.797 0.699 0.682 0.785 0.903 1.087 1.236 1.450 1.695 2.166 3.866 4.315
5.080 4.518 3.947 3.399 3.126 2.828 2.617 2.297 2.067 1.857 1.777 1.708 1.637 1.564 1.563 1.483 1.404 1.330 1.255 1.263 1.306 1.275 1.305 1.210 1.156 1.108 1.032 1.048 1.050 1.030 1.007 0.967 0.908 0.834 0.847 0.842 0.824 0.668 0.519 1.290 4.324 6.776 8.343 20.951 7.980 6.167 7.430 6.616 6.851 7.375 6.447 5.780 6.702 5.742 5.072 3.435 2.657 2.528 2.420 2.244 1.901 1.626 1.170 0.903 0.660 0.553 0.488 0.433 0.437 0.459 0.504 0.566 0.712 0.917 1.264 2.438 3.321
6.737 6.248 5.716 5.301 4.789 4.216 3.715 3.286 2.800 2.370 2.110 1.846 1.689 1.576 1.459 1.298 1.162 1.048 0.968 0.911 0.885 0.909 0.982 0.935 0.948 0.868 0.814 0.760 0.785 0.718 0.691 0.664 0.617 0.623 0.642 0.575 0.533 0.460 0.347 0.457 2.280 5.065 9.850 102.886 80.282 7.748 6.124 5.746 5.540 6.930 14.626 -9999 -9999 -9999 4.240 3.216 2.839 2.349 3.646 1.661 1.243 1.009 0.720 0.516 0.383 0.301 0.258 0.205 0.173 0.162 0.195 0.197 0.246 0.346 0.528 0.816 1.892
6.935 6.662 6.516 6.421 5.853 5.432 4.863 4.369 3.860 3.419 2.988 2.550 2.318 1.982 1.670 1.386 1.175 1.054 0.913 0.765 0.663 0.599 0.578 0.515 0.486 0.420 0.368 0.336 0.344 0.340 0.338 0.320 0.274 0.295 0.293 0.243 0.267 0.287 0.236 0.121 1.266 6.416 6.585 11.533 23.499 31.990 6.753 7.156 6.279 7.195 -9999 -9999 39.348 16.677 3.303 2.355 2.494 3.308 4.656 1.288 0.877 0.620 0.480 0.383 0.301 0.227 0.184 0.151 0.138 0.141 0.162 0.164 0.143 0.146 0.187 0.272 0.531
6.602 6.412 6.344 6.389 6.068 5.851 5.577 5.165 4.683 4.198 3.804 3.270 2.839 2.453 2.075 1.777 1.506 1.327 1.090 0.882 0.735 0.578 0.489 0.408 0.332 0.279 0.201 0.178 0.179 0.181 0.182 0.174 0.146 0.134 0.133 0.144 0.156 0.181 0.159 0.084 0.463 2.593 5.804 7.124 8.996 13.505 67.929 15.144 22.603 23.174 -9999 -9999 33.876 5.578 3.503 2.569 2.864 4.118 1.547 1.023 0.716 0.545 0.450 0.384 0.300 0.244 0.203 0.168 0.153 0.146 0.157 0.164 0.178 0.151 0.150 0.157 0.320
5.601 5.611 5.695 5.712 5.502 5.532 5.513 5.350 5.113 4.819 4.463 4.117 3.488 2.959 2.544 2.307 2.177 1.922 1.690 1.466 1.270 1.048 0.810 0.718 0.635 0.465 0.339 0.261 0.199 0.207 0.215 0.188 0.163 0.139 0.145 0.153 0.166 0.184 0.175 0.108 0.100 0.665 2.455 5.744 6.292 7.274 7.186 6.600 6.811 6.297 6.366 6.457 6.006 5.411 3.392 3.193 4.570 1.877 1.596 1.067 0.737 0.542 0.415 0.356 0.279 0.230 0.183 0.161 0.152 0.148 0.145 0.145 0.157 0.176 0.248 0.208 0.412
4.037 4.240 4.549 4.722 4.945 5.105 5.056 4.909 4.933 5.025 4.956 4.745 4.279 3.847 3.364 3.034 2.810 2.545 2.249 2.001 1.663 1.433 1.032 0.814 0.695 0.533 0.385 0.301 0.244 0.226 0.220 0.215 0.193 0.175 0.176 0.181 0.187 0.200 0.227 0.158 0.100 0.070 0.511 1.115 2.308 6.065 6.965 4.667 4.487 4.922 5.839 5.309 5.210 4.825 4.069 3.575 4.102 1.970 1.694 1.269 0.820 0.625 0.468 0.370 0.302 0.270 0.242 0.215 0.193 0.182 0.179 0.188 0.199 0.201 0.213 0.139 0.225
3.435 3.575 3.855 4.191 4.495 4.534 4.641 4.626 4.614 4.818 4.968 4.988 4.665 4.399 4.004 3.824 3.542 3.089 2.785 2.520 2.170 1.757 1.342 1.092 0.963 0.822 0.576 0.444 0.351 0.312 0.283 0.262 0.247 0.229 0.215 0.212 0.231 0.241 0.250 0.209 0.128 0.098 0.101 0.081 0.712 1.557 2.876 3.449 3.557 4.066 5.089 5.051 4.719 4.591 4.534 4.121 3.902 2.439 2.120 1.519 1.124 0.804 0.562 0.428 0.355 0.330 0.305 0.271 0.234 0.218 0.208 0.218 0.239 0.244 0.196 0.122 0.254
3.447 3.579 3.657 3.811 4.077 4.255 4.191 4.367 4.489 4.572 4.678 4.927 5.154 5.154 5.091 4.959 4.542 3.928 3.501 3.151 2.810 2.350 1.843 1.541 1.304 1.217 0.967 0.737 0.579 0.498 0.434 0.392 0.355 0.313 0.276 0.256 0.248 0.250 0.239 0.225 0.167 0.115 0.084 0.042 0.276 1.222 2.802 2.353 3.340 4.284 4.806 4.269 4.525 4.955 4.829 4.525 3.121 3.170 3.018 2.369 1.836 1.429 1.004 0.730 0.527 0.453 0.396 0.345 0.292 0.254 0.234 0.236 0.242 0.246 0.203 0.126 0.101
3.525 3.729 3.817 3.869 4.106 4.330 4.354 4.475 4.507 4.559 4.515 4.786 5.150 5.420 5.364 5.297 5.080 4.690 4.248 3.882 3.529 3.150 2.718 2.315 2.028 1.847 1.571 1.320 1.103 0.933 0.764 0.639 0.572 0.503 0.401 0.347 0.323 0.294 0.259 0.231 0.212 0.152 0.117 0.043 0.309 1.931 2.383 2.367 3.455 5.170 5.266 4.841 4.561 5.458 5.784 4.232 3.649 4.307 3.848 3.349 2.811 2.340 1.772 1.409 1.042 0.787 0.627 0.515 0.436 0.363 0.307 0.267 0.242 0.225 0.207 0.152 0.103
3.482 3.671 3.832 3.979 4.158 4.377 4.388 4.527 4.522 4.499 4.490 4.755 4.933 5.203 5.319 5.443 5.309 5.155 4.924 4.682 4.322 3.870 3.486 3.087 2.886 2.676 2.363 1.976 1.739 1.605 1.370 1.141 0.983 0.829 0.650 0.529 0.445 0.385 0.309 0.272 0.240 0.207 0.160 0.091 0.394 2.020 2.062 2.634 3.752 5.036 5.717 5.478 5.255 3.804 3.682 3.992 4.264 4.752 4.504 4.209 3.790 3.243 2.683 2.223 1.833 1.406 1.204 0.928 0.716 0.593 0.461 0.375 0.324 0.269 0.248 0.214 0.166
3.218 3.306 3.475 3.836 4.120 4.200 4.232 4.288 4.291 4.283 4.339 4.524 4.732 4.931 5.006 5.250 5.212 5.179 5.168 5.252 4.853 4.377 4.007 3.678 3.481 3.354 3.139 2.798 2.437 2.240 1.980 1.735 1.529 1.323 1.050 0.836 0.675 0.568 0.450 0.380 0.332 0.281 0.216 0.227 0.513 1.018 1.736 2.532 3.543 5.069 5.524 4.928 4.942 3.849 4.005 4.199 4.321 4.656 4.665 4.538 4.412 4.303 3.712 3.221 2.812 2.306 1.785 1.470 1.156 0.933 0.733 0.576 0.490 0.403 0.352 0.325 0.320
2.955 2.883 3.009 3.317 3.539 3.740 3.948 4.014 4.020 4.031 3.942 4.178 4.251 4.545 4.634 4.768 4.768 4.867 5.020 5.211 5.024 4.679 4.447 4.228 4.019 3.698 3.499 3.325 3.097 2.871 2.592 2.336 2.062 1.800 1.525 1.294 1.064 0.916 0.755 0.631 0.519 0.443 0.325 0.700 0.544 1.264 1.870 2.650 3.419 4.120 4.580 4.537 4.337 4.383 4.407 4.364 4.511 4.808 4.796 4.625 4.501 4.396 4.082 3.629 3.406 2.923 2.487 2.264 1.810 1.648 1.279 1.059 0.900 0.746 0.692 0.592 0.583
2.871 2.830 2.859 2.949 3.222 3.475 3.614 3.721 3.850 3.794 3.850 3.968 4.028 4.136 4.139 4.322 4.407 4.596 4.710 4.724 4.765 4.683 4.488 4.343 4.151 3.904 3.771 3.578 3.404 3.153 2.847 2.746 2.546 2.301 2.021 1.789 1.548 1.370 1.178 0.963 0.787 0.629 0.616 1.745 1.124 1.617 2.020 2.404 3.339 3.776 4.027 3.865 4.203 4.731 4.844 4.904 4.842 5.048 4.908 4.843 4.725 4.613 4.439 4.092 3.925 3.497 3.056 2.649 2.469 2.156 1.998 1.732 1.545 1.336 1.160 1.026 0.926
2.582 2.594 2.583 2.670 2.886 3.129 3.286 3.356 3.315 3.343 3.483 3.570 3.564 3.702 3.814 3.806 4.011 4.131 4.207 4.200 4.231 4.234 4.121 4.102 4.000 3.864 3.838 3.787 3.595 3.357 3.092 2.946 2.737 2.606 2.395 2.158 1.883 1.704 1.524 1.348 1.148 0.929 3.429 2.788 1.380 1.462 1.980 2.402 2.699 2.850 3.511 3.653 3.957 4.490 4.839 5.117 4.964 5.108 4.911 4.798 4.726 4.594 4.567 4.380 4.230 4.018 3.613 3.268 3.126 2.832 2.762 2.540 2.351 2.029 1.886 1.717 1.636
2.606 2.572 2.466 2.485 2.771 3.046 3.162 3.243 3.313 3.193 3.228 3.212 3.162 3.262 3.330 3.502 3.696 3.785 3.796 3.785 3.943 3.866 3.766 3.811 3.890 3.830 3.779 3.662 3.574 3.404 3.329 3.306 3.062 2.956 2.776 2.572 2.306 2.085 1.908 1.765 1.603 1.271 4.108 3.091 1.187 1.027 1.257 2.101 2.348 2.983 3.146 3.295 3.817 4.315 4.691 4.933 4.794 4.865 4.770 4.710 4.620 4.563 4.588 4.616 4.542 4.251 3.955 3.851 3.581 3.468 3.404 3.345 3.139 2.794 2.607 2.429 2.410
2.362 2.405 2.486 2.348 2.453 2.643 2.744 2.847 2.769 2.766 2.710 2.738 2.875 2.973 2.964 2.943 2.947 3.179 3.300 3.409 3.525 3.601 3.670 3.693 3.543 3.566 3.405 3.566 3.477 3.435 3.298 3.359 3.233 3.179 2.930 2.920 2.664 2.474 2.301 2.266 2.086 2.408 5.092 3.643 1.045 0.832 1.009 1.630 2.164 2.368 2.809 3.175 3.393 3.374 3.558 3.886 3.840 3.909 4.107 4.221 4.213 4.355 4.071 3.992 3.893 3.962 3.872 3.729 3.577 3.466 3.458 3.440 3.364 3.210 2.952 2.884 2.740
2.275 2.101 2.318 2.322 2.302 2.276 2.354 2.401 2.371 2.374 2.371 2.445 2.476 2.633 2.569 2.501 2.550 2.686 2.726 2.825 2.872 2.908 3.036 3.060 2.949 3.017 2.951 2.998 2.915 3.061 2.940 3.023 2.941 2.946 2.920 2.821 2.746 2.660 2.441 2.474 2.442 2.829 6.215 4.458 0.864 0.788 1.349 2.005 2.068 2.419 2.712 2.868 2.898 2.930 3.017 3.160 3.075 3.277 3.416 3.659 3.669 3.797 3.642 3.577 3.506 3.519 3.561 3.465 3.371 3.336 3.184 3.279 3.335 3.300 3.004 3.113 2.967
2.147 2.261 2.212 2.230 2.205 2.203 2.141 2.201 2.166 2.197 2.162 2.180 2.252 2.302 2.341 2.378 2.392 2.490 2.529 2.504 2.580 2.621 2.622 2.647 2.616 2.628 2.613 2.671 2.646 2.725 2.729 2.769 2.774 2.835 2.699 2.791 2.641 2.753 2.664 2.698 2.788 3.214 4.411 1.623 0.931 0.797 1.890 1.931 1.913 2.137 2.409 2.702 2.824 2.839 2.854 2.980 3.056 3.062 3.179 3.168 3.094 3.085 3.019 3.099 3.144 3.122 3.048 3.012 3.038 2.947 2.980 3.018 3.104 3.116 3.043 3.101 3.044
2.024 2.203 2.225 2.226 2.246 2.197 2.126 2.158 2.157 2.216 2.107 2.159 2.207 2.168 2.239 2.289 2.298 2.325 2.280 2.314 2.341 2.363 2.301 2.371 2.393 2.424 2.436 2.444 2.460 2.502 2.569 2.556 2.542 2.640 2.588 2.566 2.545 2.648 2.693 2.774 3.008 2.825 2.540 1.279 0.990 0.961 2.210 2.125 2.046 2.111 2.303 2.567 2.746 2.775 2.730 2.790 2.828 2.793 2.811 2.832 2.790 2.828 2.834 2.816 2.733 2.783 2.860 2.790 2.738 2.701 2.713 2.740 2.730 2.801 2.799 2.814 2.745
2.089 2.109 2.135 2.157 2.106 2.140 2.131 2.136 2.133 2.213 2.223 2.248 2.223 2.244 2.249 2.239 2.279 2.309 2.295 2.294 2.289 2.287 2.218 2.252 2.275 2.339 2.328 2.386 2.388 2.424 2.426 2.466 2.451 2.507 2.539 2.577 2.568 2.593 2.622 2.760 2.993 3.965 4.219 1.366 1.001 2.543 2.637 2.446 2.102 2.402 2.371 2.480 2.604 2.516 2.511 2.512 2.567 2.583 2.619 2.675 2.715 2.715 2.672 2.667 2.694 2.724 2.681 2.656 2.586 2.610 2.565 2.609 2.602 2.609 2.650 2.682 2.665
2.236 2.277 2.212 2.225 2.195 2.206 2.191 2.258 2.260 2.294 2.344 2.404 2.386 2.421 2.416 2.433 2.400 2.426 2.408 2.436 2.418 2.439 2.341 2.346 2.310 2.335 2.347 2.445 2.449 2.500 2.465 2.458 2.456 2.518 2.522 2.573 2.586 2.584 2.627 2.701 2.905 3.230 5.364 2.415 1.380 2.248 2.983 2.878 2.670 2.637 2.574 2.618 2.636 2.632 2.614 2.570 2.608 2.820 2.737 2.747 2.702 2.722 2.721 2.775 2.787 2.786 2.775 2.735 2.648 2.597 2.589 2.593 2.540 2.521 2.568 2.647 2.640
2.487 2.512 2.414 2.407 2.360 2.404 2.451 2.537 2.521 2.530 2.549 2.565 2.550 2.565 2.602 2.646 2.667 2.660 2.675 2.669 2.639 2.665 2.593 2.556 2.509 2.542 2.502 2.547 2.586 2.631 2.614 2.641 2.645 2.659 2.670 2.703 2.688 2.698 2.641 2.727 2.780 2.944 3.093 2.503 2.354 2.867 3.400 3.158 2.895 2.822 2.747 2.766 2.760 2.808 2.808 2.800 2.800 2.827 2.871 2.887 2.807 2.786 2.813 2.822 2.794 2.802 2.775 2.720 2.721 2.734 2.698 2.656 2.622 2.607 2.639 2.628 2.661
2.561 2.648 2.595 2.555 2.485 2.524 2.545 2.614 2.576 2.560 2.534 2.536 2.508 2.511 2.545 2.627 2.647 2.668 2.670 2.668 2.626 2.611 2.552 2.504 2.462 2.479 2.448 2.456 2.469 2.543 2.548 2.574 2.563 2.581 2.579 2.594 2.566 2.575 2.561 2.585 2.593 2.692 2.708 2.741 2.724 2.865 2.931 2.908 2.782 2.778 2.699 2.694 2.661 2.697 2.648 2.647 2.588 2.554 2.531 2.521 2.452 2.491 2.538 2.522 2.453 2.441 2.393 2.411 2.392 2.426 2.404 2.375 2.322 2.358 2.371 2.379 2.369
2.174 2.285 2.319 2.307 2.262 2.265 2.233 2.210 2.156 2.153 2.118 2.122 2.091 2.082 2.058 2.116 2.177 2.195 2.215 2.186 2.156 2.125 2.104 2.085 2.064 2.072 2.068 2.046 2.055 2.111 2.115 2.125 2.104 2.105 2.091 2.111 2.108 2.169 2.214 2.235 2.284 2.355 2.399 2.449 2.454 2.522 2.508 2.485 2.414 2.430 2.381 2.306 2.158 2.140 2.070 1.993 1.910 1.898 1.862 1.855 1.861 1.920 1.914 1.909 1.872 1.869 1.841 1.867 1.848 1.856 1.884 1.875 1.817 1.820 1.850 1.866 1.871
1.656 1.708 1.729 1.719 1.692 1.686 1.671 1.626 1.602 1.599 1.570 1.589 1.567 1.546 1.537 1.545 1.576 1.609 1.657 1.671 1.658 1.651 1.637 1.650 1.668 1.674 1.666 1.653 1.675 1.701 1.687 1.690 1.684 1.669 1.671 1.697 1.725 1.792 1.862 1.922 1.983 2.044 2.104 2.155 2.143 2.206 2.276 2.428 2.520 2.555 2.099 1.807 1.606 1.519 1.406 1.368 1.323 1.307 1.296 1.329 1.349 1.388 1.386 1.390 1.355 1.349 1.319 1.302 1.276 1.288 1.345 1.360 1.322 1.316 1.294 1.317 1.335
1.187 1.180 1.208 1.213 1.211 1.188 1.191 1.217 1.210 1.194 1.180 1.166 1.188 1.189 1.213 1.227 1.254 1.269 1.297 1.291 1.307 1.301 1.324 1.348 1.389 1.424 1.454 1.458 1.496 1.532 1.540 1.549 1.570 1.560 1.590 1.610 1.637 1.704 1.759 1.775 1.798 1.855 1.905 1.933 1.909 2.163 2.466 2.523 2.330 2.026 1.690 1.509 1.319 1.228 1.136 1.101 1.061 1.066 1.060 1.089 1.076 1.106 1.107 1.120 1.091 1.054 1.035 1.000 0.965 0.948 0.976 0.983 0.990 0.981 0.985 1.010 1.024
1.073 1.077 1.091 1.110 1.089 1.078 1.091 1.111 1.127 1.117 1.108 1.086 1.089 1.100 1.127 1.145 1.161 1.167 1.183 1.200 1.246 1.244 1.253 1.268 1.288 1.326 1.359 1.378 1.419 1.440 1.471 1.471 1.504 1.517 1.541 1.584 1.610 1.662 1.680 1.702 1.741 1.799 1.908 2.014 2.080 2.315 2.365 2.211 2.032 1.831 1.626 1.461 1.267 1.159 1.042 0.999 0.964 0.962 0.932 0.930 0.916 0.933 0.913 0.916 0.895 0.886 0.856 0.841 0.816 0.790 0.748 0.739 0.731 0.757 0.770 0.770 0.767
0.849 0.827 0.855 0.864 0.895 0.903 0.927 0.949 0.983 0.998 0.998 0.994 1.001 0.989 1.008 1.014 1.025 1.021 1.009 1.006 0.958 0.954 0.971 0.979 1.056 1.085 1.162 1.180 1.217 1.191 1.198 1.226 1.269 1.253 1.222 1.262 1.269 1.308 1.355 1.388 1.456 1.641 1.853 2.020 1.781 1.856 1.884 1.942 1.802 1.580 1.512 1.398 1.223 1.129 0.983 0.905 0.831 0.813 0.751 0.734 0.702 0.709 0.679 0.665 0.625 0.667 0.706 0.746 0.744 0.678 0.577 0.511 0.403 0.432 0.428 0.436 0.416
0.704 0.691 0.693 0.713 0.763 0.797 0.847 0.879 0.935 0.966 0.996 1.012 0.997 1.006 1.039 1.026 1.056 1.057 1.021 1.048 1.048 1.056 1.041 1.007 1.080 1.087 1.192 1.193 1.203 1.204 1.297 1.385 1.431 1.415 1.382 1.371 1.234 1.210 1.218 1.247 1.314 1.362 1.384 1.437 1.397 1.484 1.548 1.581 1.481 1.346 1.338 1.262 1.133 1.075 0.946 0.873 0.778 0.734 0.660 0.638 0.591 0.609 0.577 0.585 0.543 0.620 0.587 0.579 0.507 0.587 0.526 0.516 0.403 0.495 0.482 0.572 0.502
0.534 0.541 0.567 0.606 0.688 0.755 0.835 0.884 0.961 1.049 1.156 1.260 1.379 1.494 1.506 1.583 1.433 1.458 1.317 1.205 1.035 1.003 0.940 0.916 1.010 1.052 1.156 1.143 1.121 1.111 1.090 1.102 1.095 1.133 1.119 1.121 1.058 1.047 1.063 1.074 1.095 1.103 1.090 1.087 1.027 0.990 0.979 0.942 1.036 1.032 1.038 0.998 0.926 0.874 0.796 0.755 0.662 0.646 0.586 0.590 0.541 0.559 0.505 0.504 0.393 0.401 0.305 0.318 0.265 0.294 0.223 0.216 0.171 0.171 0.144 0.159 0.140
0.406 0.438 0.497 0.547 0.643 0.703 0.808 0.869 0.929 1.054 1.156 1.185 1.199 1.223 1.205 1.172 1.084 1.009 0.909 0.871 0.790 0.765 0.674 0.658 0.653 0.651 0.677 0.673 0.672 0.673 0.670 0.667 0.639 0.654 0.627 0.630 0.633 0.610 0.622 0.581 0.596 0.581 0.578 0.564 0.579 0.558 0.579 0.560 0.596 0.606 0.618 0.650 0.624 0.590 0.569 0.548 0.521 0.556 0.545 0.550 0.481 0.468 0.389 0.372 0.251 0.240 0.175 0.168 0.129 0.123 0.096 0.097 0.084 0.086 0.077 0.077 0.072
