data-raw/precipfiles/14_grid_data_14000BP.asc
ncols 144
nrows 72
xllcorner -180
yllcorner -90
cellsize 2.5
nodata_value -9999
[rows 34 to 67 of 72, columns 0 to 76 of 144]
5.578 5.082 4.875 4.578 4.303 4.216 4.191 3.985 3.745 3.687 3.279 3.124 2.787 2.668 2.571 2.629 2.535 2.452 2.503 2.653 2.889 3.467 3.887 4.327 4.933 5.568 5.902 6.453 6.801 7.173 7.097 8.365 9.852 10.490 11.117 12.448 11.409 8.241 4.637 4.818 14.374 7.447 6.564 7.999 9.316 9.108 7.895 5.710 5.511 5.953 8.881 9.327 3.308 4.472 5.087 5.904 6.648 7.353 7.191 6.741 6.324 6.339 6.030 5.658 4.742 3.916 3.622 3.529 3.999 4.396 3.133 3.532 2.651 3.284 5.273 6.455 4.657
4.064 3.767 3.530 3.042 2.978 3.184 3.312 3.158 2.938 2.958 2.672 2.424 2.100 2.141 2.200 2.267 2.181 2.165 2.311 2.527 2.841 2.928 2.952 2.983 3.208 3.167 3.105 3.239 3.431 3.559 3.627 3.956 4.237 3.963 3.296 2.884 2.627 2.179 1.492 1.951 7.069 7.576 8.234 8.944 8.890 9.383 7.847 9.063 8.712 6.558 6.388 8.330 7.325 3.121 3.442 4.246 5.356 6.062 5.632 4.605 3.915 3.588 3.111 3.002 2.451 2.011 1.675 1.577 1.512 1.660 1.843 2.021 2.228 2.357 2.487 5.449 4.098
3.885 3.750 3.245 2.813 2.679 2.841 2.948 2.829 2.744 2.672 2.656 2.668 2.541 2.544 2.725 2.703 2.645 2.725 2.935 3.224 3.266 3.226 3.092 2.981 2.850 2.520 2.176 2.129 2.110 2.050 2.075 1.936 1.896 1.736 1.454 1.232 1.107 0.945 0.876 2.148 5.543 8.315 9.392 11.380 7.367 6.629 12.963 10.731 11.946 10.336 4.999 6.408 7.800 6.386 4.805 2.676 3.065 3.547 3.373 2.859 2.299 1.945 1.630 1.283 0.965 0.813 0.706 0.680 0.765 0.875 1.050 1.188 1.378 1.581 2.016 3.647 4.168
5.007 4.526 4.001 3.506 3.264 3.049 2.916 2.652 2.441 2.224 2.162 2.165 2.117 2.067 2.075 2.062 2.066 2.066 1.970 1.955 1.964 1.969 2.013 1.809 1.716 1.593 1.485 1.513 1.471 1.378 1.348 1.297 1.133 0.982 0.925 0.948 0.986 0.788 0.584 1.332 4.377 6.723 9.234 19.271 8.075 6.162 7.357 6.557 6.723 7.269 6.567 5.763 6.784 6.317 5.160 3.403 2.629 2.487 2.448 2.366 2.001 1.712 1.252 0.942 0.688 0.576 0.513 0.445 0.431 0.444 0.482 0.554 0.700 0.901 1.219 2.326 3.214
6.622 6.293 5.755 5.345 4.846 4.374 3.946 3.618 3.118 2.668 2.421 2.168 2.011 1.878 1.720 1.532 1.434 1.318 1.215 1.124 1.066 1.098 1.208 1.126 1.118 1.020 0.954 0.887 0.892 0.779 0.733 0.722 0.644 0.622 0.574 0.542 0.542 0.514 0.390 0.472 2.337 5.042 8.985 72.660 185.577 8.603 6.615 6.119 5.848 7.591 19.651 -9999 -9999 -9999 4.561 3.368 2.960 2.414 3.673 1.701 1.292 1.066 0.768 0.546 0.397 0.313 0.267 0.210 0.170 0.152 0.182 0.188 0.241 0.344 0.523 0.800 1.822
6.945 6.794 6.628 6.502 5.887 5.496 4.968 4.504 3.964 3.509 3.079 2.678 2.455 2.078 1.720 1.414 1.188 1.043 0.879 0.711 0.620 0.560 0.540 0.477 0.436 0.362 0.309 0.275 0.260 0.249 0.238 0.223 0.187 0.189 0.184 0.170 0.217 0.262 0.255 0.130 1.296 6.669 6.926 11.674 23.192 61.069 6.555 7.499 6.575 8.250 -9999 -9999 89.023 38.430 3.989 2.606 2.782 3.672 5.047 1.374 0.935 0.658 0.504 0.396 0.304 0.226 0.184 0.150 0.136 0.134 0.146 0.149 0.133 0.137 0.177 0.263 0.514
6.531 6.405 6.302 6.356 5.995 5.806 5.572 5.165 4.656 4.144 3.752 3.268 2.871 2.489 2.107 1.785 1.500 1.298 1.036 0.824 0.692 0.540 0.466 0.387 0.314 0.258 0.179 0.157 0.147 0.146 0.141 0.136 0.115 0.099 0.094 0.105 0.120 0.155 0.151 0.092 0.465 2.633 6.082 7.577 10.060 18.231 118.686 15.692 29.397 37.265 -9999 -9999 55.444 6.749 4.097 2.927 3.246 4.637 1.774 1.138 0.784 0.591 0.477 0.401 0.309 0.251 0.208 0.167 0.149 0.138 0.142 0.146 0.163 0.137 0.132 0.139 0.293
5.494 5.504 5.533 5.522 5.312 5.370 5.409 5.283 5.065 4.755 4.393 4.069 3.476 2.963 2.572 2.345 2.213 1.921 1.666 1.438 1.261 1.019 0.775 0.672 0.585 0.411 0.297 0.230 0.182 0.187 0.197 0.197 0.171 0.149 0.148 0.152 0.166 0.181 0.151 0.105 0.115 0.645 2.428 5.943 6.566 8.341 10.101 8.899 7.373 6.343 6.691 7.258 6.641 6.238 4.164 3.705 5.220 2.241 1.915 1.243 0.830 0.592 0.441 0.365 0.273 0.223 0.176 0.153 0.143 0.138 0.136 0.133 0.140 0.145 0.202 0.173 0.352
3.903 4.114 4.403 4.535 4.726 4.887 4.889 4.832 4.986 5.118 5.004 4.674 4.172 3.763 3.317 3.023 2.803 2.499 2.185 1.941 1.611 1.368 0.944 0.722 0.601 0.470 0.348 0.281 0.230 0.213 0.208 0.207 0.188 0.172 0.174 0.183 0.189 0.199 0.227 0.147 0.104 0.073 0.482 1.048 2.267 6.280 8.271 5.898 5.511 5.249 6.126 5.641 5.627 5.253 4.679 4.444 4.784 2.325 1.994 1.487 0.928 0.684 0.503 0.382 0.300 0.261 0.232 0.207 0.187 0.177 0.174 0.183 0.193 0.191 0.177 0.116 0.188
3.361 3.528 3.810 4.113 4.380 4.381 4.471 4.513 4.601 4.894 5.007 4.932 4.519 4.229 3.831 3.674 3.397 2.930 2.639 2.384 2.035 1.647 1.241 0.990 0.852 0.728 0.504 0.404 0.327 0.298 0.271 0.251 0.238 0.223 0.212 0.213 0.234 0.243 0.246 0.201 0.118 0.095 0.100 0.075 0.647 1.488 2.936 3.898 4.198 4.521 5.162 5.165 4.976 5.073 5.053 4.813 4.374 2.704 2.348 1.702 1.254 0.888 0.606 0.448 0.355 0.327 0.300 0.266 0.230 0.215 0.205 0.214 0.237 0.244 0.188 0.110 0.192
3.440 3.605 3.684 3.829 4.052 4.190 4.091 4.266 4.427 4.569 4.665 4.862 5.034 4.968 4.878 4.714 4.289 3.701 3.292 2.943 2.608 2.176 1.708 1.423 1.200 1.104 0.866 0.659 0.532 0.469 0.422 0.380 0.344 0.304 0.273 0.255 0.248 0.248 0.232 0.215 0.154 0.103 0.077 0.039 0.243 1.099 2.678 2.427 3.718 4.816 4.947 4.108 4.491 5.243 5.286 4.958 3.331 3.334 3.213 2.559 2.001 1.564 1.082 0.770 0.537 0.457 0.399 0.348 0.289 0.249 0.229 0.229 0.235 0.239 0.203 0.124 0.086
3.563 3.801 3.840 3.861 4.061 4.265 4.263 4.340 4.337 4.403 4.418 4.705 5.077 5.390 5.351 5.237 4.931 4.475 4.019 3.663 3.303 2.932 2.519 2.156 1.900 1.722 1.452 1.224 1.033 0.881 0.734 0.637 0.572 0.503 0.398 0.340 0.316 0.286 0.249 0.221 0.201 0.139 0.105 0.038 0.266 1.724 2.246 2.373 3.662 5.698 5.569 4.749 4.346 5.370 5.897 4.350 3.763 4.448 4.017 3.541 2.993 2.498 1.875 1.471 1.084 0.815 0.648 0.532 0.435 0.355 0.297 0.258 0.235 0.218 0.202 0.147 0.095
3.521 3.735 3.855 3.994 4.161 4.393 4.345 4.432 4.370 4.304 4.307 4.571 4.781 5.117 5.285 5.405 5.179 4.969 4.685 4.423 4.026 3.576 3.215 2.850 2.679 2.469 2.181 1.842 1.645 1.539 1.306 1.090 0.946 0.804 0.632 0.511 0.431 0.375 0.296 0.260 0.227 0.191 0.141 0.080 0.331 1.771 1.931 2.635 3.940 5.379 6.342 5.629 5.120 3.759 3.694 3.956 4.196 4.734 4.513 4.216 3.839 3.301 2.729 2.253 1.870 1.471 1.264 0.973 0.743 0.606 0.472 0.385 0.328 0.271 0.249 0.217 0.169
3.227 3.343 3.467 3.833 4.159 4.267 4.271 4.271 4.200 4.135 4.147 4.319 4.514 4.740 4.845 5.092 5.002 4.937 4.898 4.948 4.499 4.018 3.669 3.396 3.226 3.095 2.896 2.605 2.306 2.144 1.906 1.651 1.459 1.268 1.014 0.812 0.656 0.561 0.441 0.366 0.319 0.270 0.201 0.211 0.424 0.888 1.620 2.519 3.694 5.291 6.010 5.211 4.933 3.852 4.019 4.137 4.209 4.514 4.525 4.386 4.276 4.218 3.664 3.203 2.841 2.377 1.857 1.524 1.193 0.964 0.769 0.613 0.519 0.419 0.362 0.337 0.342
2.907 2.903 2.987 3.296 3.558 3.783 3.975 3.980 3.926 3.888 3.764 4.008 4.062 4.317 4.362 4.475 4.449 4.556 4.696 4.853 4.638 4.278 4.047 3.887 3.720 3.428 3.239 3.099 2.921 2.720 2.466 2.223 1.962 1.722 1.481 1.278 1.061 0.917 0.760 0.635 0.518 0.452 0.329 0.705 0.457 1.087 1.768 2.598 3.478 4.314 4.784 4.637 4.353 4.402 4.442 4.357 4.457 4.707 4.659 4.469 4.344 4.274 3.991 3.587 3.428 2.981 2.550 2.307 1.839 1.683 1.320 1.117 0.953 0.776 0.709 0.605 0.605
2.744 2.750 2.816 2.914 3.227 3.502 3.618 3.691 3.787 3.708 3.750 3.844 3.870 3.917 3.903 4.081 4.158 4.359 4.476 4.490 4.509 4.393 4.180 4.029 3.861 3.629 3.506 3.345 3.216 2.998 2.715 2.625 2.437 2.217 1.977 1.769 1.544 1.369 1.185 0.983 0.819 0.677 0.672 1.867 1.061 1.438 1.927 2.429 3.426 3.911 4.110 3.878 4.201 4.781 4.993 5.124 5.113 5.289 5.117 4.996 4.786 4.639 4.434 4.073 3.925 3.516 3.091 2.674 2.496 2.194 2.060 1.805 1.617 1.390 1.205 1.059 0.959
2.432 2.457 2.487 2.610 2.863 3.119 3.274 3.315 3.276 3.306 3.439 3.524 3.501 3.585 3.683 3.671 3.895 4.040 4.127 4.114 4.124 4.104 3.972 3.933 3.827 3.691 3.653 3.599 3.439 3.228 2.978 2.841 2.646 2.533 2.360 2.148 1.887 1.709 1.531 1.367 1.195 1.009 3.780 3.067 1.419 1.394 1.922 2.462 2.837 2.964 3.608 3.685 3.936 4.500 4.935 5.372 5.299 5.495 5.288 5.113 4.985 4.759 4.682 4.454 4.258 4.044 3.641 3.292 3.148 2.851 2.807 2.597 2.419 2.083 1.936 1.750 1.657
2.459 2.409 2.332 2.385 2.706 2.996 3.106 3.170 3.243 3.145 3.202 3.200 3.157 3.256 3.318 3.490 3.695 3.798 3.811 3.795 3.923 3.834 3.721 3.764 3.838 3.784 3.724 3.595 3.492 3.331 3.262 3.238 3.004 2.915 2.762 2.574 2.319 2.103 1.919 1.780 1.645 1.361 4.511 3.417 1.270 1.039 1.251 2.147 2.441 3.068 3.210 3.320 3.785 4.271 4.680 5.002 4.944 5.071 4.987 4.901 4.781 4.702 4.709 4.716 4.614 4.309 4.005 3.901 3.615 3.484 3.400 3.337 3.139 2.812 2.629 2.436 2.381
2.198 2.201 2.305 2.210 2.352 2.569 2.665 2.738 2.629 2.632 2.580 2.614 2.782 2.888 2.899 2.887 2.894 3.124 3.251 3.361 3.483 3.563 3.639 3.668 3.515 3.538 3.384 3.543 3.447 3.404 3.258 3.297 3.164 3.123 2.893 2.890 2.652 2.472 2.303 2.271 2.107 2.491 5.342 3.825 1.088 0.839 0.993 1.561 2.103 2.324 2.808 3.178 3.356 3.320 3.501 3.854 3.837 3.936 4.142 4.254 4.247 4.390 4.101 4.033 3.911 3.973 3.870 3.716 3.549 3.429 3.404 3.363 3.280 3.138 2.880 2.806 2.639
2.157 1.938 2.167 2.194 2.225 2.225 2.303 2.322 2.259 2.240 2.226 2.295 2.329 2.494 2.443 2.383 2.433 2.560 2.607 2.712 2.776 2.826 2.968 2.994 2.885 2.951 2.897 2.957 2.892 3.042 2.914 2.971 2.873 2.872 2.861 2.771 2.701 2.629 2.428 2.470 2.440 2.865 6.359 4.533 0.874 0.781 1.293 1.874 1.917 2.270 2.614 2.817 2.857 2.886 2.961 3.092 3.008 3.214 3.349 3.588 3.598 3.737 3.592 3.533 3.466 3.470 3.509 3.397 3.291 3.240 3.084 3.149 3.181 3.134 2.855 2.958 2.802
2.126 2.229 2.181 2.210 2.203 2.211 2.143 2.188 2.132 2.141 2.087 2.085 2.137 2.173 2.203 2.233 2.236 2.325 2.368 2.364 2.455 2.507 2.513 2.532 2.497 2.504 2.505 2.582 2.583 2.677 2.681 2.715 2.708 2.760 2.631 2.723 2.581 2.700 2.635 2.681 2.778 3.211 4.402 1.603 0.922 0.779 1.805 1.765 1.728 1.978 2.287 2.618 2.773 2.809 2.814 2.916 2.960 2.958 3.076 3.068 2.999 2.991 2.936 3.020 3.064 3.033 2.956 2.924 2.947 2.846 2.857 2.854 2.903 2.899 2.832 2.891 2.846
2.012 2.199 2.215 2.215 2.227 2.176 2.099 2.109 2.098 2.158 2.049 2.104 2.137 2.087 2.142 2.175 2.172 2.189 2.147 2.191 2.229 2.254 2.196 2.255 2.268 2.294 2.312 2.338 2.378 2.432 2.495 2.475 2.449 2.543 2.499 2.501 2.489 2.597 2.642 2.717 2.945 2.768 2.490 1.246 0.971 0.926 2.065 1.906 1.816 1.919 2.168 2.475 2.687 2.699 2.639 2.664 2.679 2.642 2.666 2.699 2.668 2.711 2.728 2.718 2.644 2.690 2.760 2.690 2.645 2.608 2.607 2.610 2.571 2.625 2.622 2.639 2.582
2.066 2.084 2.095 2.112 2.052 2.079 2.062 2.049 2.040 2.118 2.150 2.189 2.169 2.182 2.170 2.147 2.169 2.193 2.185 2.190 2.187 2.178 2.105 2.129 2.144 2.203 2.202 2.268 2.288 2.333 2.328 2.354 2.334 2.390 2.433 2.494 2.502 2.529 2.538 2.662 2.868 3.806 4.051 1.306 0.957 2.433 2.437 2.197 1.866 2.174 2.217 2.385 2.551 2.446 2.416 2.376 2.414 2.422 2.467 2.537 2.585 2.595 2.566 2.565 2.600 2.630 2.586 2.551 2.486 2.507 2.464 2.487 2.463 2.457 2.491 2.520 2.507
2.181 2.216 2.129 2.128 2.091 2.100 2.082 2.137 2.134 2.172 2.239 2.315 2.305 2.332 2.312 2.313 2.268 2.299 2.296 2.342 2.312 2.310 2.190 2.189 2.154 2.182 2.211 2.316 2.326 2.383 2.342 2.314 2.312 2.378 2.396 2.462 2.491 2.488 2.484 2.527 2.711 3.030 5.034 2.257 1.281 2.073 2.727 2.601 2.410 2.407 2.412 2.512 2.569 2.548 2.504 2.440 2.472 2.678 2.619 2.645 2.613 2.638 2.636 2.690 2.702 2.695 2.677 2.630 2.541 2.479 2.455 2.443 2.382 2.359 2.402 2.475 2.460
2.374 2.382 2.274 2.261 2.216 2.260 2.305 2.384 2.367 2.379 2.412 2.444 2.438 2.446 2.470 2.499 2.511 2.510 2.531 2.533 2.485 2.474 2.366 2.322 2.279 2.309 2.295 2.351 2.387 2.439 2.417 2.420 2.424 2.445 2.467 2.510 2.518 2.532 2.453 2.485 2.502 2.622 2.762 2.222 2.095 2.540 2.999 2.805 2.610 2.602 2.593 2.657 2.682 2.717 2.692 2.670 2.664 2.693 2.747 2.775 2.705 2.687 2.718 2.729 2.704 2.706 2.670 2.602 2.584 2.585 2.535 2.485 2.446 2.433 2.474 2.469 2.503
2.375 2.434 2.381 2.344 2.292 2.339 2.363 2.431 2.392 2.376 2.360 2.370 2.354 2.349 2.374 2.443 2.458 2.478 2.482 2.473 2.411 2.370 2.275 2.227 2.195 2.210 2.203 2.226 2.236 2.307 2.309 2.312 2.300 2.327 2.338 2.371 2.365 2.390 2.370 2.359 2.313 2.372 2.365 2.386 2.380 2.507 2.570 2.594 2.518 2.597 2.561 2.580 2.557 2.572 2.506 2.494 2.424 2.394 2.376 2.371 2.313 2.348 2.397 2.389 2.330 2.320 2.277 2.286 2.260 2.283 2.256 2.226 2.174 2.211 2.236 2.250 2.247
1.947 2.037 2.071 2.069 2.046 2.065 2.046 2.027 1.970 1.960 1.925 1.928 1.900 1.890 1.871 1.923 1.975 1.990 2.006 1.971 1.925 1.880 1.848 1.840 1.836 1.860 1.870 1.862 1.876 1.910 1.903 1.902 1.876 1.884 1.892 1.933 1.956 2.037 2.080 2.089 2.119 2.167 2.195 2.239 2.226 2.286 2.282 2.309 2.283 2.330 2.281 2.195 2.025 1.981 1.897 1.815 1.731 1.718 1.688 1.683 1.690 1.743 1.744 1.746 1.718 1.722 1.706 1.743 1.736 1.749 1.777 1.772 1.721 1.726 1.756 1.773 1.776
1.508 1.551 1.566 1.556 1.538 1.529 1.516 1.471 1.441 1.431 1.399 1.418 1.402 1.391 1.386 1.394 1.418 1.447 1.493 1.505 1.495 1.482 1.474 1.497 1.522 1.543 1.538 1.527 1.546 1.558 1.531 1.524 1.510 1.495 1.508 1.543 1.580 1.649 1.717 1.774 1.830 1.883 1.927 1.965 1.945 2.006 2.082 2.238 2.340 2.371 1.938 1.658 1.456 1.373 1.263 1.226 1.188 1.171 1.160 1.183 1.199 1.232 1.228 1.238 1.213 1.213 1.193 1.188 1.177 1.195 1.247 1.259 1.224 1.217 1.186 1.203 1.210
1.100 1.090 1.110 1.114 1.115 1.090 1.089 1.102 1.090 1.069 1.050 1.038 1.059 1.068 1.092 1.109 1.131 1.144 1.167 1.162 1.180 1.174 1.203 1.231 1.276 1.314 1.340 1.342 1.370 1.394 1.393 1.393 1.404 1.391 1.417 1.437 1.465 1.524 1.573 1.585 1.615 1.661 1.711 1.729 1.718 1.958 2.252 2.298 2.116 1.816 1.502 1.333 1.162 1.086 1.007 0.980 0.947 0.951 0.944 0.963 0.947 0.970 0.971 0.982 0.961 0.933 0.920 0.896 0.873 0.864 0.889 0.891 0.886 0.873 0.863 0.888 0.896
0.999 0.998 1.002 1.014 0.993 0.983 0.993 1.008 1.018 1.007 0.999 0.981 0.985 0.995 1.020 1.038 1.056 1.061 1.074 1.087 1.122 1.115 1.118 1.125 1.140 1.171 1.199 1.216 1.250 1.269 1.293 1.290 1.316 1.325 1.347 1.382 1.407 1.452 1.469 1.483 1.505 1.546 1.628 1.732 1.829 2.068 2.140 1.983 1.803 1.604 1.413 1.264 1.099 1.017 0.924 0.894 0.861 0.858 0.829 0.823 0.807 0.820 0.802 0.804 0.787 0.782 0.759 0.751 0.733 0.711 0.674 0.663 0.645 0.649 0.643 0.643 0.658
0.764 0.745 0.773 0.779 0.805 0.808 0.828 0.847 0.882 0.897 0.901 0.899 0.905 0.893 0.909 0.915 0.926 0.917 0.901 0.888 0.832 0.820 0.823 0.823 0.885 0.907 0.979 1.004 1.047 1.034 1.040 1.059 1.096 1.079 1.048 1.083 1.091 1.126 1.167 1.192 1.246 1.413 1.589 1.745 1.544 1.634 1.675 1.723 1.584 1.373 1.304 1.198 1.049 0.977 0.860 0.800 0.739 0.725 0.670 0.657 0.623 0.624 0.590 0.576 0.540 0.574 0.611 0.653 0.668 0.611 0.518 0.454 0.348 0.358 0.343 0.348 0.342
0.601 0.596 0.602 0.623 0.667 0.695 0.740 0.768 0.822 0.850 0.880 0.890 0.878 0.882 0.909 0.902 0.929 0.925 0.890 0.902 0.889 0.887 0.859 0.828 0.885 0.891 0.985 0.992 1.020 1.029 1.116 1.182 1.219 1.205 1.174 1.168 1.048 1.031 1.037 1.060 1.118 1.167 1.196 1.257 1.224 1.307 1.360 1.387 1.294 1.166 1.150 1.075 0.963 0.916 0.813 0.755 0.676 0.641 0.580 0.564 0.522 0.532 0.496 0.503 0.466 0.533 0.501 0.501 0.448 0.526 0.467 0.454 0.346 0.407 0.386 0.448 0.407
0.433 0.446 0.475 0.512 0.584 0.642 0.712 0.758 0.827 0.901 0.985 1.066 1.159 1.247 1.253 1.316 1.197 1.218 1.098 1.002 0.855 0.826 0.772 0.751 0.831 0.869 0.960 0.952 0.937 0.932 0.918 0.930 0.925 0.961 0.951 0.955 0.901 0.892 0.907 0.917 0.937 0.945 0.939 0.939 0.890 0.860 0.851 0.819 0.901 0.895 0.894 0.853 0.784 0.737 0.672 0.638 0.563 0.552 0.502 0.509 0.468 0.479 0.424 0.422 0.337 0.351 0.269 0.278 0.230 0.255 0.191 0.183 0.142 0.140 0.116 0.126 0.110
0.331 0.364 0.416 0.461 0.541 0.593 0.683 0.740 0.788 0.893 0.970 0.987 0.989 1.002 0.983 0.953 0.881 0.818 0.735 0.703 0.636 0.614 0.538 0.525 0.522 0.521 0.543 0.542 0.541 0.545 0.545 0.544 0.522 0.537 0.516 0.521 0.524 0.506 0.518 0.484 0.498 0.487 0.487 0.475 0.490 0.475 0.495 0.482 0.514 0.525 0.536 0.562 0.537 0.506 0.486 0.469 0.448 0.481 0.474 0.478 0.418 0.404 0.332 0.313 0.214 0.207 0.153 0.145 0.111 0.105 0.080 0.081 0.069 0.070 0.062 0.062 0.057
