data-raw/precipfiles/14_grid_data_14000BP.asc
ncols 144
nrows 72
xllcorner -180
yllcorner -90
cellsize 2.5
nodata_value -9999
[rows 0 to 33 of 72, columns 0 to 76 of 144]
0.333 0.339 0.348 0.336 0.319 0.331 0.330 0.335 0.349 0.362 0.338 0.345 0.348 0.356 0.343 0.341 0.354 0.352 0.351 0.345 0.335 0.348 0.345 0.365 0.353 0.352 0.361 0.350 0.356 0.363 0.363 0.358 0.353 0.357 0.374 0.381 0.364 0.376 0.383 0.392 0.406 0.438 0.423 0.426 0.437 0.424 0.436 0.422 0.401 0.412 0.403 0.402 0.419 0.418 0.416 0.405 0.397 0.412 0.404 0.391 0.391 0.396 0.391 0.417 0.418 0.423 0.437 0.415 0.410 0.403 0.411 0.406 0.402 0.392 0.348 0.358 0.357
0.342 0.332 0.336 0.329 0.324 0.315 0.321 0.322 0.319 0.320 0.314 0.311 0.310 0.316 0.317 0.319 0.317 0.321 0.321 0.320 0.323 0.324 0.324 0.336 0.328 0.331 0.320 0.329 0.319 0.322 0.324 0.321 0.313 0.310 0.298 0.304 0.295 0.295 0.301 0.316 0.293 0.297 0.290 0.288 0.294 0.292 0.289 0.285 0.297 0.284 0.283 0.280 0.278 0.280 0.276 0.283 0.272 0.298 0.294 0.282 0.285 0.287 0.293 0.295 0.297 0.308 0.311 0.317 0.319 0.329 0.333 0.329 0.322 0.333 0.338 0.340 0.339
0.319 0.319 0.320 0.304 0.305 0.305 0.300 0.291 0.283 0.282 0.284 0.280 0.284 0.284 0.280 0.286 0.288 0.289 0.290 0.292 0.299 0.295 0.293 0.298 0.295 0.297 0.297 0.297 0.301 0.300 0.290 0.280 0.269 0.263 0.255 0.260 0.260 0.262 0.277 0.281 0.278 0.275 0.279 0.275 0.275 0.279 0.272 0.263 0.232 0.221 0.210 0.220 0.209 0.208 0.220 0.212 0.223 0.240 0.268 0.281 0.285 0.279 0.279 0.259 0.272 0.275 0.304 0.308 0.318 0.323 0.325 0.332 0.342 0.347 0.350 0.359 0.369
0.350 0.346 0.343 0.336 0.333 0.337 0.331 0.323 0.321 0.311 0.314 0.308 0.296 0.296 0.291 0.284 0.291 0.293 0.288 0.292 0.291 0.294 0.291 0.300 0.291 0.307 0.300 0.299 0.302 0.310 0.294 0.299 0.280 0.292 0.307 0.261 0.247 0.235 0.230 0.229 0.208 0.215 0.287 0.258 0.191 0.190 0.202 0.223 0.192 0.176 0.158 0.167 0.162 0.147 0.142 0.131 0.144 0.162 0.195 0.210 0.220 0.239 0.273 0.238 0.317 0.446 0.371 0.340 0.353 0.352 0.355 0.381 0.442 0.500 0.595 0.615 0.598
0.378 0.374 0.378 0.374 0.366 0.368 0.354 0.348 0.334 0.329 0.317 0.308 0.296 0.295 0.284 0.277 0.277 0.275 0.275 0.279 0.275 0.277 0.281 0.277 0.283 0.277 0.288 0.309 0.292 0.298 0.290 0.290 0.277 0.296 0.229 0.231 0.216 0.197 0.213 0.224 0.214 0.213 0.214 0.208 0.205 0.198 0.172 0.161 0.139 0.151 0.124 0.153 0.128 0.123 0.099 0.090 0.094 0.090 0.104 0.104 0.124 0.148 0.202 0.262 0.308 0.246 0.298 0.336 0.374 0.401 0.442 0.513 0.595 0.713 0.846 0.932 1.198
0.404 0.404 0.408 0.410 0.407 0.404 0.396 0.387 0.378 0.358 0.339 0.321 0.304 0.294 0.279 0.268 0.256 0.257 0.254 0.263 0.271 0.282 0.303 0.326 0.281 0.342 0.380 0.371 0.351 0.243 0.287 0.292 0.209 0.225 0.244 0.249 0.243 0.251 0.257 0.247 0.254 0.327 0.333 0.311 0.228 0.212 0.201 0.186 0.174 0.163 0.192 0.181 0.168 0.148 0.115 0.105 0.088 0.080 0.074 0.078 0.106 0.127 0.194 0.256 0.366 0.344 0.434 0.442 0.503 0.556 0.656 0.715 0.763 0.824 0.889 0.967 1.019
0.535 0.557 0.562 0.558 0.535 0.522 0.490 0.459 0.445 0.423 0.389 0.363 0.345 0.332 0.313 0.301 0.293 0.297 0.303 0.313 0.335 0.357 0.482 0.371 0.380 0.391 0.374 0.356 0.305 0.297 0.419 0.424 0.297 0.316 0.307 0.316 0.307 0.288 0.281 0.255 0.259 0.314 0.325 0.321 0.321 0.335 0.346 0.379 0.394 0.258 0.201 0.267 0.226 0.211 0.155 0.146 0.108 0.109 0.110 0.127 0.242 0.185 0.287 0.336 0.495 0.537 0.690 0.716 0.833 0.867 0.897 0.864 0.836 0.826 0.834 0.908 0.949
0.851 0.637 0.882 0.906 0.904 0.861 0.735 0.676 0.475 0.430 0.400 0.365 0.323 0.450 0.456 0.482 0.485 0.500 0.487 0.394 0.412 0.376 0.460 0.586 0.640 0.717 0.622 0.543 0.470 0.411 0.366 0.483 0.502 0.379 0.363 0.322 0.346 0.347 0.309 0.271 0.235 0.234 0.234 0.246 0.313 0.352 0.426 0.483 0.524 0.489 0.336 0.276 0.293 0.303 0.265 0.257 0.202 0.209 0.242 0.274 0.425 0.463 0.642 0.582 0.909 0.971 1.129 1.186 1.278 1.274 1.224 1.143 1.042 0.982 0.971 1.023 1.047
2.160 1.544 1.467 1.595 1.684 1.445 1.284 1.130 1.084 0.955 0.820 0.770 0.699 0.650 0.630 0.658 0.657 0.624 0.533 0.547 0.505 0.605 0.684 0.761 0.953 1.050 0.806 0.700 0.572 0.491 0.486 0.375 0.349 0.351 0.345 0.371 0.402 0.335 0.325 0.285 0.244 0.224 0.208 0.196 0.262 0.335 0.481 0.765 0.861 0.816 0.515 0.381 0.330 0.393 0.402 0.622 0.856 1.055 1.313 1.455 1.340 1.250 1.415 1.815 1.823 1.870 1.952 2.089 2.118 2.075 1.896 1.736 1.610 1.552 1.524 1.548 1.457
2.750 2.126 2.114 1.841 1.604 1.784 1.490 1.367 1.270 1.154 1.184 1.021 0.943 0.831 0.824 0.864 0.936 1.006 0.920 0.805 0.806 0.912 0.937 0.954 1.026 1.103 1.029 0.993 0.774 0.628 0.516 0.457 0.406 0.384 0.360 0.388 0.386 0.369 0.339 0.410 0.401 0.305 0.211 0.174 0.213 0.340 0.732 0.855 1.066 1.038 0.619 0.479 0.399 0.534 0.774 1.206 1.838 1.713 1.744 1.901 2.087 2.218 2.259 1.622 1.382 1.696 2.775 2.793 2.570 2.385 2.145 2.037 2.037 2.121 1.967 1.839 3.447
1.928 2.278 2.333 1.627 1.578 1.435 1.564 1.343 1.278 1.251 1.409 1.629 1.335 1.552 1.352 1.082 1.070 1.092 1.241 1.094 1.206 1.083 1.086 1.122 1.057 1.056 1.010 0.902 0.760 0.666 0.595 0.520 0.436 0.401 0.366 0.345 0.327 0.510 0.414 0.503 0.498 0.361 0.258 0.244 0.269 0.417 0.687 0.934 1.232 1.330 1.082 0.986 0.952 1.081 1.520 2.157 1.829 2.037 2.154 2.131 2.164 2.361 2.680 2.676 3.411 3.670 3.430 3.011 2.794 2.648 2.402 2.392 2.486 2.637 4.321 3.403 2.920
2.327 2.360 2.135 1.941 1.879 1.687 1.515 1.441 1.329 1.730 2.272 2.622 4.539 4.497 4.234 4.391 2.277 1.074 0.957 1.313 1.522 1.376 0.961 1.177 1.064 1.001 0.899 0.833 0.760 0.682 0.591 0.538 0.466 0.413 0.408 0.421 0.487 0.550 0.519 0.505 0.489 0.396 0.365 0.327 0.287 0.401 0.753 1.029 1.344 1.433 1.393 1.160 1.322 1.368 2.169 1.914 2.224 2.256 2.236 2.125 2.072 2.082 2.162 2.191 2.233 2.342 2.459 2.539 2.419 4.386 2.156 2.287 2.458 4.833 4.699 1.870 1.886
2.395 2.472 2.392 2.231 2.208 2.065 1.920 1.965 2.038 2.197 4.085 3.648 5.840 7.162 5.260 10.422 9.137 5.086 3.638 1.439 1.287 1.216 1.108 1.065 1.131 1.062 0.983 0.863 0.837 0.768 0.743 0.581 0.507 0.481 0.485 0.542 0.538 0.559 0.554 0.575 0.514 0.402 0.368 0.358 0.386 0.514 0.834 1.160 1.441 1.695 1.883 1.926 1.917 1.995 2.434 2.296 2.451 2.464 2.489 2.331 2.234 2.172 2.175 2.180 2.205 2.197 2.212 2.213 2.137 3.264 2.383 1.885 2.266 2.481 5.038 3.136 2.563
2.530 2.562 2.610 2.576 2.632 2.778 3.119 2.893 2.177 2.372 4.257 3.886 3.460 3.669 3.878 4.058 3.885 7.532 7.534 4.804 2.445 1.214 1.125 0.983 0.946 1.009 1.003 1.004 0.938 0.938 0.903 0.712 0.605 0.549 0.502 0.529 0.628 0.609 0.536 0.567 0.618 0.510 0.465 0.460 0.501 0.592 0.824 1.380 1.674 1.808 2.270 2.331 2.448 2.324 2.343 2.346 2.402 2.517 2.562 2.480 2.368 2.279 2.232 2.243 2.200 2.182 2.098 2.104 2.930 3.853 2.642 1.865 2.100 2.354 2.162 2.846 2.142
2.603 2.624 2.703 2.770 3.213 3.793 3.023 3.019 2.941 2.965 3.079 3.216 3.347 3.409 3.572 3.689 3.824 3.950 5.452 6.861 5.699 1.654 0.955 1.328 1.073 1.117 0.972 0.902 0.990 1.105 1.100 0.981 0.766 0.641 0.673 0.636 0.624 0.545 0.534 0.770 0.654 0.557 0.590 0.584 0.626 0.790 0.963 1.345 1.749 2.014 2.216 2.470 2.608 2.408 2.302 2.175 2.207 2.308 2.305 2.343 2.276 2.302 2.320 2.347 2.369 2.365 2.205 2.324 2.656 2.159 2.699 2.154 1.704 2.201 2.307 2.482 1.903
2.662 3.510 2.951 2.817 2.841 2.920 2.916 2.991 2.994 3.098 3.157 3.161 3.175 3.211 3.381 3.507 3.740 4.032 4.148 7.627 8.338 4.342 1.691 0.946 1.505 1.064 0.785 0.626 0.647 0.792 1.017 1.291 1.291 1.204 1.330 1.342 1.139 0.944 0.847 0.806 0.825 0.817 0.805 0.909 0.993 1.188 1.254 1.566 2.139 2.090 2.196 2.396 2.551 2.457 2.434 2.381 2.405 2.410 2.456 2.431 2.385 2.434 2.538 2.610 2.601 2.563 2.426 4.994 3.489 2.567 2.991 1.906 1.799 2.134 2.321 2.601 2.019
2.844 2.948 2.969 3.029 3.021 3.016 3.075 3.162 3.217 3.382 3.426 3.426 3.435 3.473 3.423 3.421 3.665 3.943 4.099 4.272 4.061 8.247 4.716 2.747 0.964 1.224 1.093 0.694 0.717 0.669 0.781 1.049 1.371 1.735 2.169 2.345 2.017 1.610 1.386 1.410 1.495 1.507 1.364 1.461 1.414 1.747 1.852 2.221 2.727 2.646 2.771 2.413 2.493 2.514 2.545 2.836 2.853 2.785 2.631 2.701 2.716 2.755 2.823 2.917 2.904 2.728 2.586 2.583 2.399 2.445 2.776 2.289 1.918 2.003 2.626 2.540 2.491
3.237 3.309 3.301 3.306 3.290 3.294 3.386 3.383 3.484 3.775 3.850 3.950 3.906 3.928 3.860 3.794 3.724 3.804 3.973 4.208 3.974 3.472 5.244 2.715 1.040 1.705 1.085 1.061 0.966 0.774 0.860 1.043 1.322 1.902 2.734 3.238 2.911 2.292 2.235 2.150 2.340 2.204 2.248 2.388 2.176 2.344 2.896 3.629 3.180 3.979 3.570 2.817 2.701 2.792 2.980 3.198 3.095 2.927 2.802 2.816 2.835 2.900 2.929 2.879 2.764 2.610 2.594 2.591 2.568 2.480 2.064 2.424 2.444 2.199 3.075 3.240 2.594
3.764 3.769 3.968 3.928 4.011 3.835 3.847 3.930 3.946 4.175 4.424 4.300 4.140 4.215 4.055 4.015 3.876 3.592 3.663 3.613 3.501 3.583 5.677 2.652 1.417 1.561 0.966 1.324 0.823 1.042 1.173 1.203 1.490 1.960 2.463 3.004 2.989 2.764 2.576 2.858 2.985 3.285 3.416 3.458 3.838 3.744 3.957 4.068 4.162 3.951 3.640 3.425 3.303 3.753 4.084 3.625 3.278 3.154 3.087 3.085 2.917 2.885 2.586 2.629 2.566 2.642 2.725 2.702 5.192 3.845 3.415 3.804 2.698 2.887 2.475 2.485 2.335
4.344 4.509 4.742 4.667 4.617 4.433 4.487 4.485 4.598 4.686 4.528 4.462 4.420 4.394 4.194 4.182 3.952 3.983 3.719 3.609 3.696 3.804 6.388 3.281 1.358 1.562 1.221 1.379 0.915 1.388 1.480 1.678 2.044 2.354 2.812 3.036 3.164 3.118 3.058 3.516 4.167 4.228 4.379 4.212 4.073 4.611 5.112 5.749 5.712 5.687 5.076 4.701 4.364 4.422 4.114 3.732 3.616 3.492 3.356 3.101 2.786 2.638 2.584 2.557 2.457 2.615 2.749 2.842 5.689 3.085 2.193 1.684 1.911 2.406 2.179 2.505 2.469
5.217 5.052 4.858 4.708 4.797 4.750 4.647 4.671 4.645 4.478 4.369 4.351 4.476 4.297 4.193 4.057 3.779 3.450 3.359 3.367 3.402 2.975 7.252 5.494 2.105 1.780 -9999 1.130 1.251 1.672 1.626 1.950 2.436 3.166 3.700 3.706 3.873 4.004 3.925 4.198 4.329 4.772 4.649 5.952 5.760 5.527 5.788 5.870 5.516 4.963 4.589 4.149 4.188 3.944 3.726 3.599 3.412 3.125 2.898 2.738 2.557 2.474 2.355 2.332 2.390 2.376 2.552 2.858 3.849 3.326 2.763 1.826 2.235 1.981 1.204 1.952 1.349
5.331 5.178 4.953 4.740 4.783 4.657 4.479 4.469 4.368 4.269 4.337 4.415 4.276 3.999 3.683 3.457 3.255 3.022 2.917 2.834 2.830 2.491 1.889 3.439 3.009 -9999 4.111 1.276 0.982 1.352 1.498 1.914 2.985 3.972 4.571 4.829 5.215 5.378 5.460 4.901 4.577 4.563 5.620 6.700 6.064 5.253 4.998 4.931 4.702 4.334 4.067 3.855 3.804 3.558 3.426 3.252 3.140 3.055 2.687 2.486 2.367 2.331 2.387 2.268 2.365 2.369 2.472 2.497 4.538 3.517 2.725 1.550 1.688 1.700 1.778 1.498 1.059
4.753 4.681 4.610 4.366 4.323 4.191 4.036 3.979 3.853 3.921 3.976 3.960 4.029 3.622 3.264 2.862 2.648 2.426 2.201 2.073 2.017 2.016 1.742 3.888 3.589 1.948 2.976 2.235 1.430 1.161 1.269 1.785 2.496 4.008 5.228 5.605 5.837 5.581 5.203 4.643 4.467 4.729 6.143 5.714 5.083 4.660 4.471 4.347 4.069 3.818 3.569 3.171 3.354 3.199 2.983 2.768 2.522 2.505 2.278 2.167 2.090 2.146 2.064 1.992 2.118 2.201 2.330 2.184 2.620 2.989 1.964 1.048 0.763 0.673 0.510 0.601 0.700
3.781 3.755 3.830 3.678 3.552 3.278 3.139 3.138 3.112 3.224 3.189 3.136 3.061 2.915 2.672 2.291 1.961 1.675 1.450 1.270 1.139 1.128 1.089 1.066 0.700 1.263 0.678 2.631 1.903 2.350 1.067 1.458 2.175 3.438 5.463 5.511 5.369 5.033 4.459 4.060 4.131 4.705 4.292 4.151 4.104 4.171 4.154 4.152 4.075 3.782 3.420 3.091 2.841 2.628 2.448 2.270 2.139 2.075 1.922 1.782 1.697 1.701 1.557 1.460 1.301 1.300 1.371 1.310 1.964 1.788 -9999 0.598 0.324 0.204 0.135 0.170 0.357
2.553 2.574 2.675 2.533 2.406 2.303 2.285 2.172 2.303 2.505 2.549 2.647 2.558 2.274 2.000 1.728 1.510 1.257 1.025 0.817 0.727 0.663 0.665 0.583 0.401 0.455 0.352 0.718 2.170 2.677 0.879 1.112 2.139 3.737 5.527 4.886 4.103 3.382 3.819 3.495 2.922 3.535 3.443 3.544 3.574 3.567 3.429 3.338 3.195 2.775 2.328 1.922 1.922 1.905 1.930 1.910 1.805 1.731 1.616 1.492 1.279 1.122 0.898 0.842 1.183 1.339 0.636 0.959 0.679 0.551 0.494 0.199 0.096 0.169 0.164 0.115 0.122
1.916 1.925 2.026 2.035 2.034 1.902 1.818 1.772 1.968 2.017 2.051 2.023 2.043 1.684 1.498 1.297 1.113 0.936 0.783 0.655 0.607 0.564 0.527 0.424 0.303 0.207 0.199 0.399 1.896 5.108 0.995 0.899 1.832 2.836 3.675 3.239 2.665 2.324 2.732 3.454 2.853 2.585 2.581 2.994 3.212 3.264 3.002 2.747 2.483 2.059 1.781 1.551 1.528 1.661 1.629 1.684 1.568 1.516 1.286 1.080 0.858 0.683 0.536 0.430 0.404 0.372 0.342 -9999 -9999 -9999 -9999 -9999 0.099 0.304 0.954 -9999 -9999
1.656 1.614 1.684 1.743 1.837 1.768 1.705 1.636 1.680 1.665 1.605 1.486 1.338 1.093 1.026 0.931 0.806 0.681 0.626 0.625 0.647 0.610 0.563 0.430 0.366 0.269 0.249 0.544 1.302 4.121 2.413 1.080 2.344 2.932 3.271 2.684 1.905 1.841 2.933 3.568 2.942 1.752 1.907 2.372 2.735 2.803 2.859 2.629 2.389 2.100 1.825 1.585 1.489 1.483 1.427 1.362 1.205 1.058 0.881 0.718 0.564 0.440 0.363 0.336 0.460 0.309 0.422 -9999 -9999 -9999 -9999 -9999 0.064 -9999 -9999 -9999 -9999
1.749 1.724 1.752 1.805 1.939 1.993 1.957 1.751 1.531 1.312 1.333 1.102 0.930 0.871 0.790 0.749 0.720 0.650 0.633 0.647 0.647 0.638 0.570 0.426 0.394 0.421 0.531 0.647 1.007 4.458 4.114 2.463 4.550 5.874 3.002 3.127 3.138 2.998 3.253 3.058 3.354 3.482 2.906 2.190 2.737 2.858 2.833 2.480 2.246 1.849 1.511 1.286 1.233 1.103 1.024 0.947 0.858 0.750 0.621 0.490 0.412 0.362 0.404 0.466 0.724 0.259 0.213 -9999 -9999 -9999 -9999 -9999 -9999 -9999 -9999 -9999 -9999
1.559 1.647 1.563 1.513 1.536 1.601 1.715 1.588 1.545 5.131 1.062 0.949 0.852 0.834 0.769 0.725 0.706 0.672 0.669 0.667 0.638 0.678 0.749 0.726 0.771 0.901 1.213 1.585 1.743 2.648 2.980 3.410 3.334 9.304 10.266 6.733 4.965 3.114 2.369 2.214 4.104 4.197 3.422 5.198 7.035 7.318 2.721 2.264 2.128 1.778 1.433 1.210 1.223 1.198 1.089 0.997 0.861 0.737 0.616 0.497 0.415 0.398 0.441 0.573 0.916 0.311 0.157 0.214 0.174 -9999 -9999 -9999 -9999 -9999 -9999 -9999 -9999
1.300 1.327 1.164 1.072 0.975 0.943 0.908 0.891 0.840 0.731 0.708 0.659 0.587 0.655 0.673 0.728 0.749 0.750 0.804 0.859 0.922 1.089 1.200 1.416 1.779 2.137 2.371 2.811 3.191 3.343 3.670 3.011 4.817 4.192 5.748 10.879 9.888 7.295 9.414 3.020 2.486 2.247 2.149 2.027 2.384 2.197 1.935 4.652 1.693 1.504 1.304 1.233 1.283 1.413 1.416 1.258 1.113 1.082 0.938 0.821 0.739 0.655 0.716 0.798 1.036 0.534 -9999 -9999 -9999 -9999 -9999 -9999 -9999 -9999 -9999 -9999 -9999
1.218 1.158 1.043 0.968 0.934 0.951 0.914 0.847 0.870 0.851 0.780 0.779 0.775 0.843 0.958 1.041 1.242 1.445 1.682 1.965 2.282 2.681 3.264 3.802 4.374 4.642 5.003 5.468 5.887 5.859 5.924 5.938 5.722 4.917 5.834 8.329 7.189 4.891 8.689 3.809 2.236 1.610 1.231 1.153 1.261 1.409 1.539 1.799 1.854 1.799 1.446 1.371 1.503 1.642 1.656 1.608 1.534 1.572 1.710 1.826 1.653 1.441 1.302 1.180 1.222 1.396 -9999 -9999 -9999 -9999 -9999 -9999 -9999 -9999 -9999 -9999 -9999
2.089 1.996 1.807 1.840 1.911 2.020 2.054 2.102 2.231 2.312 2.383 2.449 2.436 2.538 2.663 2.729 3.105 3.356 3.688 4.224 4.743 5.207 6.054 7.024 8.057 8.738 9.703 10.180 10.788 10.222 9.520 8.528 6.970 6.180 5.855 4.691 4.642 6.444 10.885 5.063 3.641 4.232 4.388 2.003 2.575 3.611 3.736 4.374 1.825 1.776 1.645 1.764 1.886 2.116 2.149 2.131 2.127 2.223 2.308 2.154 2.232 2.157 2.617 2.676 2.621 3.524 4.406 3.773 -9999 -9999 -9999 -9999 -9999 -9999 -9999 -9999 -9999
4.237 4.034 3.908 3.900 4.014 4.344 4.535 4.624 4.818 4.955 5.060 5.108 5.403 5.433 5.533 5.744 6.172 6.305 6.484 6.552 7.007 7.435 8.044 8.766 9.752 11.075 12.860 14.236 15.024 14.188 13.173 11.713 10.917 10.094 9.074 7.401 6.618 7.842 14.037 7.919 8.951 6.410 5.425 3.935 3.361 2.896 3.045 4.261 4.724 1.634 1.947 2.417 2.939 3.565 3.830 3.984 4.187 4.392 4.471 4.477 4.556 4.602 5.064 5.073 4.618 4.849 7.371 6.739 4.931 3.361 2.954 3.260 3.311 3.078 3.194 3.096 3.123
6.568 6.305 6.323 6.289 6.179 6.396 6.409 6.541 6.305 6.379 6.256 5.950 5.829 5.667 5.553 5.483 5.564 5.455 5.359 5.372 5.464 5.887 6.507 7.450 8.683 9.751 10.367 11.723 12.275 12.250 11.858 11.794 11.976 12.672 13.524 14.867 16.576 16.984 14.368 9.115 19.251 35.147 6.186 9.219 5.843 5.950 6.367 5.515 6.156 5.117 5.139 3.376 3.361 4.953 6.006 6.593 6.639 6.974 6.832 6.704 6.798 6.972 6.483 5.877 5.368 5.021 5.961 6.844 5.801 3.783 3.509 3.611 3.087 3.873 5.095 5.352 4.494
