data-raw/precipfiles/15_grid_data_15000BP.asc
ncols 144
nrows 72
xllcorner -180
yllcorner -90
cellsize 2.5
nodata_value -9999
[rows 0 to 33 of 72, columns 0 to 76 of 144]
0.272 0.276 0.285 0.275 0.262 0.272 0.270 0.276 0.287 0.298 0.277 0.281 0.285 0.289 0.275 0.275 0.286 0.282 0.281 0.275 0.267 0.276 0.273 0.287 0.275 0.274 0.282 0.274 0.277 0.284 0.281 0.276 0.270 0.270 0.280 0.285 0.274 0.283 0.290 0.297 0.311 0.336 0.326 0.329 0.340 0.332 0.344 0.334 0.317 0.326 0.322 0.324 0.339 0.340 0.340 0.333 0.327 0.340 0.334 0.324 0.324 0.327 0.326 0.345 0.346 0.348 0.358 0.338 0.339 0.334 0.344 0.340 0.336 0.328 0.289 0.292 0.290
0.279 0.271 0.275 0.270 0.266 0.259 0.264 0.267 0.264 0.264 0.259 0.256 0.256 0.261 0.260 0.261 0.260 0.262 0.262 0.261 0.261 0.261 0.260 0.267 0.260 0.261 0.250 0.255 0.245 0.246 0.246 0.244 0.237 0.235 0.226 0.231 0.225 0.226 0.231 0.244 0.227 0.231 0.227 0.226 0.231 0.231 0.229 0.228 0.237 0.227 0.227 0.226 0.224 0.227 0.224 0.229 0.222 0.243 0.241 0.231 0.233 0.235 0.241 0.244 0.244 0.254 0.255 0.259 0.261 0.269 0.273 0.269 0.262 0.271 0.275 0.276 0.274
0.258 0.258 0.259 0.246 0.247 0.247 0.244 0.239 0.233 0.232 0.234 0.231 0.234 0.234 0.231 0.235 0.235 0.236 0.237 0.238 0.242 0.236 0.233 0.235 0.228 0.227 0.223 0.221 0.221 0.218 0.211 0.204 0.197 0.194 0.189 0.194 0.197 0.200 0.213 0.217 0.216 0.216 0.221 0.220 0.221 0.226 0.222 0.216 0.190 0.181 0.172 0.180 0.171 0.170 0.180 0.173 0.182 0.197 0.221 0.234 0.238 0.234 0.235 0.219 0.230 0.231 0.254 0.255 0.262 0.265 0.265 0.269 0.276 0.279 0.281 0.286 0.293
0.287 0.283 0.281 0.275 0.272 0.276 0.272 0.266 0.266 0.259 0.261 0.257 0.249 0.251 0.247 0.241 0.247 0.249 0.244 0.247 0.245 0.246 0.242 0.248 0.238 0.247 0.237 0.230 0.228 0.228 0.216 0.220 0.209 0.222 0.238 0.204 0.194 0.187 0.183 0.183 0.168 0.174 0.236 0.212 0.157 0.156 0.167 0.185 0.159 0.145 0.131 0.137 0.132 0.118 0.114 0.105 0.115 0.130 0.157 0.169 0.178 0.193 0.220 0.195 0.261 0.371 0.306 0.279 0.285 0.282 0.283 0.300 0.343 0.384 0.455 0.478 0.471
0.331 0.327 0.328 0.321 0.312 0.312 0.299 0.293 0.282 0.278 0.269 0.263 0.254 0.256 0.248 0.242 0.243 0.242 0.242 0.245 0.243 0.245 0.247 0.243 0.246 0.238 0.240 0.258 0.239 0.240 0.230 0.230 0.222 0.240 0.188 0.191 0.180 0.163 0.177 0.186 0.179 0.178 0.180 0.175 0.172 0.166 0.143 0.134 0.115 0.124 0.101 0.125 0.103 0.098 0.078 0.070 0.072 0.069 0.080 0.080 0.096 0.116 0.158 0.210 0.248 0.200 0.245 0.278 0.309 0.326 0.355 0.407 0.465 0.550 0.649 0.726 0.938
0.387 0.384 0.383 0.381 0.370 0.363 0.351 0.339 0.330 0.312 0.295 0.280 0.266 0.259 0.247 0.239 0.230 0.231 0.230 0.239 0.250 0.260 0.282 0.296 0.255 0.311 0.336 0.328 0.321 0.224 0.263 0.267 0.187 0.200 0.213 0.215 0.206 0.209 0.213 0.206 0.214 0.280 0.285 0.266 0.193 0.179 0.170 0.156 0.145 0.133 0.154 0.142 0.131 0.114 0.086 0.076 0.063 0.059 0.055 0.059 0.081 0.098 0.152 0.207 0.304 0.289 0.367 0.373 0.430 0.474 0.554 0.596 0.625 0.662 0.710 0.780 0.848
0.491 0.507 0.516 0.518 0.498 0.484 0.447 0.411 0.394 0.371 0.337 0.311 0.295 0.283 0.265 0.257 0.250 0.259 0.270 0.283 0.308 0.322 0.415 0.291 0.316 0.344 0.357 0.342 0.299 0.288 0.403 0.403 0.276 0.290 0.276 0.280 0.266 0.244 0.234 0.210 0.214 0.268 0.280 0.280 0.281 0.293 0.302 0.327 0.335 0.215 0.163 0.211 0.173 0.162 0.115 0.109 0.080 0.082 0.085 0.100 0.196 0.152 0.241 0.290 0.437 0.477 0.619 0.644 0.728 0.743 0.751 0.714 0.687 0.664 0.655 0.713 0.756
0.791 0.591 0.821 0.842 0.856 0.820 0.698 0.632 0.439 0.396 0.364 0.332 0.291 0.403 0.410 0.436 0.438 0.448 0.443 0.367 0.388 0.362 0.430 0.538 0.576 0.673 0.603 0.537 0.473 0.411 0.362 0.471 0.483 0.359 0.339 0.297 0.314 0.308 0.269 0.230 0.195 0.196 0.200 0.215 0.279 0.317 0.381 0.425 0.453 0.415 0.277 0.221 0.226 0.234 0.205 0.205 0.158 0.167 0.198 0.230 0.367 0.409 0.582 0.540 0.855 0.923 1.067 1.124 1.167 1.136 1.060 0.993 0.902 0.847 0.823 0.856 0.862
2.110 1.517 1.426 1.545 1.625 1.394 1.236 1.085 1.036 0.909 0.784 0.739 0.670 0.625 0.611 0.632 0.636 0.584 0.501 0.530 0.493 0.607 0.711 0.789 0.980 1.073 0.815 0.705 0.573 0.492 0.485 0.373 0.346 0.346 0.338 0.360 0.385 0.316 0.301 0.258 0.213 0.189 0.174 0.166 0.232 0.303 0.435 0.676 0.747 0.693 0.426 0.303 0.259 0.307 0.320 0.504 0.692 0.873 1.112 1.268 1.205 1.156 1.345 1.756 1.802 1.872 1.948 2.050 2.004 1.916 1.740 1.626 1.529 1.472 1.422 1.413 1.308
2.678 2.077 2.071 1.806 1.578 1.757 1.462 1.342 1.247 1.128 1.160 1.037 0.949 0.827 0.829 0.816 0.806 0.877 0.807 0.728 0.814 0.938 0.970 0.966 1.031 1.094 1.020 0.987 0.769 0.626 0.516 0.457 0.405 0.383 0.360 0.384 0.377 0.356 0.319 0.376 0.355 0.258 0.171 0.138 0.177 0.299 0.645 0.732 0.910 0.884 0.522 0.389 0.309 0.414 0.614 0.979 1.545 1.473 1.557 1.772 2.009 2.215 2.290 1.631 1.377 1.729 2.838 2.838 2.580 2.354 2.119 2.018 2.032 2.108 1.945 1.782 3.259
1.873 2.222 2.270 1.573 1.532 1.402 1.528 1.316 1.254 1.232 1.383 1.617 1.354 1.538 1.358 1.090 0.984 1.003 1.136 1.000 1.159 1.093 1.094 1.110 1.028 1.013 0.964 0.864 0.736 0.650 0.586 0.514 0.431 0.396 0.364 0.344 0.323 0.496 0.395 0.467 0.447 0.308 0.208 0.188 0.210 0.342 0.588 0.781 1.031 1.120 0.914 0.816 0.743 0.853 1.228 1.786 1.548 1.785 1.954 2.008 2.106 2.387 2.780 2.812 3.499 3.799 3.563 3.115 2.865 2.686 2.438 2.428 2.533 2.667 4.292 3.413 2.879
2.263 2.302 2.067 1.862 1.781 1.609 1.449 1.387 1.285 1.688 2.217 2.533 4.384 4.351 4.132 4.304 2.245 1.066 0.951 1.287 1.469 1.314 0.906 1.097 0.982 0.915 0.818 0.758 0.697 0.633 0.555 0.510 0.444 0.394 0.390 0.410 0.480 0.534 0.500 0.476 0.447 0.346 0.304 0.258 0.216 0.310 0.612 0.814 1.056 1.158 1.140 0.926 1.025 1.075 1.762 1.593 1.908 2.000 2.061 2.008 2.001 2.047 2.167 2.232 2.295 2.418 2.554 2.640 2.505 4.507 2.200 2.332 2.525 4.970 4.692 1.875 1.952
2.273 2.355 2.285 2.128 2.099 1.969 1.828 1.863 1.963 2.136 4.013 3.578 5.721 7.034 5.211 10.330 9.009 4.888 3.470 1.360 1.199 1.111 0.994 0.953 1.006 0.938 0.865 0.754 0.733 0.676 0.659 0.521 0.463 0.441 0.446 0.503 0.514 0.548 0.547 0.561 0.489 0.367 0.323 0.299 0.296 0.378 0.623 0.910 1.118 1.303 1.371 1.333 1.259 1.388 1.788 1.787 1.997 2.089 2.174 2.066 2.006 1.957 1.970 2.009 2.067 2.109 2.168 2.203 2.172 3.328 2.437 1.977 2.393 2.653 5.381 3.330 2.747
2.372 2.419 2.484 2.462 2.526 2.684 3.025 2.798 2.111 2.311 4.203 3.855 3.436 3.649 3.884 4.080 3.888 7.378 7.196 4.496 2.233 1.085 0.985 0.856 0.830 0.888 0.893 0.892 0.830 0.825 0.788 0.619 0.523 0.476 0.437 0.463 0.555 0.558 0.500 0.533 0.574 0.458 0.402 0.379 0.387 0.437 0.588 0.999 1.266 1.384 1.669 1.627 1.614 1.599 1.706 1.823 1.944 2.102 2.186 2.142 2.041 1.968 1.924 1.960 1.967 2.012 1.984 2.044 2.964 3.946 2.738 1.972 2.240 2.541 2.357 3.121 2.354
2.437 2.479 2.582 2.665 3.109 3.700 2.965 2.978 2.910 2.938 3.050 3.193 3.335 3.412 3.589 3.714 3.842 3.935 5.349 6.546 5.298 1.497 0.843 1.164 0.944 1.015 0.909 0.847 0.931 1.015 0.994 0.860 0.649 0.527 0.549 0.518 0.509 0.447 0.442 0.641 0.546 0.452 0.465 0.444 0.461 0.575 0.696 0.986 1.293 1.528 1.696 1.832 1.857 1.769 1.785 1.807 1.888 2.018 2.033 2.082 2.012 2.023 2.022 2.055 2.128 2.204 2.103 2.273 2.711 2.276 2.859 2.303 1.828 2.357 2.496 2.709 2.109
2.542 3.370 2.844 2.727 2.760 2.851 2.862 2.954 2.969 3.077 3.130 3.106 3.125 3.172 3.369 3.506 3.750 4.060 4.142 7.520 8.073 4.106 1.549 0.842 1.339 0.942 0.736 0.578 0.581 0.705 0.930 1.175 1.121 0.992 1.039 1.022 0.864 0.718 0.641 0.608 0.612 0.591 0.576 0.645 0.699 0.847 0.899 1.141 1.583 1.570 1.741 1.883 1.977 1.951 2.009 2.065 2.138 2.175 2.229 2.219 2.170 2.201 2.289 2.364 2.410 2.460 2.381 4.987 3.476 2.595 3.028 1.942 1.844 2.181 2.379 2.680 2.094
2.747 2.849 2.870 2.941 2.944 2.947 3.012 3.113 3.176 3.346 3.389 3.367 3.368 3.422 3.402 3.410 3.663 3.970 4.149 4.304 4.068 8.143 4.542 2.601 0.894 1.119 0.999 0.643 0.643 0.605 0.726 0.979 1.180 1.504 1.801 1.906 1.579 1.251 1.079 1.098 1.156 1.146 1.036 1.110 1.086 1.381 1.469 1.797 2.163 2.150 2.285 2.044 2.107 2.143 2.220 2.527 2.584 2.566 2.416 2.501 2.534 2.565 2.639 2.747 2.774 2.687 2.597 2.631 2.435 2.445 2.750 2.253 1.902 1.991 2.615 2.537 2.505
3.146 3.210 3.207 3.216 3.200 3.219 3.312 3.317 3.426 3.717 3.796 3.893 3.866 3.914 3.881 3.821 3.725 3.822 4.030 4.314 4.097 3.554 5.249 2.695 1.033 1.688 1.049 1.003 0.901 0.748 0.863 1.039 1.189 1.644 2.419 2.808 2.442 1.858 1.841 1.798 1.964 1.849 1.886 2.007 1.839 2.026 2.555 3.205 2.836 3.546 3.199 2.552 2.453 2.559 2.751 2.960 2.872 2.722 2.618 2.660 2.699 2.781 2.811 2.791 2.730 2.635 2.659 2.673 2.643 2.515 2.048 2.360 2.365 2.176 3.036 3.214 2.580
3.703 3.708 3.936 3.902 4.000 3.807 3.823 3.911 3.917 4.135 4.371 4.255 4.131 4.258 4.140 4.118 3.947 3.649 3.742 3.729 3.642 3.761 5.956 2.738 1.455 1.570 0.975 1.319 0.824 1.093 1.294 1.378 1.553 1.947 2.430 2.786 2.699 2.435 2.326 2.626 2.787 3.099 3.223 3.264 3.678 3.619 3.861 3.984 4.117 3.903 3.569 3.349 3.217 3.620 3.918 3.450 3.091 2.982 2.938 2.979 2.827 2.803 2.511 2.572 2.546 2.662 2.786 2.773 5.288 3.893 3.413 3.774 2.647 2.876 2.448 2.429 2.242
4.358 4.531 4.782 4.709 4.671 4.471 4.519 4.513 4.614 4.687 4.511 4.439 4.452 4.489 4.351 4.376 4.115 4.147 3.867 3.768 3.881 4.035 6.893 3.529 1.494 1.654 1.294 1.443 0.950 1.400 1.491 1.788 2.132 2.390 2.806 2.914 2.979 2.889 2.837 3.400 4.123 4.290 4.385 4.209 4.118 4.803 5.364 6.053 6.007 5.969 5.256 4.811 4.423 4.420 4.081 3.667 3.544 3.407 3.286 3.042 2.716 2.568 2.534 2.525 2.445 2.593 2.761 2.888 5.773 3.089 2.186 1.684 1.950 2.453 2.209 2.520 2.384
5.332 5.177 4.982 4.825 4.884 4.824 4.709 4.721 4.700 4.526 4.398 4.382 4.558 4.455 4.410 4.307 4.028 3.684 3.577 3.573 3.590 3.171 7.903 5.974 2.363 2.036 -9999 1.240 1.345 1.639 1.536 1.876 2.442 3.142 3.624 3.554 3.700 3.846 3.703 4.085 4.430 5.045 4.904 6.103 5.926 5.804 6.202 6.300 5.901 5.253 4.777 4.266 4.263 3.998 3.762 3.618 3.435 3.150 2.912 2.740 2.530 2.394 2.308 2.305 2.380 2.324 2.499 2.910 3.924 3.356 2.734 1.831 2.283 2.028 1.210 1.955 1.333
5.415 5.286 5.076 4.863 4.881 4.721 4.522 4.507 4.431 4.351 4.444 4.557 4.457 4.223 3.883 3.661 3.432 3.189 3.064 2.962 2.963 2.628 2.050 3.772 3.346 -9999 1.902 1.352 1.073 1.429 1.549 2.092 3.317 4.210 4.592 4.718 5.090 5.351 5.232 4.913 4.925 4.878 6.021 7.143 6.256 5.371 5.115 5.060 4.802 4.388 4.113 3.872 3.797 3.529 3.379 3.182 3.063 2.987 2.621 2.401 2.267 2.209 2.325 2.194 2.228 2.156 2.246 2.371 4.512 3.536 2.660 1.510 1.655 1.700 1.749 1.432 1.011
4.854 4.801 4.732 4.475 4.409 4.250 4.076 4.030 3.959 4.063 4.154 4.122 4.228 3.825 3.426 3.003 2.740 2.502 2.246 2.100 2.065 2.085 1.847 4.150 3.903 2.139 1.802 2.270 1.520 1.304 1.310 1.934 2.772 4.329 5.327 5.577 5.678 5.487 5.166 4.661 4.863 5.190 6.605 6.169 5.396 4.812 4.578 4.409 4.100 3.820 3.541 3.119 3.257 3.054 2.822 2.583 2.355 2.340 2.126 1.998 1.914 1.968 1.901 1.857 1.869 1.881 1.926 1.970 2.462 2.913 1.801 0.966 0.736 0.656 0.434 0.457 0.589
3.894 3.880 3.956 3.799 3.628 3.330 3.194 3.216 3.257 3.399 3.327 3.228 3.143 3.006 2.731 2.327 1.989 1.681 1.433 1.240 1.114 1.124 1.107 1.124 0.773 1.431 0.671 2.269 1.981 2.917 1.080 1.463 2.269 3.567 5.481 5.555 5.352 4.837 4.408 4.208 4.362 5.068 4.647 4.556 4.488 4.466 4.332 4.224 4.087 3.754 3.353 2.979 2.639 2.376 2.156 1.970 1.874 1.832 1.705 1.571 1.496 1.502 1.313 1.175 0.977 0.975 1.066 1.203 1.791 1.638 -9999 0.576 0.286 0.160 0.095 0.119 0.295
2.621 2.631 2.701 2.560 2.412 2.308 2.317 2.227 2.381 2.573 2.561 2.629 2.536 2.268 1.987 1.705 1.491 1.239 1.005 0.793 0.692 0.637 0.660 0.619 0.436 0.508 0.384 0.922 2.219 2.900 0.921 1.123 2.129 3.716 5.400 4.966 4.363 3.645 4.014 3.805 3.155 3.713 3.677 3.796 3.845 3.757 3.509 3.306 3.072 2.613 2.198 1.817 1.802 1.777 1.752 1.700 1.579 1.502 1.387 1.273 1.084 0.943 0.733 0.642 0.862 0.976 0.482 0.804 0.621 0.504 0.457 0.153 0.065 0.124 0.117 0.095 0.110
1.871 1.839 1.926 1.956 1.942 1.848 1.797 1.783 1.975 2.021 1.997 1.970 1.992 1.651 1.448 1.237 1.062 0.886 0.739 0.610 0.557 0.520 0.502 0.413 0.277 0.192 0.173 0.380 1.842 5.148 1.103 0.944 1.800 2.775 3.545 3.242 2.789 2.519 2.790 3.504 2.941 2.600 2.591 2.984 3.230 3.192 2.876 2.578 2.263 1.803 1.544 1.354 1.351 1.435 1.403 1.414 1.305 1.262 1.049 0.880 0.690 0.541 0.415 0.318 0.289 0.278 0.320 -9999 -9999 -9999 -9999 -9999 0.129 0.569 1.526 -9999 -9999
1.554 1.488 1.552 1.621 1.734 1.738 1.729 1.699 1.733 1.665 1.572 1.470 1.337 1.098 1.018 0.900 0.778 0.641 0.569 0.545 0.560 0.534 0.511 0.389 0.307 0.208 0.194 0.486 1.241 3.944 2.526 1.206 2.333 2.802 3.080 2.487 1.799 1.777 2.689 3.199 2.617 1.477 1.556 1.994 2.369 2.448 2.467 2.245 1.988 1.680 1.457 1.274 1.200 1.168 1.098 1.032 0.931 0.832 0.709 0.583 0.456 0.344 0.273 0.236 0.310 0.201 0.287 -9999 -9999 -9999 -9999 -9999 0.067 -9999 -9999 -9999 -9999
1.698 1.665 1.722 1.780 1.952 2.131 2.215 2.066 1.815 1.520 1.506 1.234 1.027 0.970 0.877 0.814 0.770 0.670 0.619 0.604 0.585 0.566 0.508 0.355 0.309 0.312 0.423 0.562 0.941 4.179 4.066 2.747 4.578 5.366 2.661 2.355 2.208 2.173 2.341 2.167 2.351 2.347 1.862 1.394 1.869 1.960 1.931 1.774 1.649 1.441 1.208 1.047 1.013 0.927 0.856 0.797 0.733 0.646 0.538 0.418 0.355 0.313 0.327 0.348 0.453 0.255 0.141 -9999 -9999 -9999 -9999 -9999 -9999 -9999 -9999 -9999 -9999
1.581 1.722 1.722 1.671 1.769 1.948 2.184 2.216 2.293 7.238 1.443 1.312 1.126 1.097 0.984 0.866 0.788 0.681 0.639 0.603 0.542 0.533 0.560 0.505 0.574 0.687 1.003 1.369 1.603 2.541 2.906 3.577 3.255 7.628 8.683 4.900 3.001 1.965 1.585 1.371 2.456 2.365 1.742 2.767 4.249 4.547 1.765 1.542 1.531 1.469 1.257 1.076 1.109 1.112 0.999 0.912 0.779 0.661 0.543 0.428 0.357 0.344 0.353 0.430 0.550 0.181 0.117 0.156 0.113 -9999 -9999 -9999 -9999 -9999 -9999 -9999 -9999
1.334 1.455 1.402 1.369 1.297 1.326 1.343 1.312 1.195 1.002 0.932 0.834 0.690 0.744 0.729 0.761 0.755 0.709 0.721 0.742 0.783 0.884 0.898 1.023 1.336 1.737 2.057 2.500 2.887 3.186 3.615 3.000 4.450 3.521 3.925 6.428 4.831 4.145 5.986 2.024 1.591 1.416 1.350 1.364 1.727 1.678 1.503 3.811 1.469 1.373 1.239 1.186 1.220 1.355 1.341 1.159 1.004 0.960 0.814 0.702 0.631 0.529 0.519 0.404 0.495 0.472 -9999 -9999 -9999 -9999 -9999 -9999 -9999 -9999 -9999 -9999 -9999
1.224 1.259 1.187 1.142 1.132 1.229 1.223 1.150 1.081 1.000 0.872 0.862 0.801 0.807 0.849 0.903 1.039 1.174 1.347 1.594 1.940 2.291 2.800 3.298 3.860 4.288 4.718 5.150 5.478 5.422 5.596 5.649 5.138 4.132 4.466 5.245 3.644 2.432 5.081 2.363 1.405 1.131 0.912 0.888 1.053 1.155 1.245 1.454 1.562 1.646 1.284 1.204 1.281 1.400 1.388 1.305 1.230 1.278 1.420 1.549 1.436 1.266 1.087 0.920 0.990 1.658 -9999 -9999 -9999 -9999 -9999 -9999 -9999 -9999 -9999 -9999 -9999
1.880 1.824 1.678 1.724 1.796 1.935 2.007 2.031 2.038 2.113 2.177 2.335 2.378 2.451 2.584 2.605 2.955 3.177 3.384 3.902 4.471 4.822 5.604 6.393 7.343 8.140 8.959 9.332 9.671 9.250 8.680 7.912 6.337 5.481 4.831 3.397 2.763 3.325 6.078 3.127 1.956 2.179 2.351 1.165 1.689 2.230 2.218 2.851 1.212 1.151 1.007 1.059 1.117 1.251 1.342 1.271 1.176 1.190 1.219 1.119 1.224 1.129 1.320 1.629 1.846 3.127 4.181 3.478 -9999 -9999 -9999 -9999 -9999 -9999 -9999 -9999 -9999
3.861 3.708 3.574 3.536 3.582 3.954 4.196 4.267 4.300 4.341 4.479 4.716 5.123 5.233 5.446 5.746 6.353 6.503 6.683 6.789 7.273 7.587 7.895 8.293 8.978 10.056 11.374 12.288 12.525 11.913 11.187 10.131 9.276 8.514 7.660 5.596 4.094 4.355 7.026 4.356 4.167 2.772 2.323 1.718 1.479 1.225 1.384 2.556 3.234 1.090 1.244 1.450 1.721 2.222 2.512 2.565 2.496 2.560 2.630 2.774 2.791 2.718 2.858 3.015 3.131 3.844 6.312 5.734 4.313 2.913 2.467 2.784 2.897 2.781 3.071 3.067 3.113
6.139 5.977 5.948 5.852 5.663 6.007 6.140 6.365 6.026 6.059 6.083 5.899 5.863 5.689 5.600 5.651 5.832 5.593 5.463 5.508 5.632 5.927 6.251 6.767 7.526 8.128 8.159 8.901 9.110 9.434 9.100 8.779 8.482 9.010 10.014 10.319 9.205 7.995 9.311 6.673 8.721 7.343 2.238 4.949 3.085 2.986 3.045 3.159 4.202 3.617 4.037 2.512 2.339 3.914 5.097 5.657 4.957 4.994 4.973 5.191 5.292 5.162 4.718 4.368 4.273 4.252 5.309 6.391 5.838 3.798 3.419 3.411 2.945 3.774 5.045 5.346 4.460
