data-raw/precipfiles/15_grid_data_15000BP.asc
ncols 144
nrows 72
xllcorner -180
yllcorner -90
cellsize 2.5
nodata_value -9999
[rows 34 to 67 of 72, columns 0 to 76 of 144]
5.331 5.021 4.731 4.345 4.055 4.023 4.077 3.945 3.673 3.595 3.322 3.159 2.825 2.624 2.550 2.654 2.557 2.378 2.369 2.438 2.571 3.042 3.279 3.496 3.864 4.069 3.993 4.078 4.065 4.339 4.524 4.945 5.157 5.587 6.353 7.560 6.818 5.269 3.944 4.122 10.962 4.391 2.964 3.940 4.733 4.567 3.748 3.379 3.842 4.250 5.816 6.532 2.244 3.566 4.508 5.505 5.461 5.713 5.734 6.003 5.725 5.700 5.183 4.820 4.129 3.462 3.324 3.354 4.022 4.519 3.095 3.511 2.622 3.304 5.320 6.330 4.422
3.877 3.767 3.465 3.004 2.976 3.186 3.232 2.955 2.669 2.635 2.387 2.072 1.728 1.644 1.661 1.710 1.709 1.568 1.543 1.668 1.798 1.784 1.778 1.791 1.887 1.960 1.948 1.975 2.110 2.314 2.425 2.487 2.469 2.488 2.354 2.284 2.051 1.639 1.331 1.884 6.265 5.608 5.631 4.908 5.155 5.118 3.843 4.510 5.281 4.254 4.346 5.461 4.965 2.012 3.729 8.784 8.391 6.498 5.381 4.483 3.886 3.625 3.035 2.893 2.287 1.828 1.513 1.446 1.399 1.540 1.713 1.923 2.178 2.407 2.606 5.560 3.764
3.499 3.298 2.877 2.505 2.428 2.589 2.596 2.364 2.310 2.195 2.089 2.014 1.832 1.735 1.905 1.926 1.871 1.777 1.818 2.029 2.107 2.004 1.815 1.699 1.654 1.571 1.427 1.420 1.440 1.561 1.670 1.585 1.507 1.424 1.328 1.231 1.091 0.865 0.756 2.076 5.307 5.975 6.699 10.924 5.422 5.006 9.207 5.848 5.492 5.878 4.572 6.214 7.959 6.354 5.810 3.147 4.257 4.177 3.691 3.196 2.575 2.207 1.793 1.396 1.016 0.822 0.690 0.656 0.735 0.837 0.985 1.098 1.272 1.486 1.986 3.675 4.205
4.546 4.019 3.548 3.125 2.917 2.735 2.630 2.385 2.249 2.104 2.048 2.008 1.983 1.960 2.075 2.044 1.980 1.889 1.757 1.775 1.785 1.730 1.721 1.573 1.512 1.471 1.412 1.458 1.473 1.493 1.500 1.473 1.269 1.058 1.037 1.105 1.127 0.836 0.557 1.200 4.088 5.403 6.050 25.645 7.048 5.058 6.925 5.982 5.765 6.394 5.267 5.166 9.270 18.067 8.593 3.887 3.155 2.893 2.986 2.761 2.361 2.338 1.592 1.265 0.824 0.659 0.613 0.498 0.458 0.462 0.466 0.519 0.650 0.833 1.173 2.334 3.346
6.240 5.849 5.361 5.016 4.598 4.159 3.778 3.473 3.070 2.694 2.491 2.256 2.116 2.021 1.911 1.719 1.593 1.460 1.335 1.236 1.166 1.181 1.261 1.200 1.226 1.148 1.090 1.021 1.066 0.980 0.958 0.951 0.832 0.788 0.738 0.728 0.729 0.620 0.436 0.442 2.151 4.370 7.254 63.571 152.084 7.779 7.518 6.936 6.583 13.505 76.226 -9999 -9999 -9999 7.908 5.667 4.703 3.325 4.413 1.956 1.426 1.179 0.910 0.659 0.488 0.399 0.346 0.279 0.226 0.192 0.218 0.233 0.268 0.352 0.515 0.800 1.900
7.086 6.925 6.801 6.718 6.134 5.723 5.222 4.817 4.291 3.861 3.446 3.073 2.885 2.503 2.072 1.719 1.462 1.330 1.147 0.950 0.822 0.748 0.738 0.672 0.638 0.553 0.480 0.427 0.412 0.379 0.361 0.327 0.258 0.244 0.218 0.216 0.316 0.377 0.333 0.142 1.216 6.272 7.027 16.180 32.205 45.008 8.146 10.153 8.390 15.114 -9999 -9999 382.520 199.596 7.090 4.618 4.772 5.424 6.501 1.659 1.069 0.745 0.624 0.520 0.418 0.323 0.272 0.232 0.209 0.210 0.232 0.237 0.207 0.190 0.206 0.276 0.533
6.590 6.482 6.470 6.580 6.224 6.038 5.872 5.534 5.014 4.499 4.121 3.658 3.302 2.918 2.478 2.138 1.836 1.652 1.350 1.085 0.932 0.765 0.702 0.613 0.506 0.419 0.284 0.244 0.220 0.203 0.187 0.164 0.129 0.095 0.083 0.093 0.117 0.195 0.189 0.117 0.445 2.439 6.257 9.392 15.562 28.381 214.895 33.921 73.375 155.979 -9999 -9999 162.503 12.485 6.939 4.918 4.936 6.794 2.526 1.554 1.020 0.773 0.644 0.559 0.459 0.382 0.344 0.271 0.233 0.224 0.234 0.245 0.283 0.218 0.195 0.174 0.323
5.367 5.416 5.530 5.541 5.306 5.390 5.524 5.541 5.329 5.006 4.610 4.345 3.790 3.291 2.877 2.680 2.634 2.373 2.082 1.771 1.576 1.365 1.155 1.119 1.075 0.739 0.470 0.321 0.223 0.208 0.197 0.186 0.160 0.122 0.120 0.117 0.121 0.114 0.138 0.124 0.150 0.577 2.321 6.672 7.909 11.310 13.424 12.029 9.785 8.091 9.565 11.248 9.307 9.174 6.050 5.689 7.445 3.259 2.716 1.833 1.257 1.010 0.786 0.717 0.450 0.346 0.261 0.218 0.188 0.177 0.172 0.185 0.212 0.279 0.355 0.261 0.442
3.761 4.008 4.326 4.447 4.576 4.753 4.854 4.939 5.085 5.207 5.067 4.824 4.382 3.995 3.575 3.338 3.246 2.955 2.585 2.234 1.871 1.652 1.253 1.049 0.970 0.773 0.552 0.422 0.332 0.291 0.269 0.252 0.218 0.186 0.169 0.158 0.152 0.147 0.154 0.127 0.138 0.102 0.507 1.144 2.588 7.254 10.378 7.509 7.065 6.280 7.948 7.497 7.144 6.629 6.129 5.887 6.347 3.186 2.811 2.123 1.353 1.009 0.727 0.527 0.379 0.319 0.270 0.231 0.201 0.184 0.179 0.184 0.189 0.182 0.229 0.174 0.231
3.446 3.636 3.909 4.174 4.381 4.364 4.471 4.634 4.737 5.002 5.117 5.069 4.674 4.407 4.058 3.954 3.781 3.278 2.962 2.634 2.311 1.920 1.538 1.292 1.194 1.122 0.809 0.627 0.498 0.437 0.379 0.328 0.297 0.262 0.226 0.207 0.213 0.206 0.193 0.146 0.102 0.146 0.153 0.092 0.751 1.664 3.227 4.415 4.786 5.024 6.100 6.347 5.854 5.921 6.114 5.983 5.353 3.437 3.174 2.379 1.765 1.227 0.809 0.537 0.398 0.349 0.311 0.273 0.226 0.201 0.190 0.190 0.196 0.180 0.160 0.127 0.346
3.757 3.896 3.958 4.064 4.245 4.325 4.225 4.447 4.602 4.720 4.833 5.035 5.203 5.118 5.084 4.978 4.604 3.936 3.474 3.101 2.842 2.467 2.029 1.752 1.558 1.582 1.336 1.040 0.814 0.713 0.615 0.519 0.437 0.363 0.302 0.269 0.244 0.236 0.203 0.175 0.119 0.106 0.111 0.051 0.297 1.250 2.882 2.589 4.054 5.043 5.304 4.644 4.971 5.879 6.027 5.916 3.964 4.011 4.141 3.386 2.704 2.101 1.459 1.031 0.686 0.550 0.455 0.384 0.300 0.244 0.214 0.204 0.199 0.188 0.154 0.120 0.152
3.947 4.168 4.201 4.168 4.325 4.442 4.416 4.512 4.490 4.519 4.505 4.778 5.126 5.366 5.336 5.273 5.011 4.521 4.034 3.667 3.429 3.154 2.802 2.469 2.260 2.191 2.015 1.755 1.459 1.274 1.070 0.883 0.724 0.589 0.434 0.373 0.339 0.291 0.238 0.194 0.158 0.125 0.127 0.049 0.336 1.871 2.435 2.526 3.898 5.894 5.625 4.992 4.752 6.025 6.730 5.092 4.399 5.235 4.863 4.350 3.747 3.214 2.499 2.033 1.526 1.108 0.835 0.647 0.502 0.385 0.304 0.249 0.214 0.190 0.170 0.139 0.118
3.868 4.062 4.220 4.336 4.478 4.628 4.509 4.567 4.506 4.424 4.409 4.670 4.849 5.125 5.260 5.385 5.181 4.949 4.645 4.407 4.084 3.735 3.440 3.097 2.991 2.905 2.707 2.362 2.089 1.966 1.728 1.468 1.243 0.998 0.729 0.582 0.494 0.418 0.314 0.252 0.195 0.177 0.168 0.106 0.407 1.993 2.166 2.902 4.266 5.590 6.583 5.851 5.393 4.070 4.080 4.416 4.744 5.358 5.154 4.847 4.465 3.937 3.376 2.926 2.520 2.009 1.669 1.218 0.872 0.683 0.500 0.382 0.309 0.242 0.210 0.177 0.156
3.476 3.568 3.764 4.161 4.460 4.517 4.455 4.373 4.312 4.262 4.290 4.451 4.636 4.854 4.955 5.211 5.103 4.976 4.903 4.999 4.601 4.182 3.870 3.605 3.482 3.467 3.388 3.106 2.744 2.553 2.302 2.090 1.881 1.616 1.227 0.953 0.757 0.641 0.497 0.401 0.315 0.271 0.236 0.279 0.548 1.071 1.945 2.910 4.186 5.558 6.284 5.534 5.158 4.081 4.288 4.383 4.527 4.922 4.944 4.836 4.749 4.753 4.231 3.802 3.522 3.040 2.408 1.913 1.449 1.131 0.870 0.653 0.518 0.395 0.322 0.282 0.276
3.056 3.011 3.175 3.545 3.806 4.050 4.232 4.202 4.137 4.098 3.952 4.156 4.192 4.487 4.577 4.724 4.668 4.680 4.754 4.896 4.744 4.441 4.272 4.144 4.038 3.831 3.717 3.601 3.384 3.148 2.880 2.666 2.423 2.152 1.825 1.516 1.218 1.030 0.847 0.690 0.538 0.474 0.376 0.869 0.612 1.435 2.276 3.140 4.025 4.683 5.112 5.013 4.748 4.696 4.641 4.455 4.577 4.897 4.930 4.829 4.761 4.723 4.437 4.021 3.890 3.518 3.106 2.860 2.264 2.054 1.591 1.287 1.045 0.812 0.708 0.578 0.558
2.924 2.872 2.895 3.009 3.322 3.621 3.762 3.833 3.935 3.849 3.868 3.968 3.985 4.076 4.098 4.313 4.375 4.499 4.544 4.514 4.546 4.472 4.297 4.162 4.055 3.909 3.887 3.773 3.635 3.402 3.106 3.067 2.908 2.687 2.396 2.113 1.794 1.558 1.320 1.054 0.837 0.681 0.695 2.042 1.379 1.859 2.438 2.999 4.046 4.414 4.605 4.228 4.524 5.102 5.204 5.194 5.062 5.236 5.113 5.060 4.957 4.867 4.723 4.368 4.253 3.898 3.526 3.114 2.944 2.599 2.453 2.097 1.829 1.539 1.298 1.112 0.986
2.557 2.520 2.484 2.573 2.802 3.069 3.243 3.298 3.264 3.298 3.428 3.502 3.490 3.601 3.734 3.767 4.009 4.119 4.160 4.114 4.145 4.142 4.016 3.960 3.867 3.796 3.849 3.864 3.726 3.507 3.257 3.167 2.995 2.903 2.715 2.465 2.155 1.914 1.680 1.445 1.210 0.992 3.711 3.084 1.597 1.801 2.342 2.970 3.284 3.296 3.945 3.999 4.170 4.761 5.162 5.486 5.260 5.364 5.137 5.005 4.924 4.776 4.754 4.567 4.415 4.267 3.915 3.604 3.496 3.191 3.180 2.917 2.717 2.327 2.146 1.915 1.797
2.508 2.428 2.275 2.274 2.549 2.834 2.958 3.039 3.110 3.004 3.048 3.039 3.000 3.114 3.208 3.414 3.652 3.772 3.794 3.782 3.950 3.881 3.770 3.785 3.847 3.797 3.771 3.683 3.608 3.447 3.384 3.376 3.167 3.100 2.946 2.756 2.494 2.268 2.054 1.853 1.645 1.328 4.362 3.267 1.318 1.218 1.560 2.631 2.833 3.329 3.368 3.470 3.969 4.505 4.913 5.149 4.966 5.005 4.884 4.811 4.706 4.633 4.638 4.657 4.585 4.345 4.103 4.056 3.815 3.706 3.622 3.568 3.397 3.122 2.944 2.733 2.657
2.355 2.374 2.389 2.212 2.306 2.488 2.590 2.695 2.619 2.610 2.552 2.562 2.691 2.791 2.801 2.807 2.840 3.079 3.216 3.335 3.474 3.585 3.664 3.673 3.512 3.535 3.393 3.557 3.473 3.445 3.314 3.381 3.266 3.227 2.994 2.995 2.753 2.574 2.397 2.339 2.125 2.469 5.247 3.710 1.084 0.897 1.131 1.798 2.347 2.449 2.817 3.173 3.368 3.338 3.538 3.840 3.787 3.849 4.023 4.146 4.158 4.299 4.018 3.948 3.855 3.947 3.883 3.770 3.655 3.582 3.582 3.558 3.494 3.408 3.173 3.122 2.944
2.314 2.136 2.310 2.279 2.242 2.211 2.282 2.323 2.289 2.292 2.271 2.320 2.331 2.473 2.417 2.356 2.413 2.545 2.590 2.695 2.763 2.828 2.981 3.008 2.895 2.961 2.902 2.958 2.883 3.035 2.927 3.013 2.935 2.942 2.924 2.829 2.761 2.692 2.491 2.529 2.470 2.873 6.325 4.463 0.860 0.802 1.385 2.027 2.048 2.339 2.575 2.731 2.747 2.791 2.876 3.018 2.945 3.147 3.283 3.532 3.550 3.701 3.569 3.511 3.451 3.473 3.526 3.435 3.360 3.346 3.228 3.320 3.375 3.361 3.096 3.241 3.102
2.182 2.299 2.232 2.233 2.209 2.200 2.126 2.176 2.141 2.175 2.134 2.126 2.167 2.197 2.230 2.267 2.275 2.360 2.390 2.370 2.455 2.513 2.538 2.576 2.546 2.550 2.534 2.594 2.575 2.659 2.672 2.727 2.737 2.797 2.660 2.757 2.620 2.751 2.696 2.752 2.842 3.269 4.430 1.580 0.904 0.772 1.828 1.856 1.815 1.998 2.250 2.547 2.706 2.741 2.770 2.903 2.972 2.985 3.110 3.106 3.041 3.042 2.993 3.077 3.119 3.091 3.020 2.990 3.019 2.935 2.975 3.000 3.075 3.087 3.031 3.119 3.096
2.009 2.176 2.190 2.188 2.209 2.164 2.098 2.125 2.133 2.198 2.089 2.129 2.153 2.091 2.151 2.199 2.206 2.231 2.181 2.210 2.239 2.268 2.222 2.296 2.320 2.347 2.357 2.367 2.386 2.433 2.498 2.486 2.464 2.558 2.502 2.495 2.494 2.619 2.701 2.810 3.053 2.854 2.511 1.211 0.936 0.913 2.115 2.044 1.953 1.998 2.185 2.448 2.648 2.672 2.642 2.714 2.772 2.749 2.774 2.788 2.744 2.777 2.779 2.765 2.673 2.719 2.797 2.733 2.695 2.670 2.690 2.706 2.684 2.754 2.770 2.810 2.774
2.054 2.065 2.085 2.098 2.046 2.091 2.089 2.100 2.104 2.185 2.198 2.212 2.175 2.179 2.175 2.163 2.204 2.234 2.218 2.214 2.213 2.213 2.149 2.186 2.210 2.272 2.264 2.324 2.330 2.370 2.376 2.407 2.386 2.434 2.459 2.506 2.515 2.566 2.625 2.793 3.040 4.016 4.194 1.300 0.958 2.441 2.569 2.388 2.048 2.323 2.305 2.423 2.560 2.460 2.447 2.453 2.518 2.537 2.578 2.621 2.652 2.639 2.592 2.583 2.599 2.626 2.584 2.563 2.509 2.545 2.517 2.557 2.549 2.559 2.617 2.668 2.682
2.214 2.260 2.190 2.196 2.162 2.179 2.169 2.243 2.239 2.266 2.304 2.354 2.328 2.358 2.351 2.368 2.333 2.354 2.340 2.375 2.360 2.383 2.288 2.297 2.264 2.292 2.309 2.412 2.421 2.475 2.445 2.444 2.443 2.506 2.512 2.563 2.587 2.600 2.653 2.747 2.975 3.311 5.418 2.367 1.373 2.264 3.005 2.881 2.656 2.609 2.563 2.621 2.647 2.632 2.599 2.545 2.571 2.764 2.663 2.651 2.594 2.605 2.601 2.654 2.674 2.670 2.658 2.615 2.540 2.499 2.500 2.507 2.463 2.465 2.536 2.633 2.637
2.542 2.576 2.467 2.447 2.393 2.421 2.459 2.537 2.509 2.514 2.529 2.555 2.534 2.547 2.572 2.609 2.626 2.612 2.628 2.632 2.604 2.628 2.554 2.512 2.468 2.503 2.463 2.522 2.576 2.628 2.621 2.661 2.669 2.687 2.706 2.740 2.733 2.758 2.715 2.806 2.873 3.054 3.197 2.545 2.378 2.911 3.422 3.174 2.899 2.820 2.751 2.775 2.768 2.803 2.784 2.757 2.745 2.758 2.784 2.796 2.705 2.681 2.697 2.704 2.685 2.698 2.671 2.615 2.606 2.620 2.588 2.551 2.525 2.530 2.585 2.601 2.647
2.669 2.760 2.697 2.650 2.569 2.590 2.594 2.640 2.588 2.564 2.545 2.561 2.540 2.539 2.563 2.635 2.647 2.660 2.656 2.662 2.618 2.600 2.535 2.483 2.440 2.460 2.429 2.440 2.476 2.555 2.560 2.600 2.588 2.609 2.617 2.632 2.610 2.632 2.630 2.667 2.679 2.797 2.819 2.841 2.800 2.939 2.955 2.925 2.789 2.787 2.707 2.699 2.651 2.664 2.593 2.569 2.498 2.458 2.431 2.418 2.354 2.395 2.438 2.420 2.357 2.349 2.306 2.324 2.300 2.329 2.308 2.286 2.244 2.294 2.326 2.350 2.355
2.274 2.382 2.405 2.383 2.330 2.326 2.285 2.254 2.191 2.185 2.153 2.165 2.136 2.121 2.090 2.143 2.200 2.215 2.233 2.204 2.167 2.131 2.105 2.087 2.069 2.081 2.083 2.065 2.081 2.132 2.125 2.122 2.097 2.097 2.083 2.104 2.101 2.164 2.215 2.247 2.307 2.403 2.462 2.515 2.508 2.566 2.541 2.516 2.438 2.445 2.387 2.298 2.132 2.089 1.999 1.905 1.818 1.802 1.767 1.756 1.760 1.817 1.818 1.817 1.784 1.779 1.754 1.783 1.774 1.789 1.822 1.823 1.778 1.792 1.832 1.855 1.866
1.727 1.763 1.774 1.759 1.728 1.724 1.708 1.661 1.636 1.632 1.601 1.619 1.599 1.575 1.560 1.567 1.597 1.632 1.681 1.695 1.690 1.684 1.674 1.686 1.703 1.709 1.696 1.682 1.704 1.730 1.707 1.699 1.680 1.661 1.663 1.688 1.713 1.775 1.843 1.918 2.001 2.088 2.167 2.230 2.228 2.288 2.357 2.492 2.568 2.583 2.100 1.795 1.579 1.485 1.363 1.316 1.269 1.250 1.237 1.259 1.270 1.300 1.286 1.288 1.251 1.248 1.227 1.221 1.217 1.242 1.305 1.334 1.309 1.315 1.299 1.325 1.342
1.231 1.208 1.224 1.222 1.223 1.205 1.215 1.244 1.242 1.226 1.210 1.194 1.214 1.213 1.234 1.243 1.272 1.287 1.316 1.312 1.333 1.329 1.359 1.380 1.422 1.452 1.475 1.473 1.508 1.544 1.551 1.555 1.568 1.553 1.582 1.603 1.637 1.702 1.763 1.782 1.829 1.907 1.974 2.011 1.989 2.252 2.563 2.586 2.361 2.025 1.674 1.487 1.290 1.201 1.105 1.067 1.022 1.022 1.014 1.032 1.010 1.029 1.021 1.029 0.999 0.973 0.961 0.941 0.925 0.921 0.958 0.971 0.981 0.981 0.989 1.021 1.032
1.121 1.112 1.111 1.121 1.098 1.092 1.113 1.142 1.165 1.158 1.149 1.127 1.128 1.134 1.159 1.171 1.180 1.182 1.198 1.217 1.261 1.253 1.253 1.260 1.275 1.309 1.338 1.356 1.395 1.423 1.456 1.457 1.491 1.504 1.530 1.574 1.609 1.680 1.713 1.741 1.784 1.853 1.968 2.084 2.144 2.365 2.382 2.193 1.995 1.780 1.575 1.414 1.231 1.133 1.018 0.973 0.929 0.920 0.881 0.874 0.856 0.867 0.847 0.852 0.836 0.840 0.825 0.822 0.806 0.787 0.751 0.741 0.731 0.749 0.762 0.766 0.768
0.890 0.863 0.881 0.879 0.904 0.906 0.932 0.958 0.996 1.017 1.022 1.027 1.037 1.027 1.045 1.049 1.056 1.046 1.026 1.016 0.959 0.949 0.959 0.958 1.026 1.046 1.109 1.133 1.183 1.193 1.206 1.234 1.281 1.264 1.232 1.271 1.278 1.321 1.364 1.396 1.457 1.645 1.854 2.016 1.764 1.823 1.837 1.882 1.739 1.520 1.455 1.343 1.180 1.089 0.948 0.865 0.785 0.764 0.700 0.688 0.656 0.662 0.638 0.630 0.600 0.640 0.693 0.749 0.741 0.678 0.576 0.504 0.391 0.412 0.410 0.420 0.406
0.713 0.701 0.702 0.719 0.764 0.798 0.848 0.880 0.937 0.974 1.012 1.036 1.025 1.036 1.068 1.053 1.079 1.070 1.029 1.044 1.034 1.035 1.012 0.973 1.038 1.036 1.131 1.131 1.161 1.186 1.306 1.389 1.438 1.426 1.390 1.376 1.234 1.207 1.207 1.227 1.280 1.322 1.342 1.387 1.338 1.409 1.471 1.498 1.401 1.273 1.264 1.193 1.072 1.017 0.899 0.821 0.729 0.684 0.615 0.598 0.552 0.569 0.541 0.554 0.523 0.594 0.565 0.574 0.499 0.573 0.509 0.493 0.380 0.456 0.445 0.530 0.470
0.508 0.519 0.552 0.595 0.679 0.750 0.832 0.879 0.954 1.048 1.166 1.280 1.396 1.502 1.511 1.581 1.415 1.425 1.277 1.161 0.991 0.954 0.890 0.865 0.953 0.996 1.098 1.088 1.074 1.070 1.059 1.075 1.071 1.111 1.098 1.097 1.029 1.011 1.022 1.026 1.039 1.038 1.020 1.011 0.951 0.910 0.898 0.860 0.948 0.944 0.945 0.906 0.841 0.796 0.732 0.698 0.619 0.606 0.553 0.560 0.513 0.520 0.469 0.469 0.367 0.370 0.278 0.290 0.240 0.262 0.197 0.190 0.149 0.148 0.125 0.139 0.122
0.389 0.424 0.485 0.539 0.638 0.704 0.811 0.870 0.926 1.047 1.147 1.172 1.185 1.198 1.173 1.136 1.041 0.963 0.861 0.820 0.740 0.712 0.623 0.606 0.599 0.597 0.621 0.618 0.617 0.619 0.617 0.616 0.589 0.606 0.579 0.582 0.582 0.558 0.565 0.525 0.536 0.520 0.515 0.499 0.510 0.491 0.510 0.493 0.527 0.537 0.549 0.579 0.559 0.532 0.519 0.506 0.484 0.521 0.514 0.518 0.453 0.434 0.357 0.340 0.227 0.217 0.155 0.147 0.112 0.105 0.082 0.082 0.071 0.072 0.064 0.064 0.059
