data-raw/precipfiles/16_grid_data_16000BP.asc
ncols 144
nrows 72
xllcorner -180
yllcorner -90
cellsize 2.5
nodata_value -9999
[rows 34 to 67 of 72, columns 0 to 76 of 144]
5.261 5.029 4.813 4.405 4.187 4.183 4.228 4.137 3.857 3.792 3.521 3.341 2.988 2.817 2.740 2.880 2.738 2.525 2.539 2.568 2.613 3.014 3.211 3.468 3.887 4.240 4.245 4.423 4.550 4.915 5.146 5.701 5.896 6.266 6.735 7.717 6.755 5.199 3.932 4.018 10.590 4.233 2.884 3.868 4.503 4.242 3.602 3.187 3.649 4.071 5.861 6.308 2.103 3.420 4.331 5.432 5.257 5.415 5.434 5.809 5.597 5.654 5.212 4.806 4.141 3.485 3.382 3.449 4.092 4.567 3.093 3.494 2.602 3.297 5.309 6.304 4.270
3.845 3.925 3.888 3.635 4.104 5.378 5.958 5.309 4.335 3.900 3.191 2.652 2.156 2.032 1.995 1.972 1.979 1.812 1.720 1.752 1.870 1.860 1.874 1.926 2.085 2.207 2.243 2.317 2.451 2.697 2.834 2.926 2.884 2.839 2.602 2.427 2.153 1.689 1.376 1.921 6.169 5.417 5.412 4.621 4.897 4.928 3.704 4.364 4.948 3.925 4.104 5.284 4.626 1.859 3.859 11.301 10.572 7.118 5.572 4.539 3.925 3.690 3.108 2.943 2.304 1.834 1.520 1.477 1.414 1.534 1.672 1.874 2.114 2.338 2.548 5.328 3.341
3.460 3.472 3.205 3.028 3.332 4.120 4.343 3.702 3.131 2.838 2.548 2.384 2.088 1.904 2.003 2.016 1.974 1.897 1.937 2.154 2.264 2.159 1.958 1.851 1.825 1.745 1.569 1.575 1.596 1.698 1.802 1.707 1.641 1.544 1.425 1.303 1.160 0.925 0.798 2.126 5.309 5.749 6.215 10.195 5.086 4.733 9.012 5.959 5.411 5.497 4.175 5.825 7.874 6.387 6.310 3.504 5.114 4.634 3.901 3.362 2.677 2.292 1.841 1.418 1.017 0.820 0.684 0.645 0.708 0.804 0.945 1.050 1.196 1.374 1.872 3.530 4.083
4.256 3.832 3.447 3.088 2.880 2.736 2.661 2.408 2.265 2.125 2.069 2.014 1.979 1.942 2.077 2.074 2.020 1.920 1.799 1.827 1.838 1.769 1.744 1.582 1.524 1.486 1.428 1.486 1.513 1.530 1.516 1.480 1.290 1.095 1.080 1.137 1.166 0.873 0.586 1.216 4.006 5.530 5.619 22.247 6.624 4.707 6.468 5.706 5.635 6.126 5.202 4.920 9.424 19.732 10.078 3.992 3.365 3.047 3.174 2.899 2.524 2.822 1.813 1.611 0.913 0.692 0.637 0.501 0.449 0.449 0.456 0.509 0.629 0.789 1.111 2.232 3.278
5.868 5.557 5.120 4.824 4.445 4.060 3.723 3.448 3.074 2.711 2.524 2.291 2.142 2.030 1.931 1.749 1.643 1.506 1.371 1.269 1.194 1.201 1.267 1.201 1.220 1.140 1.078 1.011 1.067 0.984 0.959 0.941 0.829 0.794 0.752 0.733 0.731 0.634 0.455 0.446 2.077 4.326 7.331 46.215 136.439 7.400 6.920 6.524 6.276 13.272 77.021 -9999 -9999 -9999 8.516 5.899 4.891 3.448 4.540 1.982 1.415 1.156 0.910 0.668 0.493 0.405 0.349 0.279 0.223 0.189 0.215 0.229 0.266 0.348 0.503 0.774 1.841
6.983 6.850 6.706 6.632 6.071 5.702 5.246 4.878 4.386 3.959 3.533 3.158 2.965 2.571 2.138 1.781 1.524 1.383 1.186 0.976 0.841 0.762 0.748 0.684 0.648 0.558 0.476 0.418 0.400 0.364 0.343 0.304 0.245 0.233 0.209 0.202 0.294 0.357 0.344 0.142 1.211 5.930 6.472 14.083 28.966 41.571 7.558 10.052 8.389 15.694 -9999 -9999 407.992 211.684 8.046 5.125 5.252 5.934 6.858 1.720 1.087 0.750 0.641 0.541 0.436 0.336 0.282 0.237 0.208 0.205 0.227 0.235 0.207 0.191 0.204 0.271 0.522
6.594 6.499 6.455 6.543 6.186 6.037 5.907 5.602 5.081 4.566 4.176 3.734 3.385 2.999 2.548 2.204 1.902 1.713 1.400 1.121 0.968 0.797 0.740 0.653 0.539 0.447 0.303 0.255 0.223 0.202 0.178 0.152 0.121 0.090 0.081 0.090 0.106 0.181 0.189 0.121 0.443 2.307 5.802 8.917 15.574 34.314 276.159 38.845 94.035 226.043 -9999 -9999 179.599 12.978 7.843 5.613 5.385 7.462 2.707 1.649 1.078 0.818 0.685 0.598 0.492 0.407 0.364 0.283 0.239 0.225 0.231 0.242 0.283 0.217 0.196 0.173 0.320
5.371 5.415 5.496 5.483 5.236 5.344 5.504 5.555 5.330 4.989 4.576 4.358 3.836 3.366 2.934 2.738 2.699 2.440 2.151 1.841 1.654 1.441 1.226 1.197 1.155 0.788 0.494 0.330 0.231 0.210 0.198 0.186 0.161 0.126 0.123 0.122 0.124 0.114 0.137 0.132 0.154 0.544 2.152 6.511 7.971 12.282 15.867 14.741 11.792 10.006 12.181 13.099 9.785 9.608 6.674 6.515 8.096 3.489 2.907 1.977 1.370 1.134 0.892 0.816 0.502 0.382 0.284 0.237 0.198 0.181 0.171 0.182 0.208 0.276 0.360 0.266 0.452
3.618 3.840 4.135 4.241 4.361 4.541 4.653 4.735 4.883 4.978 4.822 4.637 4.244 3.908 3.514 3.303 3.245 2.990 2.633 2.289 1.930 1.711 1.294 1.087 1.006 0.798 0.567 0.438 0.351 0.304 0.276 0.255 0.220 0.189 0.174 0.164 0.156 0.150 0.155 0.132 0.151 0.108 0.491 1.109 2.571 7.342 11.184 8.427 8.231 6.995 8.664 7.862 7.381 6.875 6.577 6.541 6.872 3.385 3.012 2.292 1.482 1.121 0.810 0.583 0.403 0.336 0.280 0.239 0.206 0.186 0.181 0.184 0.186 0.178 0.225 0.183 0.233
3.284 3.468 3.749 3.949 4.125 4.098 4.182 4.320 4.425 4.678 4.764 4.761 4.441 4.232 3.913 3.840 3.726 3.271 2.960 2.628 2.322 1.953 1.579 1.351 1.247 1.167 0.837 0.655 0.533 0.474 0.407 0.347 0.306 0.268 0.233 0.212 0.216 0.207 0.192 0.146 0.108 0.154 0.159 0.089 0.742 1.673 3.270 4.589 5.158 5.597 6.642 6.601 6.023 5.999 6.312 6.333 5.670 3.575 3.316 2.488 1.886 1.344 0.911 0.600 0.430 0.363 0.318 0.278 0.227 0.202 0.193 0.190 0.192 0.174 0.160 0.135 0.374
3.612 3.766 3.853 3.928 4.069 4.115 3.997 4.154 4.290 4.426 4.536 4.757 4.968 4.933 4.916 4.857 4.558 3.930 3.458 3.040 2.786 2.454 2.070 1.828 1.648 1.668 1.399 1.099 0.876 0.780 0.686 0.580 0.475 0.385 0.320 0.279 0.248 0.236 0.201 0.173 0.117 0.105 0.109 0.049 0.293 1.260 2.933 2.655 4.248 5.463 5.668 4.793 5.082 5.941 6.076 6.074 4.088 4.123 4.268 3.490 2.796 2.230 1.595 1.149 0.767 0.600 0.486 0.403 0.310 0.248 0.218 0.204 0.195 0.179 0.149 0.124 0.162
3.922 4.174 4.214 4.169 4.321 4.395 4.336 4.399 4.373 4.410 4.414 4.697 5.068 5.364 5.342 5.314 5.113 4.634 4.104 3.665 3.374 3.116 2.825 2.542 2.371 2.324 2.096 1.836 1.561 1.392 1.207 1.019 0.823 0.661 0.481 0.398 0.348 0.297 0.238 0.192 0.157 0.119 0.127 0.049 0.336 1.880 2.494 2.583 4.004 6.200 5.935 5.154 4.854 6.148 6.866 5.204 4.495 5.362 4.997 4.448 3.830 3.317 2.644 2.204 1.678 1.218 0.911 0.699 0.533 0.404 0.314 0.252 0.211 0.183 0.163 0.135 0.116
3.883 4.093 4.244 4.359 4.498 4.658 4.521 4.578 4.512 4.456 4.471 4.752 4.971 5.292 5.423 5.536 5.341 5.070 4.738 4.426 4.063 3.676 3.404 3.101 3.036 2.974 2.762 2.425 2.207 2.132 1.919 1.669 1.429 1.144 0.833 0.645 0.529 0.439 0.320 0.253 0.195 0.173 0.160 0.105 0.408 1.961 2.164 2.966 4.388 5.835 6.750 6.027 5.572 4.216 4.208 4.499 4.780 5.417 5.216 4.867 4.459 3.956 3.470 3.092 2.723 2.204 1.832 1.328 0.937 0.730 0.533 0.400 0.315 0.240 0.208 0.179 0.158
3.454 3.527 3.723 4.114 4.388 4.471 4.420 4.357 4.303 4.282 4.356 4.566 4.788 5.045 5.132 5.378 5.241 5.083 4.972 5.019 4.586 4.131 3.778 3.516 3.408 3.406 3.339 3.099 2.816 2.681 2.483 2.298 2.108 1.824 1.390 1.066 0.827 0.684 0.516 0.408 0.319 0.275 0.237 0.274 0.541 1.068 1.903 2.939 4.327 5.841 6.478 5.650 5.324 4.207 4.383 4.418 4.514 4.889 4.912 4.769 4.663 4.668 4.228 3.885 3.699 3.238 2.611 2.067 1.553 1.201 0.928 0.698 0.549 0.410 0.333 0.296 0.301
3.036 2.947 3.103 3.463 3.724 3.952 4.126 4.088 4.017 4.000 3.897 4.161 4.241 4.545 4.638 4.776 4.730 4.779 4.863 4.996 4.785 4.428 4.192 3.996 3.860 3.657 3.576 3.493 3.325 3.142 2.933 2.789 2.572 2.305 1.970 1.637 1.308 1.099 0.886 0.711 0.549 0.485 0.383 0.878 0.613 1.450 2.328 3.250 4.226 4.937 5.391 5.193 4.838 4.714 4.620 4.409 4.510 4.812 4.839 4.713 4.638 4.608 4.359 4.003 3.929 3.596 3.219 3.029 2.404 2.174 1.674 1.354 1.104 0.859 0.749 0.614 0.601
2.923 2.832 2.845 2.950 3.255 3.538 3.660 3.735 3.821 3.743 3.794 3.911 3.962 4.063 4.089 4.286 4.354 4.509 4.599 4.599 4.638 4.519 4.292 4.118 3.947 3.782 3.762 3.658 3.538 3.321 3.061 3.069 2.955 2.767 2.494 2.202 1.864 1.610 1.358 1.082 0.863 0.706 0.725 2.062 1.379 1.899 2.526 3.192 4.381 4.766 4.959 4.440 4.645 5.072 5.124 5.106 5.003 5.168 5.036 4.960 4.837 4.757 4.627 4.311 4.230 3.897 3.543 3.155 3.001 2.661 2.506 2.161 1.887 1.592 1.363 1.179 1.058
2.568 2.511 2.469 2.551 2.769 3.015 3.175 3.228 3.196 3.233 3.387 3.458 3.444 3.554 3.689 3.718 3.944 4.066 4.122 4.116 4.152 4.147 4.009 3.964 3.864 3.760 3.811 3.827 3.681 3.450 3.196 3.116 2.971 2.908 2.753 2.516 2.199 1.953 1.712 1.474 1.245 1.034 3.844 3.181 1.650 1.850 2.426 3.170 3.595 3.600 4.264 4.207 4.295 4.736 5.056 5.377 5.217 5.352 5.113 4.948 4.845 4.693 4.684 4.512 4.378 4.238 3.901 3.592 3.502 3.217 3.219 2.974 2.765 2.362 2.175 1.955 1.855
2.516 2.417 2.270 2.270 2.534 2.793 2.898 2.977 3.069 2.982 3.045 3.027 2.975 3.061 3.150 3.351 3.584 3.700 3.715 3.697 3.849 3.781 3.690 3.736 3.821 3.795 3.794 3.721 3.652 3.471 3.388 3.366 3.149 3.089 2.952 2.783 2.527 2.295 2.081 1.883 1.685 1.383 4.587 3.424 1.386 1.285 1.639 2.763 3.037 3.634 3.661 3.686 4.072 4.473 4.797 5.036 4.936 5.026 4.908 4.782 4.644 4.569 4.600 4.633 4.554 4.309 4.073 4.041 3.804 3.715 3.669 3.630 3.449 3.135 2.924 2.701 2.631
2.323 2.334 2.356 2.188 2.285 2.468 2.549 2.635 2.559 2.563 2.516 2.531 2.666 2.752 2.765 2.763 2.792 3.022 3.146 3.250 3.392 3.497 3.596 3.620 3.466 3.497 3.353 3.548 3.479 3.459 3.325 3.388 3.267 3.222 2.990 2.995 2.772 2.603 2.424 2.365 2.161 2.546 5.439 3.842 1.141 0.942 1.173 1.810 2.379 2.536 2.966 3.339 3.459 3.375 3.502 3.799 3.752 3.834 4.016 4.102 4.084 4.213 3.949 3.894 3.798 3.888 3.827 3.723 3.610 3.536 3.549 3.552 3.507 3.405 3.148 3.064 2.879
2.259 2.087 2.264 2.240 2.220 2.189 2.256 2.279 2.236 2.233 2.215 2.268 2.282 2.429 2.372 2.315 2.372 2.494 2.535 2.628 2.701 2.765 2.931 2.949 2.839 2.901 2.849 2.913 2.858 3.031 2.926 3.015 2.928 2.931 2.913 2.827 2.764 2.709 2.505 2.543 2.489 2.922 6.456 4.562 0.888 0.831 1.427 2.009 2.005 2.311 2.596 2.776 2.793 2.822 2.881 3.011 2.926 3.122 3.240 3.479 3.481 3.615 3.486 3.433 3.384 3.409 3.460 3.373 3.298 3.277 3.154 3.262 3.331 3.322 3.052 3.180 3.020
2.132 2.253 2.186 2.191 2.172 2.169 2.099 2.145 2.102 2.126 2.078 2.070 2.111 2.140 2.169 2.204 2.208 2.289 2.321 2.312 2.399 2.457 2.472 2.498 2.464 2.468 2.467 2.543 2.548 2.653 2.672 2.719 2.715 2.770 2.644 2.754 2.622 2.753 2.686 2.735 2.832 3.286 4.465 1.582 0.925 0.797 1.858 1.838 1.772 1.967 2.234 2.547 2.708 2.740 2.752 2.859 2.921 2.928 3.049 3.049 2.981 2.978 2.926 3.012 3.060 3.039 2.969 2.933 2.955 2.865 2.897 2.918 2.995 3.009 2.954 3.033 3.002
1.971 2.142 2.148 2.143 2.161 2.116 2.052 2.078 2.084 2.147 2.039 2.083 2.108 2.050 2.105 2.144 2.144 2.164 2.113 2.149 2.185 2.219 2.175 2.249 2.266 2.293 2.302 2.319 2.353 2.401 2.466 2.446 2.423 2.519 2.480 2.493 2.501 2.622 2.687 2.773 3.007 2.827 2.504 1.211 0.953 0.934 2.131 2.026 1.912 1.960 2.152 2.425 2.632 2.666 2.626 2.678 2.722 2.694 2.722 2.739 2.692 2.723 2.728 2.708 2.621 2.658 2.733 2.662 2.622 2.588 2.593 2.601 2.578 2.642 2.656 2.698 2.663
2.018 2.023 2.031 2.041 1.985 2.024 2.019 2.028 2.034 2.118 2.139 2.159 2.128 2.134 2.124 2.108 2.139 2.162 2.145 2.141 2.146 2.152 2.097 2.137 2.162 2.222 2.209 2.268 2.277 2.311 2.312 2.332 2.313 2.370 2.415 2.482 2.504 2.550 2.583 2.734 2.957 3.920 4.115 1.281 0.948 2.452 2.544 2.350 2.000 2.269 2.254 2.377 2.524 2.434 2.421 2.416 2.468 2.480 2.528 2.573 2.601 2.584 2.538 2.531 2.543 2.565 2.515 2.485 2.431 2.463 2.427 2.460 2.446 2.447 2.503 2.552 2.571
2.154 2.189 2.109 2.109 2.075 2.091 2.080 2.146 2.144 2.176 2.225 2.277 2.255 2.279 2.267 2.280 2.244 2.262 2.246 2.277 2.262 2.286 2.197 2.210 2.183 2.213 2.223 2.319 2.328 2.373 2.341 2.340 2.335 2.403 2.431 2.496 2.528 2.536 2.552 2.623 2.844 3.176 5.212 2.277 1.310 2.163 2.905 2.804 2.590 2.535 2.491 2.554 2.587 2.572 2.538 2.476 2.498 2.689 2.599 2.595 2.539 2.546 2.538 2.588 2.605 2.605 2.590 2.546 2.471 2.430 2.431 2.435 2.390 2.389 2.457 2.553 2.561
2.447 2.470 2.364 2.344 2.297 2.336 2.380 2.459 2.431 2.428 2.442 2.454 2.432 2.438 2.463 2.501 2.517 2.502 2.512 2.507 2.464 2.482 2.408 2.369 2.337 2.382 2.350 2.400 2.447 2.488 2.476 2.514 2.521 2.539 2.568 2.615 2.614 2.628 2.561 2.607 2.650 2.806 2.957 2.356 2.210 2.709 3.221 3.010 2.771 2.698 2.645 2.682 2.688 2.742 2.728 2.705 2.695 2.711 2.748 2.758 2.665 2.638 2.662 2.665 2.642 2.638 2.601 2.533 2.519 2.532 2.502 2.462 2.436 2.436 2.485 2.502 2.547
2.553 2.636 2.583 2.543 2.477 2.512 2.523 2.579 2.520 2.490 2.458 2.463 2.436 2.430 2.454 2.520 2.534 2.545 2.538 2.529 2.470 2.433 2.363 2.309 2.273 2.307 2.292 2.307 2.336 2.406 2.410 2.448 2.439 2.459 2.466 2.488 2.472 2.484 2.467 2.471 2.434 2.522 2.536 2.575 2.556 2.699 2.750 2.751 2.644 2.660 2.599 2.602 2.571 2.601 2.544 2.531 2.464 2.429 2.410 2.393 2.323 2.355 2.399 2.385 2.316 2.294 2.243 2.240 2.212 2.240 2.218 2.195 2.151 2.196 2.225 2.246 2.251
2.170 2.275 2.310 2.300 2.261 2.265 2.226 2.188 2.116 2.099 2.060 2.076 2.054 2.045 2.016 2.065 2.111 2.122 2.135 2.097 2.053 2.004 1.963 1.935 1.918 1.940 1.953 1.944 1.959 2.009 2.009 2.014 1.989 1.989 1.978 1.999 2.002 2.066 2.111 2.129 2.167 2.233 2.275 2.324 2.324 2.391 2.388 2.391 2.340 2.366 2.322 2.242 2.080 2.041 1.957 1.869 1.781 1.764 1.730 1.720 1.721 1.770 1.765 1.757 1.718 1.712 1.685 1.712 1.697 1.710 1.743 1.747 1.704 1.717 1.756 1.781 1.795
1.666 1.703 1.714 1.701 1.671 1.660 1.644 1.592 1.565 1.558 1.530 1.551 1.539 1.524 1.517 1.522 1.544 1.569 1.610 1.616 1.599 1.585 1.563 1.571 1.586 1.602 1.600 1.592 1.613 1.632 1.609 1.602 1.586 1.568 1.570 1.599 1.629 1.696 1.771 1.840 1.913 1.983 2.045 2.099 2.090 2.146 2.213 2.342 2.430 2.459 2.014 1.731 1.528 1.442 1.324 1.280 1.230 1.209 1.196 1.221 1.235 1.263 1.253 1.255 1.220 1.214 1.189 1.179 1.164 1.182 1.242 1.267 1.246 1.253 1.240 1.270 1.295
1.200 1.177 1.193 1.192 1.187 1.163 1.161 1.183 1.177 1.163 1.154 1.145 1.170 1.177 1.202 1.214 1.237 1.244 1.266 1.254 1.268 1.259 1.281 1.301 1.340 1.376 1.402 1.399 1.431 1.457 1.462 1.459 1.470 1.456 1.481 1.503 1.539 1.605 1.665 1.691 1.736 1.805 1.868 1.899 1.875 2.122 2.411 2.435 2.227 1.915 1.591 1.416 1.236 1.152 1.063 1.025 0.980 0.979 0.971 0.994 0.979 1.000 0.996 1.002 0.973 0.941 0.923 0.898 0.874 0.866 0.899 0.911 0.921 0.924 0.935 0.972 0.993
1.087 1.078 1.078 1.090 1.068 1.060 1.074 1.090 1.108 1.102 1.100 1.086 1.091 1.100 1.121 1.133 1.142 1.141 1.153 1.167 1.208 1.200 1.201 1.208 1.220 1.251 1.275 1.285 1.314 1.333 1.361 1.360 1.389 1.399 1.426 1.467 1.501 1.562 1.587 1.614 1.654 1.720 1.828 1.942 2.007 2.223 2.250 2.077 1.894 1.699 1.505 1.351 1.171 1.075 0.966 0.924 0.882 0.874 0.844 0.841 0.827 0.840 0.821 0.823 0.802 0.794 0.769 0.758 0.738 0.718 0.685 0.678 0.670 0.688 0.704 0.714 0.728
0.824 0.798 0.825 0.832 0.862 0.872 0.901 0.928 0.969 0.989 0.997 1.001 1.009 0.992 1.000 0.996 0.999 0.988 0.971 0.962 0.909 0.899 0.906 0.901 0.962 0.976 1.033 1.054 1.101 1.121 1.134 1.163 1.204 1.184 1.153 1.187 1.191 1.228 1.265 1.293 1.351 1.538 1.736 1.898 1.660 1.723 1.742 1.787 1.653 1.447 1.385 1.279 1.121 1.038 0.904 0.829 0.754 0.733 0.676 0.660 0.628 0.629 0.596 0.584 0.550 0.583 0.623 0.667 0.662 0.605 0.516 0.455 0.354 0.373 0.370 0.382 0.375
0.645 0.637 0.644 0.666 0.719 0.758 0.814 0.854 0.919 0.955 0.991 1.007 0.992 0.992 1.013 0.992 1.009 1.002 0.964 0.982 0.972 0.974 0.946 0.909 0.965 0.958 1.045 1.041 1.072 1.101 1.217 1.297 1.337 1.322 1.289 1.274 1.142 1.115 1.111 1.129 1.179 1.224 1.251 1.304 1.260 1.331 1.387 1.415 1.327 1.207 1.199 1.131 1.017 0.966 0.854 0.783 0.693 0.650 0.584 0.563 0.517 0.527 0.492 0.498 0.463 0.525 0.496 0.501 0.436 0.503 0.450 0.440 0.340 0.410 0.400 0.478 0.432
0.463 0.477 0.511 0.555 0.639 0.711 0.794 0.849 0.932 1.024 1.129 1.227 1.331 1.424 1.423 1.482 1.326 1.338 1.199 1.091 0.927 0.893 0.831 0.807 0.887 0.925 1.019 1.008 0.992 0.983 0.970 0.979 0.972 1.007 0.995 0.995 0.936 0.919 0.930 0.933 0.944 0.944 0.931 0.927 0.874 0.843 0.837 0.808 0.892 0.892 0.897 0.862 0.798 0.754 0.688 0.654 0.574 0.559 0.507 0.508 0.462 0.467 0.413 0.407 0.317 0.323 0.243 0.253 0.210 0.232 0.174 0.167 0.131 0.131 0.110 0.123 0.109
0.356 0.392 0.450 0.502 0.596 0.660 0.766 0.829 0.884 1.005 1.094 1.114 1.117 1.125 1.101 1.062 0.972 0.895 0.798 0.759 0.681 0.654 0.570 0.552 0.546 0.542 0.562 0.559 0.556 0.557 0.552 0.549 0.525 0.538 0.515 0.517 0.519 0.497 0.506 0.470 0.480 0.469 0.466 0.454 0.468 0.454 0.476 0.464 0.497 0.508 0.520 0.549 0.527 0.500 0.483 0.467 0.445 0.475 0.466 0.466 0.405 0.386 0.314 0.294 0.196 0.187 0.135 0.128 0.097 0.091 0.071 0.071 0.061 0.062 0.055 0.056 0.052
