data-raw/precipfiles/16_grid_data_16000BP.asc
ncols 144
nrows 72
xllcorner -180
yllcorner -90
cellsize 2.5
nodata_value -9999
[rows 0 to 33 of 72, columns 0 to 76 of 144]
0.215 0.221 0.227 0.218 0.209 0.220 0.220 0.225 0.236 0.243 0.226 0.232 0.233 0.237 0.228 0.225 0.235 0.231 0.229 0.226 0.220 0.230 0.228 0.243 0.236 0.234 0.244 0.240 0.245 0.251 0.249 0.245 0.242 0.243 0.252 0.260 0.250 0.261 0.268 0.276 0.288 0.314 0.305 0.308 0.320 0.313 0.322 0.315 0.299 0.307 0.303 0.304 0.317 0.317 0.318 0.309 0.305 0.317 0.310 0.300 0.298 0.301 0.299 0.318 0.315 0.316 0.322 0.303 0.302 0.294 0.301 0.291 0.283 0.273 0.234 0.239 0.237
0.228 0.223 0.226 0.222 0.219 0.215 0.221 0.223 0.222 0.222 0.217 0.216 0.214 0.218 0.218 0.217 0.216 0.217 0.216 0.215 0.214 0.215 0.215 0.220 0.216 0.217 0.209 0.216 0.209 0.212 0.213 0.212 0.207 0.206 0.199 0.204 0.200 0.201 0.206 0.219 0.204 0.208 0.205 0.204 0.211 0.211 0.210 0.209 0.218 0.208 0.209 0.208 0.206 0.209 0.206 0.211 0.205 0.223 0.221 0.213 0.214 0.216 0.222 0.224 0.223 0.230 0.229 0.231 0.231 0.235 0.235 0.230 0.223 0.228 0.231 0.230 0.228
0.219 0.221 0.223 0.214 0.216 0.218 0.218 0.215 0.211 0.211 0.211 0.207 0.210 0.209 0.205 0.206 0.203 0.202 0.201 0.198 0.200 0.194 0.192 0.194 0.189 0.191 0.188 0.188 0.190 0.189 0.185 0.179 0.174 0.172 0.167 0.171 0.174 0.177 0.187 0.191 0.191 0.190 0.194 0.195 0.196 0.202 0.198 0.193 0.172 0.165 0.157 0.164 0.157 0.158 0.168 0.163 0.173 0.187 0.211 0.224 0.228 0.223 0.225 0.211 0.220 0.220 0.239 0.236 0.239 0.238 0.234 0.233 0.235 0.235 0.235 0.239 0.244
0.246 0.245 0.244 0.240 0.239 0.242 0.240 0.234 0.233 0.228 0.229 0.223 0.216 0.217 0.212 0.206 0.208 0.208 0.202 0.202 0.198 0.197 0.192 0.194 0.185 0.193 0.182 0.180 0.179 0.182 0.175 0.179 0.171 0.183 0.196 0.162 0.154 0.148 0.145 0.146 0.134 0.139 0.196 0.177 0.126 0.127 0.135 0.151 0.132 0.122 0.112 0.118 0.114 0.104 0.101 0.093 0.104 0.119 0.143 0.154 0.163 0.176 0.200 0.177 0.234 0.326 0.272 0.247 0.249 0.245 0.241 0.256 0.290 0.324 0.388 0.408 0.403
0.281 0.278 0.279 0.273 0.265 0.264 0.252 0.246 0.235 0.231 0.222 0.215 0.207 0.209 0.201 0.196 0.197 0.196 0.195 0.196 0.193 0.193 0.192 0.187 0.188 0.181 0.182 0.196 0.181 0.183 0.178 0.180 0.175 0.190 0.144 0.146 0.137 0.124 0.134 0.142 0.138 0.140 0.142 0.138 0.137 0.133 0.115 0.108 0.093 0.103 0.084 0.105 0.087 0.083 0.066 0.059 0.062 0.059 0.069 0.069 0.082 0.097 0.132 0.173 0.201 0.163 0.201 0.232 0.257 0.272 0.292 0.336 0.385 0.461 0.550 0.620 0.799
0.324 0.321 0.317 0.314 0.304 0.296 0.284 0.273 0.264 0.247 0.232 0.219 0.208 0.203 0.194 0.187 0.181 0.183 0.183 0.191 0.201 0.210 0.226 0.240 0.209 0.258 0.277 0.268 0.260 0.181 0.214 0.217 0.150 0.159 0.169 0.172 0.165 0.166 0.167 0.161 0.170 0.230 0.238 0.223 0.162 0.151 0.145 0.134 0.124 0.115 0.132 0.123 0.112 0.098 0.074 0.066 0.055 0.050 0.046 0.049 0.066 0.079 0.118 0.162 0.241 0.232 0.294 0.297 0.345 0.386 0.457 0.491 0.515 0.546 0.587 0.650 0.712
0.418 0.427 0.433 0.434 0.418 0.400 0.366 0.332 0.313 0.295 0.267 0.247 0.236 0.227 0.216 0.212 0.208 0.219 0.228 0.241 0.259 0.273 0.357 0.253 0.278 0.307 0.323 0.309 0.269 0.259 0.363 0.361 0.245 0.254 0.241 0.241 0.227 0.206 0.194 0.173 0.178 0.230 0.244 0.246 0.243 0.253 0.259 0.284 0.290 0.189 0.142 0.183 0.150 0.142 0.099 0.092 0.067 0.068 0.068 0.079 0.154 0.118 0.185 0.227 0.346 0.378 0.491 0.505 0.575 0.590 0.597 0.556 0.535 0.513 0.509 0.567 0.609
0.693 0.524 0.742 0.757 0.767 0.731 0.618 0.555 0.386 0.343 0.316 0.288 0.255 0.355 0.363 0.387 0.390 0.392 0.384 0.318 0.347 0.328 0.392 0.496 0.532 0.627 0.561 0.500 0.441 0.383 0.337 0.440 0.450 0.331 0.310 0.270 0.282 0.274 0.238 0.200 0.169 0.172 0.178 0.193 0.253 0.285 0.338 0.373 0.396 0.361 0.245 0.194 0.196 0.202 0.175 0.175 0.132 0.139 0.164 0.189 0.304 0.340 0.488 0.455 0.722 0.780 0.903 0.945 0.979 0.949 0.877 0.813 0.737 0.692 0.686 0.724 0.734
1.889 1.378 1.340 1.472 1.535 1.314 1.171 1.025 0.977 0.852 0.729 0.682 0.619 0.575 0.553 0.580 0.575 0.514 0.433 0.452 0.441 0.561 0.666 0.739 0.918 1.005 0.761 0.658 0.536 0.460 0.454 0.348 0.321 0.320 0.312 0.330 0.353 0.291 0.279 0.238 0.192 0.168 0.153 0.146 0.218 0.290 0.411 0.615 0.662 0.606 0.375 0.264 0.223 0.262 0.274 0.433 0.593 0.752 0.964 1.103 1.063 1.034 1.219 1.599 1.653 1.717 1.784 1.865 1.813 1.725 1.563 1.461 1.383 1.345 1.311 1.306 1.210
2.566 2.003 1.989 1.742 1.504 1.662 1.383 1.260 1.157 1.042 1.064 0.950 0.876 0.758 0.650 0.681 0.737 0.800 0.726 0.649 0.719 0.836 0.863 0.854 0.916 0.974 0.918 0.897 0.705 0.581 0.482 0.428 0.379 0.358 0.336 0.356 0.354 0.340 0.305 0.363 0.342 0.246 0.155 0.120 0.155 0.286 0.628 0.700 0.847 0.815 0.471 0.345 0.267 0.361 0.544 0.878 1.399 1.343 1.431 1.654 1.901 2.142 2.229 1.599 1.358 1.712 2.776 2.763 2.489 2.255 2.025 1.927 1.946 2.026 1.860 1.682 3.026
1.820 2.170 2.206 1.519 1.457 1.321 1.432 1.223 1.158 1.135 1.269 1.478 1.240 1.428 1.184 0.893 0.890 0.912 1.027 0.901 1.023 0.956 0.942 0.949 0.874 0.862 0.830 0.756 0.659 0.594 0.545 0.482 0.407 0.374 0.346 0.327 0.305 0.480 0.384 0.457 0.438 0.298 0.198 0.167 0.182 0.310 0.576 0.758 0.972 1.038 0.830 0.736 0.647 0.752 1.102 1.628 1.420 1.649 1.824 1.894 2.006 2.322 2.735 2.782 3.475 3.783 3.531 3.086 2.818 2.630 2.378 2.368 2.469 2.602 4.164 3.269 2.696
2.178 2.210 1.983 1.772 1.669 1.506 1.351 1.289 1.195 1.570 2.076 2.360 4.078 4.074 3.883 3.990 2.047 0.959 0.846 1.132 1.274 1.123 0.770 0.920 0.817 0.758 0.680 0.640 0.604 0.562 0.507 0.478 0.423 0.377 0.373 0.398 0.468 0.519 0.489 0.465 0.435 0.329 0.284 0.235 0.188 0.275 0.571 0.758 0.956 1.025 1.001 0.810 0.891 0.950 1.578 1.445 1.758 1.858 1.927 1.883 1.880 1.924 2.046 2.125 2.203 2.339 2.480 2.568 2.441 4.383 2.149 2.280 2.481 4.863 4.556 1.824 1.874
2.143 2.218 2.162 2.020 1.989 1.868 1.743 1.775 1.900 2.058 3.853 3.455 5.509 6.774 4.979 9.724 8.260 4.345 3.055 1.188 1.044 0.958 0.852 0.816 0.858 0.795 0.726 0.628 0.611 0.570 0.567 0.461 0.423 0.409 0.417 0.472 0.490 0.525 0.521 0.531 0.457 0.339 0.296 0.269 0.252 0.314 0.529 0.800 0.982 1.129 1.162 1.128 1.053 1.179 1.542 1.572 1.780 1.891 1.980 1.876 1.820 1.769 1.784 1.828 1.892 1.945 2.015 2.068 2.081 3.220 2.390 1.961 2.386 2.638 5.207 3.258 2.733
2.219 2.268 2.338 2.334 2.414 2.580 2.904 2.705 2.072 2.298 4.122 3.788 3.382 3.588 3.790 3.926 3.649 6.735 6.433 3.984 1.952 0.956 0.862 0.769 0.769 0.827 0.831 0.795 0.717 0.689 0.645 0.509 0.438 0.412 0.388 0.417 0.504 0.516 0.462 0.492 0.523 0.415 0.361 0.337 0.332 0.363 0.475 0.811 1.068 1.189 1.403 1.362 1.345 1.342 1.451 1.575 1.697 1.858 1.946 1.911 1.818 1.755 1.724 1.763 1.778 1.832 1.818 1.897 2.839 3.834 2.720 1.990 2.279 2.593 2.378 3.115 2.422
2.283 2.333 2.434 2.532 2.970 3.544 2.886 2.918 2.857 2.892 3.016 3.159 3.297 3.374 3.557 3.663 3.740 3.747 4.999 6.035 4.796 1.342 0.770 1.078 0.933 1.095 0.978 0.870 0.893 0.902 0.842 0.695 0.514 0.420 0.452 0.438 0.437 0.386 0.385 0.563 0.482 0.400 0.410 0.385 0.393 0.482 0.576 0.822 1.078 1.297 1.437 1.536 1.551 1.495 1.525 1.567 1.656 1.792 1.814 1.870 1.812 1.835 1.848 1.882 1.961 2.052 1.957 2.130 2.611 2.271 2.892 2.373 1.914 2.489 2.673 2.911 2.284
2.425 3.189 2.702 2.602 2.648 2.754 2.793 2.906 2.932 3.041 3.103 3.077 3.085 3.120 3.355 3.532 3.794 4.085 4.117 7.379 7.772 3.874 1.456 0.828 1.304 0.960 0.741 0.564 0.546 0.635 0.822 1.030 0.923 0.800 0.838 0.839 0.714 0.586 0.510 0.485 0.486 0.476 0.472 0.534 0.585 0.711 0.755 0.962 1.334 1.321 1.508 1.617 1.695 1.700 1.776 1.857 1.943 1.994 2.052 2.053 2.007 2.040 2.121 2.196 2.251 2.313 2.230 4.603 3.162 2.442 2.998 1.983 1.923 2.302 2.530 2.864 2.234
2.649 2.745 2.767 2.827 2.832 2.845 2.936 3.062 3.144 3.324 3.371 3.339 3.330 3.367 3.382 3.447 3.770 4.103 4.297 4.423 4.128 8.040 4.405 2.549 0.913 1.119 0.977 0.609 0.595 0.540 0.630 0.848 0.972 1.219 1.455 1.560 1.319 1.037 0.888 0.909 0.958 0.958 0.877 0.952 0.944 1.210 1.287 1.592 1.881 1.877 2.000 1.822 1.877 1.926 2.021 2.323 2.408 2.420 2.269 2.354 2.391 2.416 2.495 2.600 2.626 2.563 2.475 2.470 2.239 2.197 2.585 2.233 1.968 2.098 2.759 2.680 2.637
3.047 3.108 3.121 3.138 3.128 3.148 3.244 3.263 3.395 3.707 3.797 3.881 3.848 3.885 3.873 3.860 3.811 3.948 4.198 4.548 4.298 3.685 5.332 2.742 1.073 1.738 1.065 0.997 0.869 0.697 0.767 0.895 0.970 1.336 1.987 2.353 2.072 1.606 1.612 1.596 1.760 1.672 1.713 1.830 1.679 1.858 2.341 2.933 2.595 3.218 2.911 2.345 2.272 2.396 2.600 2.805 2.749 2.614 2.512 2.552 2.591 2.676 2.709 2.699 2.647 2.571 2.593 2.601 2.530 2.339 1.853 2.239 2.367 2.287 3.176 3.351 2.706
3.596 3.605 3.865 3.855 3.978 3.790 3.806 3.885 3.906 4.141 4.396 4.289 4.162 4.268 4.163 4.161 4.020 3.726 3.836 3.863 3.792 3.922 6.173 2.846 1.508 1.579 0.984 1.314 0.822 1.079 1.207 1.221 1.327 1.704 2.265 2.688 2.603 2.344 2.256 2.576 2.747 3.078 3.183 3.203 3.598 3.535 3.761 3.856 3.946 3.707 3.404 3.220 3.117 3.515 3.822 3.385 3.024 2.921 2.876 2.922 2.778 2.761 2.491 2.555 2.539 2.671 2.790 2.749 5.189 3.767 3.232 3.598 2.605 2.906 2.467 2.455 2.290
4.291 4.490 4.773 4.713 4.709 4.528 4.578 4.555 4.658 4.729 4.554 4.485 4.510 4.545 4.415 4.443 4.185 4.233 3.969 3.872 4.033 4.208 7.212 3.714 1.586 1.687 1.317 1.475 0.971 1.426 1.442 1.638 1.910 2.141 2.647 2.799 2.964 2.898 2.992 3.641 4.413 4.521 4.507 4.254 4.129 4.857 5.454 6.120 5.990 5.901 5.196 4.762 4.404 4.374 4.037 3.633 3.506 3.389 3.277 3.049 2.723 2.574 2.520 2.512 2.439 2.604 2.793 2.885 5.705 3.009 2.113 1.634 1.931 2.415 2.145 2.418 2.336
5.382 5.235 5.058 4.916 4.997 4.944 4.832 4.838 4.800 4.614 4.462 4.418 4.599 4.526 4.507 4.420 4.138 3.794 3.699 3.713 3.766 3.354 8.418 6.387 2.584 2.545 -9999 1.362 1.437 1.727 1.525 1.771 2.267 2.911 3.419 3.369 3.539 3.801 3.944 4.504 4.926 5.444 5.151 6.183 5.951 5.897 6.431 6.529 6.075 5.339 4.835 4.312 4.300 4.012 3.760 3.612 3.426 3.147 2.921 2.771 2.565 2.418 2.288 2.266 2.335 2.295 2.486 2.977 3.874 3.237 2.592 1.754 2.180 1.942 1.162 1.812 1.217
5.614 5.476 5.228 4.990 4.999 4.834 4.634 4.622 4.492 4.379 4.439 4.548 4.455 4.250 3.938 3.748 3.545 3.334 3.238 3.164 3.206 2.862 2.258 4.197 3.697 -9999 5.691 1.663 1.191 1.520 1.527 1.965 3.088 3.993 4.520 4.675 5.028 5.277 5.528 5.193 5.035 4.959 6.075 7.101 6.149 5.289 5.120 5.137 4.873 4.425 4.169 3.926 3.855 3.565 3.404 3.207 3.089 3.006 2.633 2.407 2.273 2.202 2.309 2.158 2.177 2.083 2.163 2.302 4.272 3.292 2.447 1.380 1.501 1.525 1.571 1.278 0.915
5.054 4.966 4.849 4.568 4.480 4.305 4.110 4.050 3.914 3.997 4.061 4.050 4.190 3.812 3.437 3.034 2.800 2.597 2.383 2.269 2.267 2.320 2.073 4.701 4.469 2.425 3.890 2.921 1.878 1.344 1.301 1.842 2.604 4.140 5.338 5.695 5.790 5.511 5.252 4.851 4.818 5.158 6.610 6.203 5.434 4.804 4.628 4.505 4.211 3.918 3.620 3.173 3.310 3.092 2.838 2.597 2.361 2.339 2.105 1.955 1.879 1.917 1.856 1.796 1.791 1.777 1.779 1.815 2.180 2.590 1.585 0.854 0.651 0.535 0.363 0.417 0.538
4.014 3.970 4.007 3.810 3.603 3.298 3.135 3.107 3.087 3.214 3.191 3.137 3.087 2.981 2.728 2.334 2.012 1.716 1.487 1.316 1.201 1.215 1.196 1.196 0.813 1.556 0.826 3.961 2.771 2.904 1.067 1.412 2.174 3.479 5.582 5.743 5.536 4.969 4.435 4.180 4.341 5.065 4.720 4.738 4.753 4.738 4.553 4.435 4.296 3.929 3.464 3.037 2.652 2.381 2.153 1.946 1.832 1.770 1.626 1.467 1.385 1.404 1.241 1.107 0.892 0.878 0.947 1.101 1.572 1.415 -9999 0.488 0.249 0.155 0.098 0.131 0.338
2.616 2.600 2.673 2.493 2.321 2.212 2.200 2.086 2.237 2.449 2.501 2.623 2.559 2.301 2.008 1.728 1.513 1.243 1.016 0.811 0.719 0.659 0.667 0.611 0.422 0.495 0.381 0.984 3.050 3.557 0.929 1.087 2.155 3.789 5.483 4.993 4.354 3.593 4.007 3.780 3.144 3.699 3.749 4.004 4.165 4.103 3.763 3.486 3.210 2.697 2.226 1.790 1.716 1.669 1.642 1.609 1.516 1.429 1.299 1.187 1.005 0.885 0.673 0.587 0.754 0.832 0.412 0.701 0.589 0.463 0.928 0.205 0.075 0.151 0.185 0.139 0.137
1.808 1.781 1.879 1.882 1.863 1.786 1.748 1.725 1.945 2.006 2.030 2.025 2.062 1.700 1.468 1.245 1.059 0.873 0.723 0.600 0.554 0.518 0.486 0.389 0.257 0.175 0.155 0.337 1.671 5.129 1.122 0.945 1.881 2.893 3.579 3.240 2.769 2.468 2.723 3.487 2.958 2.654 2.669 3.177 3.520 3.525 3.116 2.709 2.326 1.812 1.506 1.270 1.221 1.292 1.249 1.318 1.249 1.216 0.999 0.838 0.661 0.526 0.397 0.293 0.251 0.237 0.315 -9999 -9999 -9999 -9999 -9999 0.271 0.687 2.202 -9999 -9999
1.503 1.458 1.544 1.617 1.718 1.758 1.780 1.799 1.860 1.783 1.670 1.551 1.400 1.119 1.016 0.879 0.742 0.607 0.537 0.516 0.538 0.516 0.491 0.369 0.290 0.193 0.175 0.448 1.140 3.675 2.520 1.234 2.533 2.948 3.095 2.485 1.784 1.771 2.634 3.164 2.619 1.498 1.592 2.080 2.497 2.606 2.591 2.259 1.931 1.641 1.388 1.181 1.102 1.100 1.054 1.012 0.928 0.840 0.719 0.588 0.459 0.346 0.271 0.226 0.290 0.170 0.273 -9999 -9999 -9999 -9999 -9999 0.074 -9999 -9999 -9999 -9999
1.667 1.653 1.740 1.824 2.015 2.263 2.409 2.297 2.011 1.655 1.580 1.253 1.027 0.957 0.858 0.784 0.733 0.633 0.579 0.563 0.547 0.533 0.483 0.334 0.285 0.286 0.382 0.510 0.878 3.991 4.024 2.935 5.294 5.977 2.727 2.401 2.251 2.207 2.352 2.188 2.422 2.404 1.901 1.412 1.940 2.020 1.976 1.777 1.607 1.404 1.154 0.994 0.976 0.921 0.862 0.798 0.719 0.641 0.544 0.423 0.357 0.313 0.320 0.325 0.379 0.214 0.131 -9999 -9999 -9999 -9999 -9999 -9999 -9999 -9999 -9999 -9999
1.571 1.722 1.762 1.736 1.877 2.124 2.408 2.518 2.647 8.303 1.498 1.304 1.079 1.025 0.902 0.807 0.727 0.628 0.586 0.550 0.489 0.480 0.514 0.472 0.528 0.632 0.918 1.273 1.514 2.483 2.889 3.784 3.611 9.794 9.414 5.011 3.104 2.015 1.607 1.381 2.547 2.443 1.817 2.775 4.304 4.604 1.808 1.576 1.511 1.436 1.209 1.042 1.099 1.124 1.017 0.914 0.766 0.648 0.542 0.429 0.353 0.335 0.331 0.390 0.442 0.155 0.102 0.139 0.095 -9999 -9999 -9999 -9999 -9999 -9999 -9999 -9999
1.336 1.455 1.435 1.433 1.388 1.446 1.464 1.382 1.215 0.992 0.884 0.786 0.641 0.682 0.658 0.679 0.673 0.634 0.648 0.671 0.702 0.806 0.824 0.962 1.263 1.648 1.949 2.396 2.785 3.154 3.670 3.155 4.711 3.902 4.635 7.240 5.110 4.299 6.070 2.024 1.612 1.418 1.339 1.322 1.707 1.674 1.529 3.924 1.503 1.356 1.207 1.163 1.215 1.367 1.356 1.156 0.994 0.950 0.817 0.707 0.622 0.498 0.466 0.347 0.387 0.448 -9999 -9999 -9999 -9999 -9999 -9999 -9999 -9999 -9999 -9999 -9999
1.269 1.310 1.220 1.185 1.183 1.285 1.281 1.201 1.092 0.991 0.846 0.818 0.753 0.748 0.781 0.828 0.941 1.042 1.192 1.421 1.769 2.132 2.683 3.240 3.827 4.245 4.639 5.107 5.532 5.619 5.857 5.867 5.219 4.191 4.732 5.689 4.092 2.665 5.277 2.443 1.433 1.117 0.905 0.890 1.080 1.182 1.275 1.484 1.589 1.658 1.338 1.244 1.351 1.463 1.449 1.333 1.262 1.311 1.495 1.634 1.486 1.280 1.116 0.996 1.077 1.814 -9999 -9999 -9999 -9999 -9999 -9999 -9999 -9999 -9999 -9999 -9999
1.897 1.828 1.673 1.715 1.784 1.894 1.968 1.980 1.988 2.045 2.102 2.227 2.261 2.320 2.469 2.491 2.837 3.072 3.229 3.719 4.288 4.612 5.472 6.289 7.280 8.086 8.991 9.462 10.021 9.663 9.175 8.236 6.507 5.509 4.948 3.538 2.956 3.533 6.305 3.286 2.053 2.205 2.386 1.193 1.806 2.342 2.265 2.849 1.213 1.143 0.997 1.029 1.080 1.215 1.312 1.232 1.090 1.076 1.093 0.979 1.063 0.933 1.051 1.407 1.792 3.262 4.385 3.525 -9999 -9999 -9999 -9999 -9999 -9999 -9999 -9999 -9999
3.871 3.690 3.550 3.515 3.539 3.860 4.070 4.137 4.193 4.237 4.356 4.569 4.962 5.069 5.310 5.642 6.322 6.542 6.741 6.826 7.256 7.520 7.773 8.155 8.849 9.911 11.403 12.566 13.198 12.734 12.174 10.825 9.849 8.819 7.790 5.707 4.207 4.408 6.832 4.386 4.166 2.767 2.294 1.748 1.497 1.279 1.385 2.528 3.171 1.081 1.218 1.378 1.591 2.062 2.370 2.444 2.290 2.252 2.270 2.379 2.372 2.269 2.314 2.504 2.788 3.742 6.342 5.763 4.298 2.858 2.355 2.676 2.829 2.740 3.043 3.031 3.049
6.041 5.874 5.831 5.752 5.595 5.967 6.100 6.386 6.101 6.171 6.216 6.024 6.010 5.887 5.770 5.832 6.030 5.779 5.664 5.677 5.663 5.850 6.085 6.620 7.451 8.200 8.348 9.302 9.778 10.236 10.004 9.653 9.284 9.539 10.134 10.098 8.750 7.460 8.732 6.423 7.947 5.528 2.222 4.529 2.875 2.785 2.952 3.151 4.185 3.575 3.946 2.392 2.132 3.592 4.781 5.417 4.586 4.490 4.392 4.642 4.795 4.751 4.325 4.014 3.995 4.126 5.263 6.437 5.924 3.829 3.409 3.367 2.921 3.810 5.134 5.428 4.494
