data-raw/precipfiles/17_grid_data_17000BP.asc
ncols 144
nrows 72
xllcorner -180
yllcorner -90
cellsize 2.5
nodata_value -9999
[rows 34 to 67 of 72, columns 0 to 76 of 144]
5.044 4.857 4.634 4.288 4.069 4.076 4.149 4.066 3.830 3.817 3.577 3.388 3.035 2.828 2.734 2.839 2.703 2.522 2.553 2.630 2.685 3.060 3.198 3.446 3.814 4.100 4.075 4.188 4.223 4.465 4.657 5.154 5.322 5.728 6.273 7.223 6.397 4.976 3.852 3.933 10.376 4.054 2.811 3.830 4.828 4.417 3.801 3.098 3.580 4.053 6.112 6.213 2.044 3.428 4.393 5.635 5.483 5.585 5.522 5.820 5.515 5.549 5.187 4.730 4.061 3.411 3.357 3.419 4.133 4.656 3.150 3.523 2.595 3.258 5.256 6.516 4.471
3.500 3.532 3.399 3.128 3.498 4.627 5.272 4.882 4.190 3.849 3.199 2.561 1.999 1.800 1.732 1.721 1.775 1.689 1.633 1.677 1.767 1.758 1.766 1.814 1.926 1.982 1.970 2.010 2.148 2.357 2.476 2.545 2.519 2.529 2.361 2.237 2.011 1.612 1.352 1.918 6.129 5.120 5.063 4.576 5.006 5.100 3.783 4.314 4.838 3.870 4.188 5.362 4.416 1.820 4.009 13.696 13.107 8.005 5.960 4.690 3.983 3.693 3.138 2.971 2.302 1.807 1.490 1.455 1.419 1.553 1.695 1.879 2.084 2.250 2.430 5.130 3.515
3.196 3.137 2.872 2.668 2.892 3.617 3.933 3.564 3.055 2.767 2.458 2.207 1.853 1.623 1.722 1.758 1.747 1.682 1.710 1.905 1.990 1.909 1.752 1.630 1.579 1.481 1.321 1.334 1.389 1.525 1.643 1.575 1.516 1.442 1.344 1.232 1.113 0.913 0.808 2.186 5.350 5.453 5.762 9.905 5.046 4.745 9.123 6.163 5.724 5.767 3.984 5.511 7.661 6.465 6.861 3.889 6.132 5.326 4.257 3.567 2.766 2.336 1.879 1.441 1.019 0.811 0.671 0.632 0.697 0.792 0.933 1.045 1.184 1.339 1.827 3.398 3.875
4.188 3.759 3.367 3.005 2.810 2.652 2.572 2.351 2.235 2.087 2.017 1.917 1.863 1.810 1.934 1.926 1.869 1.780 1.658 1.679 1.687 1.631 1.617 1.469 1.411 1.367 1.303 1.346 1.379 1.403 1.410 1.384 1.208 1.030 1.022 1.075 1.113 0.852 0.593 1.233 3.951 5.492 5.177 21.936 6.572 4.701 6.442 5.724 5.712 6.243 5.313 4.734 9.364 21.682 11.555 4.135 3.672 3.485 3.655 3.245 2.761 3.165 1.942 1.760 0.932 0.692 0.616 0.486 0.437 0.435 0.443 0.499 0.624 0.787 1.115 2.210 3.175
5.890 5.586 5.160 4.846 4.448 4.026 3.688 3.423 3.077 2.715 2.507 2.254 2.098 1.977 1.875 1.689 1.578 1.451 1.326 1.222 1.147 1.151 1.215 1.151 1.168 1.087 1.021 0.948 0.996 0.920 0.899 0.884 0.779 0.744 0.709 0.688 0.685 0.604 0.453 0.445 2.045 4.290 7.105 80.862 100.417 7.263 6.886 6.422 6.196 12.759 79.639 -9999 -9999 -9999 9.045 6.220 5.138 3.586 4.713 2.092 1.487 1.231 0.965 0.697 0.524 0.421 0.352 0.274 0.215 0.181 0.204 0.215 0.255 0.344 0.508 0.785 1.832
6.984 6.867 6.759 6.669 6.058 5.666 5.222 4.901 4.437 4.012 3.570 3.185 2.994 2.613 2.169 1.796 1.529 1.387 1.199 0.996 0.861 0.782 0.768 0.698 0.660 0.567 0.483 0.423 0.401 0.369 0.349 0.309 0.249 0.236 0.211 0.198 0.274 0.327 0.334 0.140 1.208 5.792 6.288 15.207 32.576 41.946 8.011 9.983 8.309 15.896 -9999 -9999 369.291 187.341 7.831 5.228 5.488 6.205 7.151 1.790 1.113 0.758 0.643 0.538 0.429 0.327 0.275 0.229 0.198 0.195 0.215 0.217 0.187 0.173 0.194 0.268 0.518
6.452 6.359 6.362 6.494 6.118 6.012 5.908 5.657 5.139 4.644 4.258 3.826 3.468 3.090 2.622 2.258 1.942 1.761 1.452 1.182 1.031 0.847 0.784 0.693 0.573 0.479 0.326 0.275 0.242 0.221 0.194 0.164 0.129 0.098 0.088 0.093 0.105 0.167 0.186 0.122 0.439 2.283 5.691 8.999 16.957 40.489 360.454 50.611 114.720 272.377 -9999 -9999 158.095 12.737 7.883 5.837 5.660 7.879 2.875 1.731 1.105 0.817 0.668 0.576 0.467 0.386 0.345 0.267 0.227 0.213 0.219 0.225 0.255 0.190 0.173 0.159 0.306
5.118 5.161 5.275 5.296 5.102 5.301 5.520 5.612 5.368 5.039 4.675 4.504 3.986 3.495 3.039 2.828 2.778 2.524 2.249 1.963 1.792 1.583 1.336 1.287 1.253 0.884 0.556 0.375 0.266 0.245 0.231 0.208 0.175 0.135 0.132 0.126 0.126 0.116 0.145 0.142 0.158 0.542 2.138 6.505 8.042 12.785 17.396 17.704 14.391 11.451 13.213 15.931 10.158 9.972 6.936 7.114 8.799 3.794 3.156 2.116 1.437 1.145 0.867 0.766 0.458 0.349 0.262 0.219 0.187 0.173 0.165 0.169 0.187 0.235 0.306 0.230 0.411
3.501 3.722 4.030 4.178 4.354 4.580 4.737 4.827 4.931 5.015 4.876 4.704 4.328 3.988 3.579 3.359 3.300 3.041 2.685 2.335 1.983 1.778 1.359 1.148 1.073 0.876 0.615 0.468 0.374 0.329 0.298 0.268 0.229 0.196 0.181 0.169 0.158 0.150 0.155 0.144 0.173 0.117 0.501 1.108 2.555 7.296 11.198 8.736 9.222 7.683 9.406 8.493 7.802 7.303 7.178 7.349 7.639 3.766 3.367 2.517 1.591 1.157 0.812 0.566 0.390 0.321 0.268 0.229 0.198 0.181 0.178 0.179 0.179 0.167 0.197 0.154 0.211
3.243 3.446 3.725 3.960 4.191 4.196 4.310 4.438 4.530 4.742 4.827 4.788 4.443 4.235 3.939 3.874 3.764 3.288 2.967 2.622 2.303 1.927 1.564 1.349 1.264 1.203 0.865 0.671 0.545 0.490 0.424 0.355 0.313 0.276 0.243 0.224 0.225 0.212 0.194 0.148 0.126 0.175 0.170 0.092 0.740 1.651 3.244 4.607 5.340 6.018 7.010 7.003 6.342 6.272 6.694 6.857 6.074 3.885 3.655 2.770 2.075 1.445 0.959 0.622 0.446 0.368 0.319 0.275 0.222 0.197 0.189 0.186 0.189 0.171 0.148 0.119 0.328
3.639 3.811 3.901 3.990 4.187 4.263 4.134 4.271 4.402 4.505 4.619 4.766 4.921 4.835 4.861 4.837 4.588 3.938 3.453 3.017 2.740 2.388 2.006 1.777 1.620 1.666 1.402 1.094 0.873 0.785 0.697 0.588 0.485 0.397 0.335 0.301 0.267 0.247 0.205 0.174 0.119 0.116 0.115 0.049 0.297 1.255 2.921 2.648 4.282 5.644 5.860 4.864 5.154 6.020 6.170 6.165 4.169 4.279 4.561 3.792 3.065 2.421 1.715 1.234 0.821 0.633 0.499 0.405 0.306 0.242 0.212 0.199 0.190 0.174 0.143 0.116 0.156
3.907 4.162 4.255 4.235 4.444 4.570 4.503 4.511 4.440 4.442 4.438 4.649 4.948 5.209 5.260 5.270 5.079 4.584 4.061 3.651 3.373 3.108 2.795 2.498 2.328 2.299 2.094 1.830 1.544 1.386 1.214 1.036 0.842 0.688 0.513 0.434 0.378 0.309 0.241 0.191 0.153 0.120 0.132 0.050 0.360 1.936 2.513 2.597 4.021 6.225 5.999 5.118 4.739 5.951 6.642 5.107 4.443 5.402 5.212 4.732 4.128 3.586 2.823 2.335 1.781 1.308 0.971 0.727 0.541 0.404 0.311 0.249 0.209 0.181 0.162 0.130 0.115
3.823 4.051 4.247 4.414 4.596 4.773 4.644 4.642 4.553 4.461 4.460 4.698 4.841 5.118 5.266 5.440 5.259 5.010 4.681 4.416 4.089 3.737 3.456 3.116 3.028 2.968 2.762 2.422 2.189 2.102 1.913 1.679 1.447 1.174 0.875 0.687 0.560 0.453 0.325 0.253 0.193 0.177 0.165 0.111 0.434 1.994 2.139 3.086 4.463 5.772 6.643 5.882 5.347 4.099 4.062 4.358 4.684 5.367 5.308 5.050 4.703 4.199 3.652 3.241 2.846 2.317 1.933 1.402 0.993 0.762 0.554 0.414 0.325 0.246 0.214 0.186 0.164
3.351 3.460 3.700 4.136 4.465 4.573 4.521 4.424 4.340 4.281 4.332 4.514 4.690 4.904 4.980 5.235 5.129 4.996 4.917 5.007 4.620 4.204 3.894 3.606 3.464 3.433 3.353 3.102 2.804 2.658 2.459 2.296 2.107 1.828 1.410 1.095 0.858 0.703 0.532 0.417 0.327 0.291 0.254 0.293 0.581 1.092 1.830 3.005 4.522 5.721 6.295 5.476 5.111 4.118 4.289 4.278 4.401 4.816 4.902 4.819 4.770 4.836 4.382 4.020 3.824 3.347 2.696 2.149 1.637 1.282 0.992 0.754 0.587 0.436 0.352 0.316 0.329
2.923 2.864 3.061 3.465 3.748 4.009 4.204 4.190 4.080 4.007 3.864 4.110 4.161 4.444 4.529 4.667 4.623 4.680 4.784 4.960 4.801 4.486 4.289 4.119 3.974 3.730 3.591 3.487 3.325 3.145 2.928 2.769 2.553 2.284 1.946 1.633 1.323 1.128 0.924 0.747 0.581 0.518 0.412 0.914 0.648 1.495 2.326 3.188 4.155 4.807 5.271 5.074 4.729 4.643 4.540 4.285 4.400 4.728 4.777 4.668 4.629 4.647 4.451 4.116 4.055 3.688 3.288 3.083 2.477 2.277 1.789 1.475 1.208 0.923 0.794 0.649 0.644
2.817 2.730 2.735 2.872 3.203 3.522 3.669 3.761 3.838 3.722 3.723 3.836 3.885 3.987 4.016 4.215 4.270 4.409 4.503 4.520 4.592 4.507 4.313 4.168 4.026 3.853 3.796 3.649 3.523 3.317 3.067 3.067 2.922 2.718 2.436 2.151 1.844 1.623 1.389 1.108 0.883 0.729 0.757 2.127 1.435 1.941 2.514 3.066 4.158 4.544 4.859 4.419 4.596 4.875 4.900 4.812 4.766 4.988 4.900 4.884 4.803 4.771 4.673 4.383 4.322 3.984 3.612 3.211 3.042 2.715 2.586 2.258 1.988 1.680 1.438 1.237 1.116
2.492 2.427 2.361 2.433 2.666 2.938 3.124 3.184 3.155 3.187 3.311 3.388 3.382 3.512 3.645 3.672 3.886 4.006 4.051 4.040 4.080 4.083 3.954 3.924 3.850 3.775 3.812 3.809 3.648 3.437 3.206 3.131 2.956 2.861 2.689 2.455 2.155 1.943 1.719 1.474 1.238 1.036 3.877 3.216 1.660 1.863 2.400 3.036 3.433 3.525 4.340 4.247 4.314 4.592 4.810 5.037 4.938 5.127 4.954 4.848 4.803 4.711 4.733 4.572 4.442 4.297 3.948 3.638 3.524 3.220 3.236 3.000 2.789 2.391 2.221 2.017 1.915
2.465 2.355 2.179 2.165 2.424 2.703 2.832 2.921 3.011 2.926 2.989 2.988 2.949 3.048 3.124 3.322 3.555 3.679 3.690 3.647 3.774 3.688 3.591 3.646 3.745 3.738 3.739 3.663 3.594 3.443 3.388 3.385 3.156 3.069 2.902 2.727 2.482 2.272 2.070 1.866 1.659 1.369 4.553 3.402 1.373 1.261 1.586 2.649 2.983 3.765 3.901 3.875 4.137 4.378 4.600 4.835 4.793 4.925 4.833 4.723 4.612 4.568 4.635 4.692 4.630 4.364 4.108 4.055 3.795 3.684 3.622 3.586 3.393 3.056 2.880 2.695 2.668
2.303 2.304 2.310 2.127 2.226 2.423 2.516 2.607 2.523 2.523 2.478 2.490 2.621 2.710 2.714 2.723 2.756 2.980 3.105 3.194 3.310 3.394 3.469 3.506 3.375 3.423 3.288 3.481 3.419 3.415 3.295 3.364 3.241 3.190 2.947 2.950 2.726 2.561 2.379 2.317 2.108 2.499 5.369 3.816 1.131 0.932 1.149 1.749 2.309 2.547 3.016 3.453 3.482 3.360 3.414 3.717 3.685 3.796 3.976 4.052 4.035 4.168 3.923 3.885 3.798 3.894 3.831 3.723 3.590 3.496 3.496 3.499 3.449 3.333 3.063 2.994 2.823
2.251 2.068 2.241 2.211 2.195 2.173 2.248 2.273 2.221 2.208 2.184 2.231 2.247 2.384 2.333 2.275 2.338 2.456 2.491 2.578 2.637 2.689 2.829 2.851 2.748 2.819 2.768 2.836 2.787 2.963 2.868 2.950 2.865 2.871 2.855 2.767 2.712 2.656 2.449 2.485 2.430 2.871 6.355 4.524 0.890 0.829 1.398 1.970 1.964 2.265 2.570 2.768 2.773 2.805 2.852 2.997 2.918 3.118 3.228 3.452 3.445 3.570 3.445 3.402 3.356 3.391 3.444 3.367 3.286 3.253 3.118 3.227 3.297 3.287 2.999 3.107 2.940
2.106 2.232 2.161 2.163 2.145 2.150 2.087 2.134 2.084 2.098 2.039 2.029 2.076 2.116 2.150 2.182 2.185 2.264 2.291 2.270 2.353 2.406 2.416 2.432 2.389 2.384 2.376 2.448 2.456 2.555 2.576 2.627 2.628 2.686 2.566 2.671 2.551 2.695 2.639 2.690 2.785 3.248 4.412 1.558 0.925 0.800 1.818 1.779 1.722 1.951 2.247 2.576 2.739 2.764 2.762 2.861 2.920 2.929 3.052 3.052 2.983 2.977 2.917 2.999 3.051 3.031 2.963 2.930 2.954 2.863 2.890 2.916 2.990 3.000 2.935 3.003 2.968
1.929 2.101 2.105 2.100 2.117 2.076 2.020 2.048 2.050 2.107 1.994 2.042 2.074 2.029 2.089 2.126 2.117 2.132 2.077 2.104 2.137 2.169 2.122 2.185 2.191 2.207 2.216 2.231 2.266 2.319 2.382 2.368 2.343 2.439 2.404 2.430 2.446 2.585 2.672 2.761 2.994 2.805 2.478 1.189 0.919 0.905 2.056 1.944 1.837 1.912 2.136 2.433 2.654 2.683 2.629 2.664 2.694 2.667 2.698 2.728 2.686 2.714 2.710 2.685 2.594 2.633 2.711 2.640 2.598 2.569 2.576 2.591 2.570 2.626 2.633 2.666 2.620
1.975 1.980 1.985 1.994 1.939 1.981 1.979 1.992 1.999 2.077 2.094 2.121 2.097 2.114 2.109 2.094 2.116 2.134 2.110 2.099 2.095 2.099 2.043 2.073 2.091 2.140 2.129 2.189 2.201 2.239 2.243 2.264 2.240 2.296 2.340 2.416 2.454 2.513 2.566 2.727 2.951 3.894 4.049 1.245 0.909 2.318 2.421 2.231 1.905 2.184 2.202 2.354 2.522 2.433 2.414 2.390 2.431 2.437 2.485 2.538 2.575 2.560 2.506 2.494 2.502 2.527 2.484 2.458 2.401 2.429 2.397 2.433 2.420 2.417 2.466 2.508 2.515
2.125 2.153 2.070 2.070 2.041 2.059 2.051 2.117 2.116 2.147 2.196 2.256 2.237 2.260 2.245 2.257 2.223 2.245 2.225 2.246 2.217 2.231 2.142 2.144 2.112 2.140 2.153 2.251 2.266 2.308 2.272 2.267 2.256 2.320 2.349 2.418 2.460 2.482 2.509 2.584 2.803 3.123 5.067 2.165 1.247 2.061 2.771 2.660 2.454 2.415 2.403 2.492 2.547 2.537 2.500 2.433 2.458 2.643 2.554 2.547 2.492 2.498 2.488 2.535 2.552 2.559 2.554 2.521 2.446 2.402 2.397 2.401 2.353 2.342 2.402 2.491 2.497
2.403 2.423 2.315 2.298 2.260 2.299 2.343 2.422 2.394 2.390 2.401 2.416 2.395 2.394 2.410 2.444 2.463 2.460 2.473 2.461 2.415 2.419 2.341 2.296 2.252 2.287 2.260 2.313 2.360 2.401 2.376 2.397 2.406 2.426 2.461 2.527 2.534 2.556 2.486 2.524 2.554 2.687 2.824 2.223 2.077 2.558 3.051 2.864 2.636 2.580 2.547 2.601 2.620 2.672 2.663 2.644 2.636 2.650 2.682 2.698 2.607 2.582 2.602 2.606 2.590 2.595 2.565 2.505 2.489 2.499 2.463 2.418 2.390 2.385 2.437 2.451 2.497
2.472 2.550 2.496 2.461 2.407 2.444 2.458 2.512 2.456 2.431 2.397 2.399 2.371 2.357 2.374 2.432 2.451 2.470 2.468 2.459 2.399 2.359 2.283 2.228 2.189 2.207 2.194 2.213 2.242 2.308 2.304 2.315 2.308 2.331 2.350 2.394 2.397 2.414 2.394 2.391 2.328 2.404 2.405 2.448 2.429 2.562 2.617 2.625 2.522 2.548 2.499 2.512 2.485 2.513 2.460 2.460 2.395 2.358 2.334 2.323 2.260 2.295 2.335 2.317 2.258 2.243 2.204 2.207 2.184 2.210 2.187 2.158 2.112 2.153 2.185 2.210 2.218
2.063 2.160 2.187 2.177 2.144 2.154 2.122 2.090 2.026 2.018 1.990 2.001 1.972 1.958 1.932 1.981 2.031 2.042 2.056 2.022 1.973 1.923 1.880 1.858 1.844 1.865 1.877 1.872 1.892 1.933 1.925 1.922 1.895 1.896 1.890 1.923 1.940 2.011 2.061 2.084 2.127 2.194 2.236 2.288 2.284 2.341 2.326 2.317 2.259 2.270 2.226 2.150 1.996 1.958 1.882 1.804 1.720 1.701 1.663 1.654 1.657 1.703 1.696 1.686 1.648 1.643 1.627 1.666 1.665 1.685 1.720 1.722 1.679 1.692 1.729 1.753 1.766
1.581 1.614 1.620 1.604 1.577 1.567 1.553 1.508 1.490 1.488 1.465 1.484 1.466 1.444 1.431 1.435 1.457 1.486 1.532 1.545 1.535 1.525 1.510 1.526 1.544 1.561 1.557 1.546 1.566 1.578 1.550 1.539 1.519 1.501 1.505 1.540 1.577 1.650 1.732 1.806 1.886 1.957 2.016 2.064 2.042 2.090 2.142 2.262 2.339 2.357 1.930 1.655 1.460 1.375 1.264 1.223 1.177 1.156 1.140 1.161 1.175 1.204 1.192 1.193 1.159 1.156 1.139 1.141 1.138 1.164 1.225 1.249 1.225 1.230 1.214 1.241 1.258
1.138 1.116 1.130 1.127 1.122 1.097 1.095 1.116 1.114 1.105 1.097 1.086 1.108 1.105 1.121 1.129 1.148 1.161 1.190 1.191 1.217 1.216 1.248 1.275 1.316 1.351 1.376 1.370 1.397 1.416 1.414 1.409 1.418 1.403 1.427 1.447 1.479 1.547 1.609 1.635 1.683 1.747 1.809 1.832 1.804 2.037 2.303 2.317 2.110 1.808 1.501 1.338 1.168 1.090 1.008 0.974 0.933 0.931 0.922 0.943 0.926 0.947 0.945 0.952 0.926 0.899 0.887 0.870 0.851 0.845 0.879 0.888 0.895 0.894 0.899 0.935 0.951
1.018 1.015 1.018 1.028 1.004 0.993 1.002 1.018 1.034 1.031 1.028 1.011 1.015 1.023 1.040 1.047 1.055 1.058 1.076 1.096 1.146 1.149 1.162 1.175 1.189 1.219 1.243 1.252 1.274 1.285 1.308 1.306 1.334 1.343 1.368 1.403 1.430 1.480 1.502 1.524 1.560 1.617 1.713 1.816 1.882 2.086 2.114 1.945 1.762 1.574 1.392 1.250 1.088 1.007 0.911 0.876 0.839 0.832 0.801 0.799 0.783 0.794 0.777 0.781 0.768 0.767 0.747 0.740 0.722 0.702 0.665 0.656 0.644 0.656 0.661 0.668 0.685
0.765 0.743 0.770 0.778 0.804 0.812 0.835 0.857 0.895 0.914 0.924 0.928 0.935 0.922 0.933 0.930 0.934 0.920 0.904 0.895 0.848 0.842 0.851 0.846 0.905 0.915 0.965 0.983 1.022 1.038 1.046 1.067 1.108 1.092 1.064 1.095 1.097 1.128 1.162 1.188 1.243 1.418 1.600 1.752 1.533 1.593 1.612 1.648 1.517 1.319 1.261 1.166 1.026 0.957 0.841 0.778 0.712 0.693 0.636 0.620 0.588 0.588 0.557 0.546 0.517 0.552 0.594 0.637 0.640 0.584 0.495 0.435 0.335 0.350 0.342 0.352 0.349
0.600 0.591 0.597 0.619 0.666 0.700 0.747 0.781 0.836 0.868 0.904 0.921 0.910 0.914 0.937 0.920 0.937 0.926 0.890 0.902 0.894 0.897 0.869 0.834 0.885 0.876 0.954 0.947 0.973 0.999 1.103 1.171 1.210 1.195 1.167 1.156 1.035 1.009 1.006 1.022 1.071 1.118 1.147 1.205 1.167 1.232 1.283 1.306 1.218 1.102 1.094 1.029 0.929 0.886 0.788 0.728 0.647 0.607 0.542 0.521 0.479 0.487 0.453 0.459 0.427 0.488 0.463 0.466 0.409 0.475 0.424 0.412 0.318 0.378 0.365 0.431 0.393
0.431 0.446 0.476 0.517 0.594 0.656 0.729 0.773 0.843 0.921 1.017 1.105 1.201 1.288 1.290 1.342 1.199 1.205 1.078 0.978 0.832 0.801 0.747 0.727 0.802 0.837 0.923 0.911 0.899 0.892 0.879 0.888 0.881 0.912 0.899 0.899 0.845 0.831 0.842 0.846 0.860 0.867 0.861 0.863 0.819 0.791 0.786 0.756 0.834 0.832 0.835 0.801 0.742 0.700 0.640 0.607 0.532 0.515 0.464 0.463 0.423 0.426 0.376 0.369 0.289 0.298 0.226 0.234 0.194 0.213 0.159 0.153 0.120 0.120 0.101 0.111 0.097
0.328 0.362 0.415 0.463 0.548 0.604 0.696 0.748 0.796 0.899 0.978 0.995 0.997 1.004 0.983 0.946 0.864 0.795 0.708 0.672 0.604 0.579 0.504 0.489 0.485 0.483 0.502 0.500 0.498 0.500 0.496 0.494 0.471 0.483 0.461 0.464 0.466 0.447 0.455 0.424 0.435 0.426 0.426 0.417 0.431 0.419 0.440 0.429 0.462 0.472 0.485 0.512 0.492 0.467 0.451 0.437 0.416 0.443 0.432 0.430 0.372 0.355 0.287 0.267 0.178 0.171 0.123 0.117 0.089 0.083 0.065 0.065 0.056 0.057 0.051 0.051 0.047
