data-raw/precipfiles/17_grid_data_17000BP.asc
ncols 144
nrows 72
xllcorner -180
yllcorner -90
cellsize 2.5
nodata_value -9999
[rows 0 to 33 of 72, columns 0 to 76 of 144]
0.189 0.192 0.198 0.189 0.181 0.192 0.191 0.196 0.204 0.211 0.198 0.203 0.207 0.210 0.203 0.203 0.213 0.211 0.212 0.208 0.205 0.215 0.215 0.231 0.223 0.221 0.231 0.228 0.230 0.236 0.232 0.228 0.227 0.228 0.235 0.244 0.235 0.243 0.249 0.257 0.269 0.292 0.283 0.286 0.298 0.292 0.300 0.293 0.280 0.287 0.283 0.283 0.293 0.293 0.293 0.286 0.282 0.291 0.285 0.276 0.274 0.276 0.274 0.293 0.291 0.291 0.297 0.279 0.278 0.271 0.277 0.266 0.259 0.250 0.212 0.217 0.215
0.196 0.192 0.194 0.191 0.189 0.184 0.189 0.192 0.191 0.191 0.187 0.188 0.186 0.190 0.190 0.191 0.192 0.192 0.193 0.194 0.193 0.195 0.196 0.201 0.199 0.199 0.193 0.198 0.191 0.195 0.195 0.195 0.190 0.189 0.182 0.187 0.183 0.183 0.187 0.200 0.185 0.189 0.186 0.186 0.192 0.192 0.191 0.191 0.199 0.190 0.192 0.191 0.189 0.192 0.189 0.194 0.188 0.205 0.202 0.195 0.196 0.197 0.203 0.205 0.203 0.209 0.208 0.210 0.209 0.214 0.214 0.209 0.202 0.208 0.210 0.210 0.208
0.178 0.180 0.183 0.176 0.177 0.179 0.178 0.175 0.173 0.173 0.173 0.170 0.173 0.173 0.172 0.174 0.173 0.174 0.175 0.175 0.179 0.175 0.174 0.178 0.173 0.175 0.171 0.171 0.173 0.171 0.167 0.161 0.156 0.154 0.149 0.153 0.155 0.158 0.166 0.170 0.169 0.169 0.172 0.174 0.175 0.181 0.179 0.175 0.156 0.151 0.144 0.151 0.145 0.146 0.155 0.151 0.160 0.172 0.194 0.205 0.208 0.203 0.205 0.191 0.198 0.197 0.214 0.211 0.213 0.213 0.210 0.209 0.211 0.211 0.212 0.214 0.219
0.207 0.208 0.207 0.204 0.203 0.203 0.200 0.196 0.196 0.191 0.192 0.187 0.181 0.182 0.178 0.174 0.176 0.176 0.172 0.173 0.170 0.169 0.165 0.167 0.159 0.165 0.156 0.155 0.155 0.158 0.153 0.156 0.148 0.158 0.168 0.138 0.131 0.126 0.123 0.124 0.114 0.118 0.167 0.151 0.108 0.109 0.117 0.131 0.115 0.106 0.098 0.105 0.102 0.093 0.091 0.084 0.094 0.108 0.130 0.139 0.147 0.158 0.179 0.158 0.206 0.287 0.240 0.219 0.221 0.218 0.216 0.230 0.261 0.293 0.353 0.370 0.366
0.241 0.240 0.240 0.236 0.229 0.227 0.216 0.211 0.203 0.199 0.191 0.186 0.179 0.181 0.174 0.170 0.170 0.169 0.168 0.167 0.164 0.163 0.161 0.155 0.154 0.147 0.147 0.158 0.148 0.152 0.150 0.152 0.147 0.161 0.121 0.123 0.115 0.104 0.113 0.120 0.117 0.119 0.121 0.117 0.116 0.112 0.097 0.092 0.079 0.086 0.070 0.089 0.073 0.071 0.056 0.051 0.053 0.051 0.059 0.059 0.070 0.083 0.112 0.146 0.170 0.139 0.173 0.203 0.227 0.243 0.264 0.305 0.350 0.421 0.502 0.567 0.725
0.284 0.280 0.275 0.271 0.262 0.256 0.246 0.238 0.232 0.218 0.205 0.194 0.184 0.181 0.174 0.169 0.164 0.165 0.165 0.170 0.177 0.183 0.195 0.204 0.177 0.215 0.228 0.218 0.210 0.148 0.177 0.182 0.126 0.134 0.145 0.148 0.142 0.143 0.147 0.144 0.153 0.207 0.214 0.200 0.143 0.132 0.125 0.116 0.106 0.097 0.111 0.102 0.093 0.081 0.060 0.053 0.044 0.041 0.039 0.040 0.055 0.065 0.092 0.129 0.199 0.194 0.248 0.255 0.305 0.350 0.423 0.456 0.476 0.503 0.536 0.592 0.649
0.393 0.403 0.404 0.403 0.383 0.365 0.333 0.301 0.282 0.266 0.240 0.222 0.213 0.205 0.195 0.193 0.190 0.199 0.207 0.218 0.233 0.245 0.322 0.228 0.252 0.278 0.291 0.278 0.239 0.230 0.323 0.322 0.218 0.225 0.214 0.213 0.200 0.183 0.175 0.159 0.164 0.216 0.229 0.230 0.224 0.228 0.229 0.251 0.254 0.164 0.121 0.154 0.125 0.120 0.081 0.076 0.056 0.057 0.058 0.068 0.133 0.099 0.154 0.192 0.302 0.334 0.440 0.462 0.538 0.556 0.569 0.534 0.516 0.497 0.499 0.549 0.586
0.665 0.499 0.702 0.729 0.737 0.696 0.585 0.523 0.359 0.318 0.293 0.267 0.235 0.331 0.340 0.364 0.365 0.365 0.358 0.297 0.327 0.309 0.369 0.472 0.507 0.597 0.534 0.474 0.416 0.359 0.314 0.409 0.416 0.303 0.281 0.243 0.253 0.247 0.216 0.184 0.156 0.162 0.169 0.184 0.239 0.265 0.308 0.336 0.355 0.319 0.216 0.170 0.169 0.176 0.153 0.154 0.115 0.123 0.146 0.169 0.270 0.305 0.447 0.426 0.686 0.744 0.857 0.907 0.941 0.914 0.845 0.789 0.722 0.686 0.688 0.724 0.729
1.816 1.302 1.253 1.393 1.502 1.268 1.112 0.969 0.921 0.800 0.684 0.641 0.583 0.543 0.523 0.548 0.545 0.488 0.413 0.434 0.428 0.546 0.649 0.722 0.895 0.978 0.739 0.640 0.521 0.446 0.438 0.333 0.306 0.302 0.290 0.305 0.324 0.265 0.254 0.217 0.175 0.154 0.141 0.138 0.209 0.276 0.381 0.560 0.596 0.546 0.338 0.236 0.201 0.234 0.247 0.390 0.531 0.676 0.869 1.006 0.978 0.966 1.171 1.564 1.639 1.704 1.761 1.828 1.764 1.672 1.513 1.410 1.339 1.306 1.281 1.272 1.171
2.469 1.935 1.905 1.663 1.458 1.606 1.319 1.191 1.087 0.974 0.991 0.878 0.810 0.698 0.603 0.633 0.687 0.750 0.683 0.613 0.684 0.802 0.830 0.818 0.881 0.937 0.891 0.876 0.690 0.570 0.472 0.418 0.370 0.349 0.326 0.343 0.339 0.324 0.288 0.339 0.315 0.223 0.140 0.107 0.141 0.268 0.593 0.658 0.788 0.755 0.434 0.315 0.242 0.327 0.494 0.795 1.265 1.214 1.297 1.522 1.787 2.055 2.166 1.568 1.343 1.706 2.749 2.701 2.393 2.144 1.904 1.805 1.831 1.916 1.762 1.582 2.823
1.752 2.102 2.133 1.466 1.410 1.275 1.369 1.161 1.090 1.063 1.183 1.369 1.151 1.328 1.100 0.831 0.828 0.854 0.965 0.848 0.966 0.906 0.896 0.902 0.829 0.819 0.794 0.728 0.642 0.581 0.534 0.472 0.399 0.368 0.341 0.321 0.300 0.468 0.372 0.439 0.413 0.276 0.180 0.148 0.161 0.284 0.543 0.715 0.914 0.968 0.764 0.677 0.583 0.682 1.011 1.499 1.306 1.522 1.688 1.766 1.890 2.237 2.654 2.704 3.382 3.692 3.448 3.000 2.711 2.517 2.253 2.251 2.333 2.472 3.933 3.077 2.512
2.098 2.118 1.910 1.717 1.628 1.466 1.308 1.240 1.143 1.490 1.966 2.224 3.857 3.879 3.671 3.768 1.937 0.910 0.806 1.081 1.213 1.069 0.734 0.877 0.777 0.720 0.642 0.604 0.571 0.534 0.484 0.459 0.407 0.363 0.360 0.386 0.453 0.501 0.471 0.447 0.416 0.311 0.264 0.214 0.165 0.246 0.529 0.699 0.880 0.940 0.911 0.734 0.804 0.862 1.450 1.338 1.646 1.751 1.827 1.793 1.799 1.854 1.974 2.052 2.127 2.249 2.380 2.457 2.332 4.187 2.077 2.203 2.402 4.702 4.363 1.749 1.795
2.039 2.117 2.080 1.958 1.943 1.830 1.707 1.734 1.854 2.003 3.744 3.390 5.398 6.633 4.806 9.370 7.996 4.212 2.965 1.151 1.008 0.921 0.816 0.774 0.808 0.741 0.670 0.573 0.551 0.512 0.513 0.424 0.395 0.385 0.394 0.443 0.461 0.495 0.496 0.506 0.435 0.323 0.279 0.250 0.225 0.274 0.469 0.725 0.891 1.023 1.032 1.003 0.932 1.062 1.398 1.443 1.645 1.765 1.859 1.767 1.720 1.675 1.689 1.724 1.780 1.832 1.909 1.970 1.981 3.094 2.318 1.851 2.234 2.455 5.125 3.228 2.676
2.071 2.133 2.218 2.238 2.333 2.519 2.853 2.657 2.042 2.272 4.065 3.745 3.355 3.550 3.707 3.817 3.565 6.618 6.315 3.905 1.904 0.926 0.832 0.741 0.740 0.787 0.779 0.722 0.637 0.596 0.554 0.443 0.391 0.378 0.360 0.388 0.468 0.477 0.429 0.460 0.491 0.389 0.338 0.312 0.299 0.322 0.416 0.716 0.960 1.081 1.262 1.220 1.207 1.216 1.322 1.443 1.561 1.723 1.814 1.790 1.703 1.644 1.607 1.643 1.654 1.712 1.719 1.823 2.768 3.758 2.712 1.946 2.182 2.446 2.315 3.119 2.402
2.106 2.163 2.275 2.390 2.824 3.407 2.821 2.882 2.827 2.866 2.995 3.125 3.258 3.335 3.505 3.603 3.687 3.707 4.955 5.973 4.721 1.311 0.748 1.048 0.917 1.103 0.981 0.844 0.833 0.807 0.730 0.594 0.444 0.371 0.410 0.402 0.403 0.355 0.351 0.511 0.438 0.365 0.374 0.349 0.351 0.431 0.515 0.740 0.976 1.190 1.327 1.419 1.431 1.383 1.412 1.451 1.536 1.674 1.706 1.770 1.714 1.731 1.727 1.749 1.833 1.930 1.855 2.060 2.566 2.279 2.952 2.416 1.935 2.507 2.682 2.924 2.267
2.274 2.990 2.572 2.484 2.540 2.645 2.703 2.838 2.898 3.013 3.077 3.035 3.036 3.074 3.323 3.507 3.773 4.052 4.088 7.346 7.770 3.874 1.464 0.845 1.339 1.002 0.736 0.556 0.532 0.615 0.766 0.924 0.802 0.689 0.725 0.728 0.625 0.511 0.449 0.424 0.422 0.420 0.419 0.475 0.523 0.640 0.683 0.875 1.221 1.218 1.424 1.538 1.620 1.618 1.685 1.749 1.835 1.894 1.960 1.962 1.917 1.944 2.014 2.079 2.135 2.196 2.117 4.340 2.977 2.346 2.973 2.010 1.959 2.349 2.566 2.901 2.250
2.558 2.656 2.688 2.744 2.744 2.764 2.860 2.997 3.105 3.305 3.353 3.308 3.286 3.323 3.357 3.437 3.765 4.073 4.259 4.399 4.160 8.175 4.511 2.637 0.965 1.174 0.987 0.596 0.576 0.512 0.587 0.778 0.903 1.106 1.309 1.406 1.196 0.943 0.804 0.822 0.861 0.868 0.805 0.872 0.864 1.107 1.181 1.469 1.736 1.753 1.896 1.762 1.828 1.864 1.955 2.227 2.313 2.336 2.191 2.267 2.295 2.309 2.385 2.497 2.529 2.482 2.384 2.343 2.081 2.028 2.446 2.200 1.986 2.133 2.799 2.716 2.682
3.026 3.098 3.102 3.109 3.088 3.115 3.223 3.253 3.395 3.717 3.805 3.873 3.827 3.863 3.868 3.860 3.805 3.901 4.126 4.493 4.335 3.796 5.547 2.884 1.138 1.824 1.089 1.001 0.865 0.672 0.722 0.829 0.911 1.257 1.835 2.197 1.960 1.532 1.529 1.506 1.659 1.571 1.610 1.723 1.571 1.733 2.178 2.732 2.435 3.049 2.790 2.283 2.232 2.352 2.552 2.749 2.699 2.566 2.461 2.492 2.518 2.583 2.614 2.617 2.595 2.533 2.543 2.515 2.377 2.150 1.688 2.126 2.325 2.293 3.212 3.392 2.732
3.603 3.618 3.871 3.859 3.989 3.835 3.866 3.967 3.972 4.211 4.462 4.310 4.166 4.263 4.175 4.166 4.003 3.662 3.732 3.762 3.760 3.974 6.330 2.966 1.616 1.634 1.010 1.327 0.822 1.058 1.173 1.161 1.255 1.598 2.118 2.557 2.519 2.285 2.226 2.526 2.685 2.952 3.028 3.018 3.395 3.327 3.536 3.668 3.799 3.629 3.351 3.208 3.119 3.531 3.840 3.411 3.042 2.926 2.873 2.898 2.750 2.722 2.472 2.533 2.518 2.631 2.745 2.682 5.036 3.617 3.102 3.488 2.581 2.904 2.484 2.481 2.304
4.333 4.518 4.798 4.750 4.781 4.613 4.665 4.645 4.726 4.821 4.639 4.537 4.530 4.552 4.412 4.428 4.139 4.145 3.857 3.743 3.955 4.192 7.263 3.774 1.719 1.769 1.355 1.472 0.962 1.428 1.508 1.701 1.929 2.124 2.607 2.882 3.088 3.027 3.104 3.640 4.355 4.452 4.403 4.135 4.009 4.682 5.239 5.911 5.846 5.829 5.160 4.763 4.427 4.415 4.079 3.672 3.551 3.424 3.299 3.063 2.741 2.589 2.535 2.518 2.421 2.575 2.742 2.817 5.563 2.932 2.086 1.623 1.932 2.413 2.152 2.429 2.345
5.449 5.274 5.092 4.970 5.098 5.040 4.897 4.846 4.801 4.622 4.483 4.440 4.621 4.515 4.461 4.349 4.055 3.683 3.575 3.601 3.679 3.313 8.333 6.298 2.638 3.454 -9999 1.366 1.402 1.714 1.582 1.945 2.383 3.000 3.508 3.607 3.880 4.168 4.241 4.662 4.847 5.365 5.095 6.146 5.940 5.865 6.346 6.439 5.997 5.276 4.801 4.302 4.324 4.049 3.798 3.645 3.469 3.184 2.939 2.782 2.593 2.474 2.319 2.271 2.308 2.258 2.419 2.899 3.721 3.086 2.535 1.729 2.150 1.876 1.129 1.777 1.197
5.657 5.520 5.247 5.003 5.014 4.833 4.615 4.564 4.449 4.326 4.380 4.486 4.398 4.177 3.852 3.636 3.418 3.196 3.082 3.005 3.033 2.737 2.201 4.001 3.525 -9999 12.919 1.673 1.127 1.528 1.418 1.817 3.106 4.057 4.642 4.867 5.251 5.453 5.576 5.119 4.803 4.765 5.864 6.881 6.072 5.252 5.078 5.126 4.873 4.428 4.169 3.938 3.889 3.611 3.444 3.234 3.119 3.032 2.645 2.405 2.262 2.178 2.252 2.098 2.115 2.024 2.068 2.149 3.921 3.033 2.318 1.334 1.456 1.495 1.534 1.263 0.905
4.995 4.914 4.781 4.508 4.401 4.227 4.034 3.958 3.829 3.900 3.942 3.952 4.066 3.682 3.269 2.873 2.637 2.443 2.219 2.094 2.068 2.119 1.925 4.322 4.065 2.228 6.458 3.855 1.706 1.325 1.285 1.690 2.588 4.195 5.494 5.777 5.831 5.479 5.105 4.613 4.498 4.859 6.329 5.974 5.321 4.770 4.630 4.542 4.263 3.972 3.661 3.205 3.361 3.135 2.873 2.614 2.353 2.324 2.078 1.913 1.823 1.827 1.763 1.697 1.709 1.688 1.664 1.656 1.933 2.294 1.436 0.792 0.621 0.553 0.376 0.405 0.555
3.867 3.818 3.836 3.639 3.470 3.194 3.046 3.035 3.014 3.117 3.063 3.041 2.993 2.849 2.539 2.136 1.840 1.583 1.360 1.174 1.056 1.069 1.070 1.094 0.746 1.411 0.773 4.527 2.916 3.147 1.041 1.425 2.236 3.619 5.827 5.786 5.394 4.739 4.138 3.871 4.016 4.757 4.522 4.646 4.730 4.763 4.600 4.510 4.389 4.021 3.547 3.111 2.714 2.418 2.176 1.960 1.803 1.707 1.548 1.379 1.279 1.279 1.146 1.035 0.854 0.834 0.880 0.993 1.344 1.197 -9999 0.435 0.235 0.143 0.091 0.133 0.351
2.551 2.532 2.608 2.434 2.293 2.179 2.170 2.065 2.203 2.399 2.432 2.538 2.471 2.188 1.882 1.590 1.374 1.142 0.938 0.738 0.648 0.594 0.608 0.548 0.384 0.447 0.333 0.772 2.669 3.468 0.915 1.083 2.153 3.864 5.614 4.931 4.065 3.243 3.579 3.428 2.928 3.579 3.705 4.058 4.231 4.174 3.806 3.555 3.303 2.816 2.315 1.848 1.746 1.668 1.621 1.579 1.474 1.376 1.253 1.147 0.961 0.842 0.632 0.556 0.714 0.780 0.383 0.623 0.491 0.371 1.100 0.223 0.073 0.142 0.170 0.231 0.172
1.828 1.802 1.894 1.899 1.895 1.801 1.761 1.746 1.956 1.995 1.994 1.957 1.986 1.602 1.370 1.160 0.972 0.809 0.681 0.561 0.523 0.492 0.463 0.364 0.243 0.168 0.157 0.330 1.592 4.905 1.207 0.978 1.882 2.920 3.608 3.091 2.500 2.137 2.419 3.223 2.849 2.649 2.700 3.291 3.686 3.672 3.194 2.785 2.412 1.922 1.588 1.329 1.242 1.293 1.228 1.291 1.214 1.178 0.986 0.825 0.647 0.513 0.387 0.292 0.240 0.228 0.334 -9999 -9999 -9999 -9999 -9999 0.425 0.886 3.209 -9999 -9999
1.580 1.532 1.606 1.669 1.764 1.771 1.791 1.838 1.910 1.824 1.666 1.505 1.339 1.060 0.954 0.818 0.688 0.574 0.512 0.491 0.522 0.511 0.485 0.361 0.292 0.205 0.196 0.478 1.145 3.570 2.612 1.357 2.615 2.983 3.151 2.417 1.603 1.538 2.396 3.043 2.659 1.566 1.678 2.160 2.621 2.760 2.735 2.397 2.072 1.746 1.462 1.230 1.120 1.114 1.068 1.026 0.932 0.848 0.733 0.586 0.445 0.323 0.251 0.209 0.263 0.151 0.230 -9999 -9999 -9999 -9999 -9999 0.081 -9999 -9999 -9999 -9999
1.741 1.718 1.787 1.858 2.019 2.252 2.396 2.312 2.048 1.699 1.627 1.276 1.022 0.937 0.820 0.740 0.694 0.600 0.550 0.529 0.521 0.518 0.473 0.332 0.298 0.322 0.449 0.579 0.942 4.012 4.017 3.024 5.599 6.084 2.778 2.480 2.291 2.211 2.384 2.286 2.620 2.589 2.072 1.505 2.087 2.165 2.099 1.887 1.703 1.463 1.203 1.034 1.011 0.944 0.880 0.808 0.722 0.640 0.542 0.414 0.342 0.292 0.294 0.293 0.322 0.119 0.078 -9999 -9999 -9999 -9999 -9999 -9999 -9999 -9999 -9999 -9999
1.579 1.713 1.744 1.732 1.861 2.107 2.392 2.544 2.732 8.788 1.590 1.354 1.096 1.024 0.863 0.756 0.674 0.584 0.550 0.517 0.472 0.475 0.520 0.502 0.577 0.716 1.051 1.426 1.624 2.530 2.883 3.790 3.635 9.655 9.320 5.143 3.333 2.144 1.701 1.529 2.851 2.739 2.050 3.087 4.666 4.934 1.896 1.628 1.557 1.458 1.230 1.067 1.123 1.131 1.017 0.904 0.754 0.636 0.531 0.416 0.338 0.315 0.303 0.358 0.370 0.125 0.087 0.109 0.077 -9999 -9999 -9999 -9999 -9999 -9999 -9999 -9999
1.284 1.387 1.366 1.379 1.367 1.439 1.476 1.398 1.238 1.030 0.922 0.802 0.633 0.668 0.641 0.663 0.652 0.614 0.630 0.664 0.711 0.835 0.869 1.048 1.398 1.828 2.154 2.605 2.934 3.194 3.619 3.102 4.577 3.682 4.387 7.141 5.443 4.649 6.495 2.190 1.719 1.515 1.426 1.387 1.758 1.700 1.543 3.914 1.491 1.340 1.196 1.163 1.220 1.360 1.344 1.135 0.977 0.936 0.804 0.691 0.601 0.473 0.433 0.321 0.329 0.422 -9999 -9999 -9999 -9999 -9999 -9999 -9999 -9999 -9999 -9999 -9999
1.184 1.203 1.157 1.135 1.160 1.280 1.295 1.239 1.123 1.024 0.875 0.850 0.769 0.749 0.780 0.829 0.946 1.045 1.195 1.425 1.824 2.235 2.863 3.511 4.155 4.585 4.948 5.376 5.714 5.619 5.637 5.467 4.898 4.007 4.572 5.572 4.265 2.881 5.677 2.690 1.668 1.319 1.038 0.966 1.121 1.198 1.276 1.474 1.576 1.641 1.319 1.233 1.366 1.475 1.460 1.354 1.284 1.345 1.545 1.704 1.536 1.321 1.118 1.085 1.220 1.927 -9999 -9999 -9999 -9999 -9999 -9999 -9999 -9999 -9999 -9999 -9999
1.882 1.830 1.686 1.717 1.793 1.920 1.998 2.016 2.004 2.040 2.082 2.207 2.265 2.318 2.475 2.506 2.864 3.125 3.310 3.810 4.441 4.839 5.810 6.716 7.774 8.575 9.342 9.690 10.031 9.485 8.826 7.776 6.163 5.272 4.844 3.535 3.044 3.615 6.692 3.577 2.335 2.480 2.671 1.277 1.947 2.451 2.327 2.847 1.210 1.136 0.995 1.006 1.056 1.161 1.242 1.156 1.017 1.011 1.027 0.930 0.990 0.851 0.937 1.300 1.809 3.358 4.472 3.486 -9999 -9999 -9999 -9999 -9999 -9999 -9999 -9999 -9999
3.908 3.771 3.641 3.607 3.599 3.922 4.126 4.191 4.241 4.262 4.327 4.538 4.936 5.076 5.331 5.690 6.392 6.666 6.918 7.066 7.551 7.876 8.229 8.640 9.347 10.368 11.653 12.570 12.939 12.307 11.629 10.394 9.475 8.526 7.548 5.566 4.114 4.509 6.824 4.498 4.381 2.941 2.401 1.785 1.595 1.358 1.408 2.546 3.181 1.072 1.201 1.350 1.534 1.968 2.244 2.283 2.105 2.043 2.059 2.168 2.142 2.033 2.045 2.261 2.631 3.741 6.383 5.767 4.165 2.719 2.235 2.591 2.770 2.709 3.041 3.046 3.053
6.037 5.941 5.900 5.840 5.679 6.038 6.161 6.453 6.190 6.280 6.322 6.143 6.115 5.964 5.785 5.840 6.060 5.857 5.787 5.841 5.794 5.971 6.181 6.738 7.544 8.211 8.298 9.083 9.382 9.693 9.382 9.072 8.852 9.213 9.862 9.851 8.595 7.328 8.414 6.311 7.431 4.907 2.276 4.639 2.911 2.826 2.937 3.142 4.190 3.595 3.930 2.343 2.071 3.518 4.713 5.365 4.458 4.327 4.167 4.384 4.522 4.502 4.109 3.797 3.846 4.112 5.300 6.473 6.011 3.864 3.441 3.399 2.946 3.831 5.187 5.545 4.586
