data-raw/precipfiles/18_grid_data_18000BP.asc
ncols 144
nrows 72
xllcorner -180
yllcorner -90
cellsize 2.5
nodata_value -9999
[rows 0 to 33 of 72, columns 0 to 76 of 144]
0.235 0.243 0.248 0.240 0.226 0.239 0.238 0.242 0.255 0.264 0.248 0.257 0.260 0.268 0.260 0.257 0.269 0.271 0.272 0.268 0.260 0.275 0.275 0.293 0.287 0.284 0.296 0.288 0.294 0.300 0.301 0.295 0.293 0.294 0.304 0.314 0.305 0.314 0.321 0.332 0.346 0.375 0.362 0.366 0.382 0.373 0.379 0.371 0.350 0.358 0.351 0.351 0.358 0.358 0.356 0.345 0.338 0.349 0.342 0.331 0.329 0.332 0.330 0.351 0.348 0.351 0.355 0.332 0.329 0.315 0.322 0.301 0.284 0.267 0.219 0.227 0.227
0.233 0.228 0.230 0.225 0.223 0.218 0.223 0.225 0.223 0.224 0.221 0.222 0.221 0.226 0.227 0.229 0.230 0.232 0.234 0.235 0.235 0.240 0.241 0.248 0.246 0.248 0.241 0.249 0.241 0.247 0.248 0.247 0.242 0.240 0.232 0.237 0.234 0.234 0.239 0.255 0.238 0.242 0.240 0.239 0.246 0.246 0.245 0.245 0.257 0.242 0.245 0.243 0.240 0.243 0.239 0.245 0.237 0.257 0.255 0.244 0.245 0.245 0.251 0.251 0.248 0.253 0.250 0.251 0.248 0.251 0.252 0.244 0.236 0.242 0.244 0.245 0.243
0.201 0.203 0.203 0.196 0.195 0.197 0.194 0.190 0.187 0.188 0.190 0.186 0.191 0.192 0.191 0.195 0.196 0.198 0.201 0.203 0.208 0.207 0.208 0.214 0.211 0.215 0.214 0.216 0.219 0.218 0.214 0.207 0.201 0.200 0.194 0.196 0.200 0.205 0.214 0.219 0.220 0.220 0.225 0.228 0.232 0.239 0.237 0.233 0.208 0.203 0.191 0.198 0.194 0.196 0.210 0.203 0.217 0.232 0.260 0.274 0.277 0.267 0.268 0.246 0.252 0.245 0.262 0.256 0.255 0.251 0.244 0.242 0.245 0.244 0.247 0.252 0.257
0.218 0.216 0.216 0.211 0.209 0.212 0.208 0.204 0.203 0.197 0.199 0.193 0.187 0.189 0.185 0.181 0.184 0.186 0.182 0.185 0.184 0.186 0.183 0.187 0.182 0.192 0.184 0.186 0.187 0.191 0.187 0.190 0.181 0.193 0.206 0.164 0.155 0.150 0.146 0.149 0.138 0.142 0.209 0.189 0.132 0.134 0.142 0.158 0.144 0.136 0.129 0.139 0.137 0.127 0.127 0.118 0.132 0.150 0.181 0.191 0.200 0.211 0.237 0.206 0.266 0.364 0.300 0.268 0.267 0.265 0.263 0.293 0.348 0.405 0.500 0.511 0.492
0.245 0.243 0.243 0.238 0.231 0.230 0.221 0.217 0.208 0.205 0.195 0.189 0.180 0.181 0.175 0.170 0.170 0.170 0.169 0.170 0.167 0.167 0.166 0.162 0.162 0.158 0.159 0.174 0.163 0.168 0.165 0.168 0.163 0.177 0.130 0.132 0.124 0.113 0.124 0.133 0.131 0.134 0.136 0.132 0.131 0.129 0.114 0.109 0.097 0.108 0.092 0.118 0.101 0.099 0.082 0.076 0.080 0.077 0.089 0.087 0.100 0.114 0.146 0.189 0.217 0.175 0.215 0.253 0.288 0.321 0.360 0.434 0.505 0.629 0.747 0.829 1.068
0.289 0.286 0.281 0.277 0.267 0.259 0.249 0.241 0.234 0.220 0.206 0.196 0.185 0.181 0.173 0.167 0.162 0.163 0.164 0.171 0.178 0.185 0.196 0.209 0.180 0.223 0.230 0.216 0.207 0.146 0.175 0.178 0.120 0.128 0.137 0.142 0.138 0.142 0.150 0.150 0.163 0.225 0.233 0.219 0.161 0.152 0.147 0.140 0.134 0.128 0.153 0.145 0.136 0.122 0.097 0.088 0.074 0.066 0.059 0.058 0.074 0.082 0.108 0.150 0.245 0.247 0.320 0.336 0.420 0.508 0.644 0.700 0.720 0.747 0.769 0.831 0.881
0.385 0.393 0.397 0.393 0.373 0.354 0.322 0.291 0.272 0.255 0.230 0.211 0.203 0.193 0.183 0.181 0.177 0.187 0.197 0.209 0.225 0.238 0.312 0.222 0.245 0.269 0.281 0.266 0.229 0.219 0.302 0.299 0.203 0.209 0.200 0.203 0.193 0.178 0.174 0.159 0.169 0.223 0.240 0.246 0.249 0.267 0.289 0.335 0.356 0.235 0.181 0.236 0.196 0.183 0.134 0.127 0.091 0.088 0.082 0.088 0.162 0.113 0.168 0.210 0.340 0.362 0.492 0.536 0.654 0.712 0.760 0.758 0.753 0.731 0.716 0.762 0.775
0.642 0.485 0.687 0.691 0.695 0.656 0.552 0.493 0.340 0.303 0.279 0.257 0.229 0.320 0.329 0.350 0.352 0.354 0.349 0.291 0.322 0.306 0.367 0.467 0.499 0.584 0.519 0.458 0.399 0.343 0.296 0.377 0.383 0.282 0.264 0.232 0.245 0.241 0.213 0.182 0.155 0.161 0.172 0.194 0.262 0.305 0.393 0.476 0.546 0.518 0.354 0.285 0.292 0.299 0.261 0.247 0.190 0.187 0.207 0.222 0.329 0.353 0.491 0.445 0.722 0.748 0.850 0.929 0.994 1.012 0.979 0.963 0.912 0.883 0.870 0.911 0.895
1.810 1.303 1.252 1.364 1.402 1.186 1.052 0.920 0.877 0.768 0.662 0.630 0.581 0.547 0.528 0.555 0.552 0.496 0.420 0.441 0.433 0.552 0.655 0.725 0.895 0.972 0.729 0.625 0.506 0.430 0.418 0.316 0.289 0.284 0.274 0.290 0.311 0.257 0.247 0.213 0.173 0.153 0.144 0.146 0.225 0.314 0.470 0.814 0.979 0.972 0.613 0.439 0.370 0.428 0.423 0.630 0.841 1.002 1.234 1.347 1.224 1.156 1.318 1.669 1.665 1.685 1.732 1.818 1.782 1.747 1.648 1.602 1.556 1.520 1.487 1.486 1.380
2.492 1.928 1.889 1.647 1.412 1.564 1.294 1.181 1.090 0.983 1.014 0.907 0.840 0.729 0.622 0.656 0.715 0.782 0.716 0.642 0.716 0.839 0.864 0.852 0.909 0.963 0.908 0.883 0.688 0.559 0.457 0.400 0.350 0.328 0.305 0.320 0.317 0.306 0.276 0.331 0.314 0.228 0.147 0.118 0.150 0.327 0.826 1.069 1.411 1.441 0.849 0.603 0.455 0.583 0.811 1.217 1.724 1.635 1.650 1.934 2.208 2.431 2.385 1.647 1.355 1.695 2.729 2.715 2.489 2.315 2.149 2.131 2.202 2.327 2.160 1.955 3.521
1.762 2.105 2.127 1.458 1.394 1.262 1.370 1.171 1.105 1.081 1.212 1.411 1.178 1.364 1.135 0.861 0.868 0.894 1.014 0.887 1.005 0.943 0.936 0.949 0.872 0.862 0.831 0.756 0.656 0.583 0.528 0.461 0.383 0.347 0.319 0.297 0.278 0.433 0.348 0.417 0.402 0.279 0.192 0.173 0.195 0.429 0.861 1.175 1.606 1.828 1.470 1.260 1.075 1.183 1.727 2.426 2.242 2.549 2.669 2.700 2.703 3.053 3.376 3.269 3.976 4.197 3.847 3.314 3.077 2.927 2.723 2.772 2.886 3.065 4.875 3.800 3.102
2.149 2.158 1.927 1.722 1.632 1.469 1.313 1.242 1.141 1.491 1.967 2.240 3.877 3.864 3.721 3.864 2.003 0.938 0.825 1.111 1.241 1.095 0.746 0.902 0.803 0.748 0.668 0.625 0.584 0.544 0.490 0.460 0.402 0.353 0.342 0.360 0.419 0.461 0.431 0.410 0.389 0.302 0.275 0.250 0.220 0.417 1.034 1.267 1.584 1.708 1.680 1.399 1.503 1.505 2.467 2.369 3.032 3.272 3.434 3.296 3.208 3.119 3.134 3.076 2.996 3.001 3.029 3.054 2.911 5.325 2.660 2.822 3.023 5.758 5.373 2.106 2.113
2.223 2.279 2.193 2.039 2.010 1.866 1.717 1.735 1.844 2.001 3.750 3.342 5.320 6.540 4.825 9.448 8.073 4.302 3.024 1.173 1.026 0.937 0.822 0.775 0.803 0.733 0.656 0.562 0.534 0.498 0.503 0.418 0.393 0.383 0.388 0.428 0.438 0.463 0.454 0.458 0.394 0.301 0.279 0.283 0.317 0.463 0.914 1.307 1.607 1.954 2.375 2.666 2.807 2.698 3.228 3.047 3.208 3.264 3.331 3.110 3.021 2.894 2.962 3.029 3.091 2.990 2.859 2.707 2.522 3.811 2.778 2.176 2.665 2.927 6.011 3.724 3.066
2.356 2.381 2.431 2.409 2.480 2.624 2.924 2.681 2.038 2.248 4.049 3.711 3.311 3.513 3.703 3.828 3.558 6.587 6.342 3.940 1.938 0.950 0.854 0.747 0.728 0.755 0.733 0.670 0.584 0.542 0.504 0.411 0.374 0.371 0.357 0.383 0.458 0.461 0.405 0.429 0.455 0.370 0.343 0.357 0.406 0.515 0.790 1.475 1.830 2.048 2.755 3.091 3.562 3.167 3.065 3.006 2.974 3.040 2.956 2.819 2.699 2.660 2.737 2.887 2.987 2.965 2.786 2.637 3.461 4.426 3.017 2.158 2.452 2.808 2.635 3.499 2.677
2.425 2.451 2.540 2.629 3.068 3.626 2.925 2.928 2.843 2.856 2.965 3.101 3.241 3.332 3.505 3.595 3.649 3.653 4.879 5.939 4.765 1.355 0.783 1.086 0.937 1.089 0.960 0.816 0.783 0.729 0.648 0.530 0.404 0.347 0.397 0.399 0.402 0.355 0.349 0.504 0.435 0.373 0.407 0.425 0.490 0.667 0.885 1.347 1.882 2.246 2.565 3.054 3.458 2.971 2.670 2.424 2.387 2.425 2.353 2.363 2.305 2.406 2.581 2.776 2.958 3.055 2.864 2.966 3.195 2.505 3.129 2.592 2.126 2.844 3.032 3.259 2.495
2.482 3.255 2.755 2.661 2.711 2.791 2.800 2.873 2.872 2.957 2.993 2.956 2.967 3.012 3.264 3.460 3.720 4.006 4.030 7.237 7.776 3.938 1.533 0.904 1.406 1.052 0.771 0.580 0.544 0.607 0.731 0.871 0.750 0.655 0.701 0.726 0.632 0.522 0.474 0.452 0.461 0.475 0.498 0.600 0.721 0.955 1.091 1.483 2.155 2.232 2.383 2.703 2.998 2.842 2.686 2.563 2.566 2.535 2.553 2.487 2.394 2.432 2.569 2.769 2.933 3.084 3.034 6.310 4.358 3.058 3.422 2.220 2.149 2.600 2.812 3.155 2.439
2.651 2.745 2.773 2.839 2.857 2.854 2.925 3.016 3.073 3.228 3.254 3.206 3.185 3.221 3.241 3.324 3.683 4.021 4.218 4.353 4.144 8.203 4.628 2.782 1.041 1.232 1.029 0.610 0.580 0.501 0.563 0.748 0.907 1.107 1.327 1.433 1.225 0.966 0.837 0.872 0.928 0.965 0.912 1.030 1.079 1.445 1.627 2.045 2.642 2.645 2.844 2.525 2.679 2.713 2.716 3.022 3.052 2.983 2.830 2.875 2.827 2.776 2.803 2.886 3.012 3.063 3.110 3.201 2.975 2.948 3.165 2.586 2.247 2.359 3.047 3.016 3.049
3.028 3.088 3.101 3.117 3.104 3.111 3.199 3.217 3.335 3.638 3.715 3.774 3.732 3.756 3.726 3.716 3.687 3.839 4.097 4.490 4.308 3.837 5.728 3.110 1.252 1.923 1.128 1.015 0.851 0.657 0.681 0.757 0.881 1.267 1.861 2.228 1.974 1.529 1.520 1.502 1.687 1.624 1.706 1.871 1.783 2.019 2.621 3.386 3.006 3.832 3.490 2.820 2.778 2.913 3.129 3.365 3.306 3.153 3.053 3.061 3.042 3.021 2.952 2.841 2.734 2.829 3.027 3.187 3.153 2.949 2.362 2.661 2.693 2.585 3.570 3.931 3.325
3.567 3.567 3.803 3.785 3.876 3.683 3.689 3.765 3.776 4.009 4.273 4.156 4.022 4.100 3.985 3.969 3.859 3.556 3.682 3.765 3.725 3.981 6.446 3.264 1.832 1.712 1.015 1.314 0.799 1.021 1.094 1.037 1.129 1.476 2.013 2.493 2.476 2.202 2.132 2.381 2.526 2.774 2.913 2.994 3.471 3.465 3.731 3.892 4.066 3.911 3.627 3.472 3.375 3.841 4.167 3.691 3.303 3.192 3.153 3.210 3.073 3.020 2.622 2.637 2.598 3.002 3.311 3.396 6.250 4.482 3.763 4.010 2.809 3.095 2.777 2.827 2.708
4.237 4.404 4.658 4.586 4.564 4.367 4.409 4.372 4.468 4.534 4.381 4.307 4.327 4.342 4.193 4.201 3.980 4.022 3.795 3.723 3.943 4.174 7.194 3.895 1.882 1.830 1.357 1.466 0.956 1.416 1.444 1.551 1.689 1.876 2.344 2.621 2.852 2.817 2.893 3.374 3.995 4.106 4.111 3.935 3.891 4.634 5.218 5.911 5.860 5.884 5.210 4.793 4.443 4.436 4.116 3.712 3.569 3.448 3.338 3.084 2.800 2.693 2.561 2.598 2.551 3.036 3.500 3.713 7.018 3.546 2.404 1.823 2.047 2.643 2.378 2.799 2.809
5.277 5.099 4.901 4.758 4.838 4.776 4.655 4.647 4.607 4.424 4.260 4.208 4.360 4.242 4.206 4.135 3.906 3.585 3.521 3.580 3.692 3.318 8.085 6.149 2.547 2.657 -9999 1.361 1.442 1.778 1.594 1.859 2.119 2.621 3.077 3.173 3.436 3.752 3.828 4.206 4.364 4.891 4.749 5.777 5.726 5.784 6.346 6.405 5.947 5.219 4.731 4.216 4.197 3.940 3.723 3.604 3.402 3.115 2.877 2.693 2.522 2.461 2.260 2.291 2.555 2.847 3.382 4.242 4.953 3.956 3.209 2.161 2.625 2.324 1.448 2.291 1.583
5.501 5.342 5.046 4.812 4.834 4.682 4.468 4.424 4.294 4.181 4.229 4.303 4.173 3.928 3.643 3.489 3.341 3.181 3.107 3.075 3.111 2.800 2.202 3.900 3.465 -9999 4.530 1.633 1.168 1.568 1.465 1.835 2.899 3.669 4.197 4.351 4.736 4.989 4.975 4.564 4.279 4.206 5.284 6.369 5.667 4.950 4.848 4.883 4.631 4.215 3.976 3.748 3.674 3.414 3.284 3.132 3.059 2.997 2.661 2.455 2.326 2.294 2.338 2.289 2.620 2.844 3.290 3.561 6.229 4.619 3.513 1.951 2.135 2.181 2.237 1.815 1.203
4.907 4.799 4.643 4.367 4.300 4.144 3.957 3.871 3.723 3.776 3.828 3.808 3.886 3.494 3.155 2.828 2.664 2.505 2.309 2.221 2.187 2.229 1.954 4.452 4.155 2.199 3.187 2.433 1.755 1.241 1.311 1.767 2.558 3.924 5.093 5.293 5.426 5.204 4.822 4.295 4.272 4.627 5.867 5.619 4.949 4.458 4.381 4.353 4.066 3.815 3.575 3.139 3.272 3.051 2.799 2.609 2.424 2.413 2.219 2.077 1.985 2.044 2.041 2.022 2.406 2.672 3.117 3.079 3.741 4.345 2.824 1.456 1.068 1.002 0.694 0.689 0.724
3.862 3.778 3.784 3.582 3.434 3.154 3.001 2.973 2.929 3.014 2.956 2.921 2.862 2.730 2.494 2.174 1.939 1.692 1.474 1.284 1.148 1.144 1.125 1.134 0.768 1.464 0.765 4.330 2.620 2.368 1.079 1.530 2.303 3.546 5.530 5.379 5.112 4.762 4.295 4.069 4.171 4.923 4.620 4.668 4.630 4.634 4.563 4.600 4.532 4.187 3.768 3.339 2.938 2.604 2.351 2.160 2.070 2.013 1.823 1.634 1.539 1.580 1.580 1.590 1.498 1.559 1.759 1.776 2.820 2.704 -9999 1.031 0.523 0.280 0.172 0.206 0.426
2.566 2.526 2.591 2.400 2.237 2.122 2.104 1.994 2.094 2.263 2.301 2.410 2.350 2.097 1.861 1.634 1.482 1.249 1.018 0.786 0.684 0.609 0.611 0.555 0.412 0.516 0.448 1.173 4.069 3.162 0.976 1.190 2.343 3.969 5.314 4.522 3.736 3.109 3.932 3.827 3.178 3.898 4.011 4.407 4.742 4.798 4.611 4.415 4.181 3.608 2.926 2.329 2.169 1.982 1.891 1.791 1.671 1.582 1.414 1.282 1.100 1.010 0.869 0.892 1.311 1.625 0.818 1.295 1.040 0.913 2.281 0.477 0.156 0.232 0.250 0.569 0.216
1.854 1.813 1.888 1.871 1.824 1.712 1.643 1.618 1.807 1.841 1.870 1.873 1.917 1.591 1.428 1.245 1.110 0.924 0.761 0.605 0.546 0.484 0.447 0.359 0.293 0.231 0.217 0.403 1.776 5.268 1.244 1.031 2.024 2.988 3.364 2.829 2.408 2.211 2.761 3.796 3.213 3.027 3.166 4.005 4.725 5.093 4.697 4.068 3.523 2.704 2.190 1.851 1.631 1.632 1.503 1.464 1.361 1.319 1.083 0.908 0.717 0.606 0.495 0.423 0.395 0.392 0.519 -9999 -9999 -9999 -9999 -9999 0.663 1.988 5.898 -9999 -9999
1.563 1.486 1.537 1.574 1.649 1.620 1.600 1.575 1.646 1.611 1.533 1.439 1.326 1.101 1.045 0.941 0.815 0.661 0.577 0.552 0.570 0.532 0.486 0.361 0.358 0.328 0.314 0.613 1.301 4.002 2.814 1.360 2.772 3.057 2.959 2.315 1.713 1.884 3.123 3.880 3.238 2.016 2.327 3.204 4.114 4.616 4.613 3.799 2.960 2.165 1.718 1.396 1.252 1.199 1.112 1.062 0.955 0.864 0.745 0.618 0.492 0.393 0.324 0.299 0.363 0.258 0.434 -9999 -9999 -9999 -9999 -9999 0.132 -9999 -9999 -9999 -9999
1.639 1.593 1.625 1.665 1.799 1.925 1.972 1.845 1.643 1.402 1.408 1.159 0.977 0.924 0.827 0.767 0.717 0.621 0.570 0.559 0.553 0.547 0.495 0.413 0.432 0.508 0.644 0.762 1.110 4.490 4.469 3.261 6.133 6.414 2.790 2.912 3.185 3.313 3.639 3.505 3.978 4.403 3.883 3.123 4.241 4.771 4.845 3.882 3.022 2.111 1.588 1.267 1.187 0.998 0.877 0.780 0.673 0.590 0.498 0.396 0.336 0.291 0.303 0.332 0.497 0.171 0.152 -9999 -9999 -9999 -9999 -9999 -9999 -9999 -9999 -9999 -9999
1.421 1.502 1.487 1.454 1.517 1.643 1.823 1.822 1.904 6.306 1.201 1.051 0.916 0.880 0.721 0.686 0.616 0.548 0.538 0.527 0.513 0.569 0.642 0.665 0.791 0.994 1.413 1.789 1.885 2.657 2.939 3.812 3.912 11.056 9.852 6.247 5.269 3.559 2.901 2.890 5.737 6.261 5.395 7.893 11.284 12.266 4.782 3.616 2.991 2.111 1.490 1.191 1.110 1.008 0.896 0.756 0.628 0.543 0.459 0.381 0.324 0.300 0.307 0.400 0.683 0.261 0.143 0.223 0.162 -9999 -9999 -9999 -9999 -9999 -9999 -9999 -9999
1.120 1.174 1.111 1.079 1.032 1.037 1.024 0.977 0.896 0.775 0.712 0.639 0.544 0.600 0.593 0.636 0.641 0.627 0.668 0.724 0.789 0.968 1.092 1.349 1.790 2.250 2.705 3.245 3.443 3.309 3.422 2.767 4.531 4.171 6.619 13.833 13.172 9.520 13.377 5.305 4.929 4.379 3.985 3.455 4.125 3.837 3.323 7.539 2.742 2.316 1.846 1.414 1.221 1.215 1.152 0.986 0.840 0.796 0.717 0.658 0.605 0.526 0.560 0.669 0.948 0.591 -9999 -9999 -9999 -9999 -9999 -9999 -9999 -9999 -9999 -9999 -9999
1.039 1.017 0.961 0.910 0.895 0.952 0.936 0.882 0.851 0.804 0.706 0.695 0.666 0.696 0.777 0.854 1.019 1.176 1.365 1.608 1.995 2.461 3.185 3.989 4.880 5.439 5.963 6.573 6.873 6.243 5.694 5.297 5.054 4.698 6.482 11.727 13.198 11.612 17.991 9.598 5.902 3.818 2.712 2.043 2.236 2.588 3.048 3.730 3.863 4.188 3.435 2.738 2.471 2.341 2.138 1.903 1.617 1.529 1.568 1.761 1.672 1.477 1.490 1.769 1.980 2.136 -9999 -9999 -9999 -9999 -9999 -9999 -9999 -9999 -9999 -9999 -9999
1.915 1.875 1.712 1.738 1.813 1.929 1.991 2.022 2.073 2.106 2.161 2.262 2.273 2.361 2.523 2.594 3.015 3.311 3.519 3.965 4.446 4.896 5.870 7.027 8.502 9.603 10.723 11.359 11.890 11.169 9.797 8.425 6.789 6.032 6.154 5.215 6.119 9.689 18.575 10.003 8.386 8.169 9.003 4.255 5.183 6.754 7.062 7.154 2.978 2.984 2.779 2.661 2.560 2.711 2.578 2.428 2.255 2.399 2.541 2.578 2.669 2.561 3.015 3.321 3.699 4.827 5.557 4.242 -9999 -9999 -9999 -9999 -9999 -9999 -9999 -9999 -9999
4.075 3.969 3.839 3.834 3.882 4.229 4.429 4.500 4.595 4.650 4.728 4.886 5.262 5.383 5.590 5.919 6.568 6.798 6.976 6.914 7.164 7.415 7.859 8.554 9.606 11.183 12.948 14.367 15.367 14.905 13.984 12.267 11.300 10.467 9.398 7.822 7.501 9.618 19.036 12.820 19.037 12.981 9.483 7.410 5.977 4.848 4.764 6.203 6.621 2.424 2.908 3.434 3.780 4.475 4.609 4.544 4.399 4.465 4.710 4.988 5.074 5.029 5.226 5.300 5.216 5.663 8.537 7.373 5.134 3.317 2.806 2.998 3.017 2.923 3.188 3.174 3.275
6.428 6.293 6.239 6.222 6.143 6.515 6.597 6.807 6.480 6.521 6.429 6.226 6.202 6.071 5.896 5.798 5.843 5.717 5.663 5.714 5.724 5.988 6.367 6.973 7.859 8.597 8.928 10.052 10.727 11.144 11.068 11.160 11.751 12.845 14.139 16.207 19.127 19.116 15.346 10.076 24.991 64.606 9.870 15.864 7.006 6.769 6.970 6.519 7.829 6.492 6.302 4.030 3.756 5.319 6.359 6.705 6.356 6.502 6.452 6.606 6.640 6.524 5.928 5.410 5.191 5.057 6.084 7.001 6.212 4.031 3.587 3.523 2.952 3.741 5.165 5.638 4.778
