data-raw/precipfiles/18_grid_data_18000BP.asc
ncols 144
nrows 72
xllcorner -180
yllcorner -90
cellsize 2.5
nodata_value -9999
[rows 34 to 67 of 72, columns 0 to 76 of 144]
5.236 4.911 4.667 4.391 4.172 4.127 4.211 4.066 3.799 3.764 3.392 3.246 2.992 2.857 2.772 2.816 2.661 2.547 2.584 2.755 2.959 3.487 3.738 3.984 4.372 4.686 4.889 5.218 5.643 6.202 6.459 7.950 9.587 10.926 12.426 14.501 13.437 9.272 4.725 4.714 14.509 7.552 6.527 8.334 11.254 9.530 7.795 5.585 5.911 6.679 9.204 9.267 3.229 4.063 4.498 5.195 5.904 6.428 6.437 6.094 5.865 5.742 5.362 5.032 4.313 3.742 3.533 3.488 3.915 4.380 3.147 3.457 2.614 3.197 5.098 6.679 4.885
3.569 3.363 3.075 2.631 2.597 2.641 2.455 2.165 1.997 1.994 1.830 1.695 1.502 1.543 1.617 1.728 1.737 1.710 1.840 2.049 2.279 2.312 2.340 2.441 2.688 2.762 2.829 3.007 3.227 3.462 3.583 3.841 4.061 3.893 3.374 3.036 2.832 2.354 1.576 2.013 6.828 6.800 6.973 7.854 8.068 9.364 7.267 6.978 6.399 5.338 5.384 6.687 6.105 2.610 3.027 4.061 5.169 5.287 4.701 3.883 3.370 3.132 2.793 2.694 2.236 1.883 1.597 1.508 1.473 1.625 1.805 1.974 2.155 2.256 2.357 5.169 4.099
3.375 3.296 2.905 2.492 2.327 2.401 2.320 2.110 2.022 1.894 1.873 1.865 1.742 1.750 1.917 1.899 1.814 1.831 1.979 2.257 2.275 2.243 2.194 2.228 2.246 2.115 1.903 1.925 1.975 2.014 2.054 1.881 1.829 1.668 1.411 1.179 1.100 0.976 0.933 2.242 5.249 7.490 7.724 8.617 6.171 6.064 13.002 8.827 7.330 5.457 3.234 4.086 5.215 5.231 4.622 2.599 3.345 3.669 3.250 2.676 2.204 1.926 1.638 1.265 0.929 0.766 0.662 0.621 0.680 0.764 0.920 1.087 1.289 1.434 1.749 3.115 3.649
4.529 4.058 3.593 3.161 2.929 2.738 2.634 2.412 2.285 2.084 2.001 1.896 1.804 1.748 1.805 1.796 1.771 1.741 1.654 1.675 1.708 1.683 1.732 1.583 1.524 1.461 1.356 1.378 1.371 1.315 1.293 1.217 1.037 0.884 0.819 0.812 0.888 0.753 0.612 1.360 4.032 6.179 7.931 11.558 5.533 5.089 6.744 6.238 5.879 5.566 4.588 3.913 4.275 4.362 4.461 3.139 2.718 2.653 2.590 2.416 1.992 1.735 1.281 0.946 0.665 0.536 0.468 0.399 0.380 0.381 0.412 0.491 0.651 0.858 1.135 2.031 2.824
6.363 6.023 5.508 5.118 4.619 4.176 3.798 3.518 3.100 2.681 2.423 2.129 1.941 1.791 1.658 1.481 1.386 1.270 1.173 1.111 1.056 1.077 1.168 1.081 1.077 0.989 0.902 0.821 0.825 0.729 0.689 0.658 0.572 0.539 0.473 0.425 0.430 0.450 0.391 0.474 2.172 4.533 7.313 81.747 46.362 5.588 5.181 5.345 5.392 6.460 13.223 -9999 -9999 -9999 3.865 3.126 3.102 2.633 3.817 1.719 1.271 1.042 0.750 0.518 0.354 0.267 0.224 0.176 0.140 0.123 0.145 0.151 0.204 0.315 0.500 0.773 1.713
7.199 7.115 6.913 6.766 6.111 5.755 5.263 4.845 4.252 3.767 3.298 2.876 2.641 2.250 1.845 1.508 1.260 1.111 0.940 0.768 0.664 0.598 0.571 0.491 0.444 0.367 0.303 0.260 0.241 0.229 0.215 0.193 0.162 0.160 0.153 0.140 0.165 0.204 0.244 0.124 1.245 5.826 5.809 9.684 17.366 35.709 5.811 5.916 5.678 7.424 -9999 -9999 71.797 40.693 3.972 2.787 2.913 3.794 5.163 1.336 0.868 0.588 0.447 0.343 0.255 0.185 0.149 0.118 0.105 0.099 0.103 0.104 0.093 0.101 0.149 0.242 0.497
6.549 6.540 6.496 6.609 6.239 6.182 6.031 5.664 5.022 4.456 4.034 3.578 3.180 2.780 2.350 1.979 1.660 1.432 1.133 0.897 0.758 0.597 0.517 0.432 0.343 0.284 0.198 0.168 0.152 0.144 0.129 0.117 0.096 0.080 0.081 0.092 0.099 0.114 0.129 0.087 0.437 2.303 5.192 7.051 9.650 17.229 121.827 22.370 43.647 72.318 -9999 -9999 66.848 7.776 4.771 3.589 3.750 5.080 1.909 1.166 0.757 0.539 0.421 0.341 0.256 0.205 0.164 0.130 0.115 0.103 0.106 0.107 0.110 0.093 0.088 0.109 0.261
5.062 5.178 5.285 5.340 5.248 5.502 5.677 5.614 5.280 4.920 4.578 4.356 3.801 3.314 2.905 2.687 2.579 2.225 1.906 1.610 1.428 1.192 0.949 0.872 0.783 0.557 0.379 0.282 0.222 0.219 0.222 0.207 0.171 0.140 0.137 0.139 0.145 0.144 0.110 0.088 0.107 0.548 2.078 5.646 6.776 9.115 11.059 10.573 9.075 7.969 8.632 9.470 8.084 7.924 5.370 4.992 6.429 2.703 2.244 1.402 0.889 0.620 0.447 0.343 0.248 0.207 0.164 0.146 0.134 0.128 0.123 0.118 0.115 0.101 0.107 0.114 0.282
3.451 3.654 3.941 4.109 4.339 4.570 4.676 4.679 4.849 4.983 4.926 4.689 4.256 3.895 3.566 3.367 3.256 2.892 2.497 2.172 1.817 1.585 1.156 0.957 0.873 0.676 0.468 0.361 0.293 0.267 0.245 0.218 0.188 0.164 0.157 0.157 0.158 0.162 0.170 0.110 0.092 0.071 0.428 0.997 2.326 6.887 9.733 7.103 6.761 6.075 7.722 7.192 7.071 6.573 6.030 5.870 5.997 2.924 2.489 1.798 1.067 0.763 0.541 0.396 0.302 0.261 0.231 0.201 0.178 0.164 0.158 0.163 0.163 0.148 0.121 0.090 0.169
3.138 3.312 3.551 3.778 4.017 3.982 4.090 4.181 4.328 4.617 4.771 4.690 4.344 4.126 3.909 3.921 3.799 3.294 2.955 2.641 2.294 1.899 1.498 1.278 1.184 1.093 0.738 0.552 0.433 0.390 0.339 0.283 0.253 0.223 0.200 0.187 0.202 0.207 0.203 0.151 0.085 0.090 0.103 0.072 0.652 1.608 3.331 4.764 5.197 5.424 6.225 6.414 6.136 6.268 6.261 6.049 5.437 3.333 2.919 2.116 1.548 1.087 0.718 0.510 0.380 0.338 0.307 0.265 0.216 0.196 0.183 0.186 0.198 0.191 0.141 0.089 0.206
3.479 3.667 3.711 3.780 3.925 3.937 3.787 3.925 4.114 4.275 4.402 4.524 4.668 4.632 4.737 4.792 4.561 3.956 3.509 3.161 2.871 2.473 2.002 1.764 1.584 1.594 1.286 0.960 0.739 0.656 0.576 0.483 0.406 0.333 0.279 0.243 0.223 0.221 0.201 0.177 0.111 0.076 0.072 0.036 0.241 1.167 3.042 2.939 4.731 5.972 6.008 4.944 5.341 6.331 6.351 5.967 3.961 3.999 3.957 3.184 2.508 1.972 1.335 0.921 0.613 0.500 0.423 0.360 0.282 0.229 0.204 0.200 0.197 0.188 0.150 0.099 0.103
3.817 4.135 4.166 4.104 4.207 4.278 4.167 4.168 4.119 4.157 4.136 4.372 4.698 5.018 5.102 5.160 4.976 4.578 4.136 3.791 3.510 3.215 2.861 2.556 2.365 2.311 2.034 1.732 1.449 1.267 1.077 0.902 0.742 0.606 0.444 0.361 0.313 0.272 0.228 0.189 0.151 0.103 0.093 0.036 0.278 1.872 2.520 2.782 4.464 7.139 6.804 5.602 5.061 6.305 6.970 5.090 4.358 5.201 4.837 4.343 3.727 3.149 2.335 1.798 1.276 0.935 0.729 0.589 0.468 0.367 0.295 0.244 0.208 0.179 0.155 0.107 0.081
3.785 4.072 4.195 4.303 4.395 4.571 4.425 4.428 4.296 4.190 4.165 4.413 4.607 4.953 5.130 5.325 5.145 4.959 4.741 4.562 4.247 3.838 3.514 3.182 3.112 3.029 2.762 2.382 2.141 2.036 1.796 1.527 1.281 1.043 0.776 0.608 0.490 0.403 0.295 0.241 0.189 0.163 0.138 0.086 0.348 1.995 2.225 3.110 4.727 6.477 7.682 6.440 5.659 4.214 4.238 4.488 4.821 5.468 5.322 4.995 4.579 3.990 3.327 2.731 2.230 1.732 1.469 1.124 0.840 0.675 0.511 0.398 0.321 0.248 0.219 0.181 0.141
3.372 3.523 3.682 4.029 4.282 4.392 4.370 4.297 4.169 4.095 4.125 4.318 4.526 4.772 4.848 5.099 5.009 4.929 4.918 5.105 4.742 4.296 3.925 3.640 3.525 3.508 3.381 3.088 2.776 2.607 2.379 2.154 1.933 1.664 1.297 1.014 0.790 0.648 0.486 0.386 0.317 0.281 0.232 0.266 0.485 1.020 1.942 3.029 4.543 6.153 6.958 5.818 5.228 4.124 4.320 4.435 4.679 5.145 5.217 5.086 4.965 4.916 4.311 3.745 3.284 2.699 2.125 1.747 1.374 1.109 0.878 0.681 0.549 0.423 0.358 0.326 0.322
2.954 2.942 3.072 3.385 3.601 3.858 4.063 4.044 3.924 3.868 3.761 4.032 4.110 4.397 4.430 4.540 4.500 4.602 4.755 4.971 4.822 4.499 4.274 4.097 3.968 3.759 3.616 3.494 3.312 3.107 2.860 2.669 2.429 2.169 1.870 1.584 1.276 1.066 0.857 0.698 0.562 0.512 0.400 0.903 0.567 1.320 2.165 3.022 4.053 5.057 5.458 5.070 4.566 4.449 4.387 4.338 4.688 5.142 5.155 5.010 4.919 4.861 4.570 4.070 3.769 3.186 2.719 2.542 2.065 1.921 1.523 1.275 1.060 0.830 0.751 0.636 0.632
2.789 2.775 2.819 2.920 3.214 3.509 3.658 3.750 3.815 3.691 3.729 3.857 3.915 4.011 3.989 4.148 4.203 4.376 4.497 4.533 4.583 4.501 4.307 4.176 4.022 3.857 3.795 3.658 3.534 3.331 3.049 3.017 2.848 2.634 2.370 2.123 1.819 1.573 1.317 1.063 0.879 0.766 0.793 2.250 1.340 1.780 2.347 2.891 4.021 4.666 4.974 4.414 4.485 4.581 4.549 4.554 4.741 5.171 5.127 5.095 4.994 4.912 4.769 4.428 4.225 3.724 3.230 2.829 2.657 2.375 2.267 2.017 1.794 1.529 1.332 1.183 1.091
2.458 2.454 2.451 2.544 2.785 3.050 3.222 3.280 3.236 3.253 3.379 3.464 3.455 3.580 3.676 3.671 3.883 4.014 4.072 4.065 4.084 4.084 3.974 3.968 3.894 3.793 3.813 3.812 3.667 3.472 3.233 3.128 2.931 2.824 2.647 2.439 2.159 1.935 1.707 1.480 1.279 1.125 4.269 3.527 1.769 1.859 2.364 2.966 3.406 3.566 4.356 4.254 4.287 4.426 4.521 4.687 4.734 5.057 4.999 4.908 4.850 4.740 4.746 4.576 4.424 4.179 3.748 3.390 3.250 2.964 2.970 2.785 2.608 2.248 2.104 1.945 1.888
2.472 2.395 2.277 2.289 2.560 2.842 2.965 3.043 3.130 3.030 3.075 3.060 3.012 3.107 3.177 3.361 3.592 3.713 3.720 3.669 3.792 3.715 3.640 3.705 3.807 3.788 3.762 3.679 3.617 3.469 3.414 3.405 3.163 3.069 2.908 2.737 2.504 2.306 2.112 1.926 1.747 1.503 5.088 3.808 1.522 1.356 1.665 2.744 3.040 3.791 3.871 3.860 4.149 4.342 4.495 4.683 4.666 4.841 4.778 4.690 4.586 4.539 4.593 4.652 4.597 4.293 4.001 3.926 3.653 3.541 3.495 3.466 3.282 2.945 2.782 2.625 2.642
2.284 2.295 2.337 2.189 2.282 2.464 2.561 2.658 2.590 2.589 2.533 2.540 2.665 2.756 2.758 2.759 2.787 3.011 3.132 3.212 3.314 3.397 3.486 3.522 3.387 3.421 3.270 3.454 3.390 3.391 3.279 3.340 3.210 3.162 2.924 2.933 2.721 2.572 2.405 2.362 2.173 2.626 5.746 4.113 1.232 0.992 1.197 1.800 2.357 2.560 3.023 3.451 3.512 3.405 3.442 3.726 3.676 3.783 3.959 4.034 4.001 4.123 3.876 3.842 3.776 3.861 3.771 3.640 3.487 3.387 3.389 3.394 3.353 3.235 2.990 2.929 2.782
2.208 2.033 2.211 2.197 2.171 2.147 2.219 2.260 2.226 2.224 2.202 2.246 2.259 2.401 2.353 2.300 2.356 2.472 2.503 2.580 2.627 2.676 2.813 2.842 2.735 2.795 2.739 2.800 2.749 2.923 2.826 2.910 2.818 2.821 2.808 2.733 2.688 2.648 2.451 2.489 2.456 2.914 6.486 4.625 0.922 0.855 1.422 2.016 2.001 2.288 2.588 2.785 2.809 2.851 2.904 3.046 2.935 3.123 3.225 3.432 3.414 3.517 3.384 3.342 3.315 3.347 3.394 3.292 3.191 3.151 3.010 3.112 3.178 3.175 2.905 3.024 2.864
2.052 2.167 2.095 2.097 2.074 2.086 2.036 2.096 2.054 2.073 2.021 2.014 2.059 2.094 2.135 2.171 2.176 2.252 2.279 2.256 2.333 2.380 2.389 2.403 2.361 2.358 2.356 2.433 2.446 2.544 2.557 2.590 2.578 2.632 2.518 2.637 2.533 2.684 2.629 2.668 2.757 3.186 4.312 1.521 0.901 0.781 1.785 1.784 1.756 1.999 2.282 2.600 2.748 2.774 2.769 2.861 2.900 2.891 2.996 2.987 2.907 2.887 2.824 2.902 2.961 2.946 2.881 2.853 2.862 2.761 2.777 2.804 2.872 2.877 2.808 2.872 2.843
1.898 2.064 2.058 2.040 2.051 2.017 1.973 2.013 2.025 2.081 1.971 2.015 2.045 1.999 2.051 2.088 2.081 2.091 2.042 2.077 2.120 2.151 2.104 2.160 2.161 2.177 2.191 2.212 2.255 2.307 2.359 2.330 2.292 2.377 2.345 2.376 2.409 2.566 2.668 2.741 2.947 2.730 2.380 1.126 0.862 0.852 1.936 1.837 1.771 1.869 2.110 2.409 2.621 2.645 2.599 2.638 2.680 2.644 2.672 2.700 2.647 2.668 2.654 2.622 2.542 2.583 2.656 2.585 2.536 2.494 2.492 2.493 2.469 2.516 2.514 2.537 2.493
1.954 1.956 1.951 1.953 1.894 1.936 1.938 1.959 1.966 2.041 2.055 2.080 2.057 2.074 2.065 2.044 2.060 2.072 2.049 2.053 2.063 2.074 2.021 2.044 2.051 2.095 2.087 2.149 2.167 2.204 2.195 2.200 2.164 2.206 2.246 2.320 2.363 2.447 2.523 2.693 2.889 3.773 3.862 1.166 0.842 2.125 2.234 2.068 1.789 2.084 2.133 2.297 2.465 2.383 2.364 2.352 2.405 2.420 2.476 2.533 2.572 2.550 2.493 2.473 2.483 2.505 2.460 2.426 2.363 2.382 2.337 2.357 2.331 2.318 2.349 2.375 2.375
2.090 2.112 2.024 2.021 1.990 2.010 2.006 2.072 2.063 2.082 2.115 2.172 2.160 2.196 2.187 2.197 2.156 2.166 2.142 2.168 2.155 2.181 2.095 2.093 2.050 2.064 2.078 2.172 2.184 2.227 2.180 2.149 2.131 2.180 2.193 2.257 2.298 2.322 2.375 2.474 2.696 2.997 4.811 2.016 1.152 1.895 2.547 2.457 2.294 2.299 2.322 2.429 2.491 2.488 2.458 2.398 2.421 2.607 2.525 2.530 2.485 2.499 2.493 2.539 2.550 2.547 2.533 2.491 2.412 2.362 2.347 2.336 2.276 2.250 2.286 2.352 2.341
2.298 2.304 2.203 2.190 2.153 2.197 2.246 2.325 2.296 2.284 2.283 2.288 2.267 2.274 2.300 2.338 2.353 2.346 2.351 2.342 2.310 2.331 2.263 2.220 2.168 2.185 2.150 2.194 2.232 2.272 2.244 2.243 2.239 2.247 2.265 2.314 2.322 2.339 2.278 2.334 2.377 2.494 2.619 2.044 1.908 2.352 2.815 2.665 2.481 2.470 2.459 2.528 2.552 2.605 2.599 2.579 2.569 2.582 2.614 2.634 2.556 2.540 2.567 2.574 2.554 2.552 2.517 2.452 2.433 2.438 2.397 2.348 2.314 2.300 2.337 2.338 2.373
2.325 2.389 2.338 2.304 2.255 2.298 2.318 2.376 2.327 2.299 2.261 2.250 2.213 2.195 2.215 2.277 2.298 2.315 2.310 2.302 2.255 2.233 2.174 2.127 2.088 2.094 2.071 2.083 2.100 2.167 2.165 2.168 2.158 2.176 2.181 2.218 2.213 2.227 2.208 2.202 2.145 2.212 2.201 2.251 2.241 2.372 2.441 2.465 2.390 2.448 2.412 2.431 2.401 2.431 2.383 2.378 2.312 2.272 2.248 2.238 2.181 2.221 2.269 2.260 2.200 2.182 2.138 2.139 2.114 2.137 2.113 2.086 2.041 2.080 2.109 2.128 2.136
1.937 2.023 2.046 2.037 2.009 2.021 1.996 1.971 1.916 1.910 1.881 1.879 1.841 1.816 1.785 1.828 1.875 1.886 1.897 1.863 1.824 1.787 1.761 1.749 1.739 1.758 1.766 1.758 1.778 1.823 1.822 1.825 1.804 1.811 1.813 1.849 1.869 1.939 1.987 2.008 2.047 2.106 2.136 2.176 2.166 2.223 2.218 2.211 2.158 2.176 2.135 2.062 1.913 1.878 1.806 1.732 1.652 1.633 1.595 1.586 1.592 1.643 1.645 1.641 1.608 1.600 1.579 1.612 1.609 1.626 1.659 1.661 1.619 1.632 1.671 1.695 1.708
1.463 1.491 1.499 1.486 1.464 1.455 1.446 1.406 1.390 1.389 1.367 1.389 1.371 1.351 1.339 1.338 1.357 1.377 1.413 1.421 1.409 1.400 1.393 1.412 1.432 1.449 1.450 1.441 1.462 1.474 1.453 1.447 1.433 1.421 1.431 1.472 1.517 1.591 1.673 1.746 1.820 1.880 1.930 1.964 1.942 1.985 2.035 2.156 2.233 2.252 1.845 1.579 1.388 1.306 1.200 1.162 1.120 1.102 1.090 1.114 1.132 1.166 1.159 1.165 1.135 1.129 1.108 1.107 1.102 1.123 1.177 1.193 1.168 1.170 1.149 1.174 1.188
1.047 1.029 1.046 1.043 1.042 1.016 1.015 1.036 1.035 1.027 1.020 1.014 1.038 1.043 1.062 1.068 1.084 1.089 1.107 1.099 1.114 1.108 1.135 1.162 1.203 1.237 1.264 1.262 1.291 1.309 1.310 1.308 1.318 1.308 1.335 1.360 1.400 1.473 1.540 1.569 1.619 1.672 1.727 1.741 1.715 1.938 2.188 2.202 2.011 1.731 1.437 1.280 1.112 1.035 0.953 0.920 0.883 0.882 0.876 0.899 0.889 0.916 0.917 0.926 0.902 0.873 0.858 0.839 0.819 0.813 0.838 0.840 0.840 0.835 0.832 0.864 0.876
0.929 0.933 0.942 0.954 0.931 0.916 0.924 0.940 0.955 0.954 0.954 0.944 0.953 0.966 0.988 0.996 1.000 0.997 1.004 1.015 1.046 1.037 1.041 1.052 1.069 1.101 1.125 1.137 1.166 1.181 1.204 1.205 1.231 1.240 1.269 1.307 1.338 1.394 1.427 1.453 1.487 1.537 1.624 1.723 1.790 1.989 2.020 1.858 1.685 1.502 1.329 1.195 1.038 0.957 0.864 0.827 0.792 0.787 0.758 0.758 0.747 0.762 0.749 0.754 0.740 0.736 0.713 0.704 0.684 0.663 0.627 0.612 0.594 0.599 0.597 0.601 0.616
0.693 0.676 0.702 0.712 0.738 0.749 0.772 0.795 0.834 0.852 0.861 0.862 0.868 0.854 0.863 0.861 0.861 0.849 0.830 0.815 0.762 0.747 0.748 0.745 0.800 0.815 0.868 0.891 0.936 0.963 0.974 0.995 1.032 1.018 0.994 1.028 1.034 1.067 1.102 1.127 1.178 1.345 1.514 1.658 1.450 1.506 1.522 1.553 1.427 1.238 1.182 1.091 0.957 0.892 0.785 0.728 0.671 0.656 0.606 0.596 0.568 0.571 0.541 0.529 0.499 0.527 0.562 0.600 0.608 0.555 0.467 0.408 0.311 0.320 0.310 0.317 0.315
0.537 0.532 0.541 0.563 0.610 0.648 0.696 0.732 0.785 0.813 0.843 0.853 0.838 0.838 0.857 0.839 0.853 0.844 0.809 0.816 0.801 0.794 0.763 0.731 0.777 0.775 0.851 0.851 0.887 0.920 1.024 1.090 1.126 1.116 1.091 1.086 0.975 0.952 0.952 0.966 1.010 1.053 1.080 1.133 1.094 1.152 1.191 1.206 1.122 1.010 0.999 0.938 0.844 0.805 0.717 0.670 0.602 0.571 0.515 0.500 0.463 0.473 0.439 0.446 0.414 0.471 0.441 0.442 0.391 0.455 0.403 0.389 0.295 0.347 0.332 0.389 0.357
0.381 0.397 0.428 0.471 0.547 0.612 0.685 0.732 0.795 0.863 0.942 1.015 1.100 1.177 1.175 1.219 1.094 1.101 0.984 0.889 0.751 0.718 0.665 0.645 0.712 0.745 0.825 0.819 0.809 0.805 0.797 0.809 0.809 0.844 0.839 0.845 0.797 0.787 0.797 0.802 0.814 0.815 0.806 0.800 0.756 0.725 0.716 0.683 0.750 0.743 0.743 0.710 0.657 0.621 0.572 0.547 0.485 0.475 0.432 0.436 0.401 0.406 0.358 0.351 0.277 0.287 0.218 0.224 0.185 0.203 0.152 0.145 0.112 0.110 0.091 0.099 0.087
0.294 0.327 0.378 0.424 0.504 0.559 0.644 0.692 0.731 0.824 0.894 0.907 0.904 0.908 0.887 0.853 0.780 0.717 0.637 0.603 0.540 0.516 0.447 0.433 0.428 0.426 0.443 0.442 0.441 0.443 0.442 0.443 0.425 0.440 0.424 0.428 0.432 0.415 0.424 0.395 0.406 0.397 0.396 0.386 0.398 0.384 0.401 0.389 0.415 0.423 0.433 0.456 0.438 0.416 0.403 0.392 0.375 0.402 0.395 0.396 0.345 0.331 0.268 0.249 0.168 0.161 0.117 0.111 0.084 0.078 0.061 0.061 0.052 0.053 0.047 0.047 0.043
