data-raw/precipfiles/19_grid_data_19000BP.asc
ncols 144
nrows 72
xllcorner -180
yllcorner -90
cellsize 2.5
nodata_value -9999
[rows 34 to 67 of 72, columns 0 to 76 of 144]
4.968 4.681 4.497 4.233 4.077 4.106 4.205 4.064 3.804 3.779 3.445 3.280 3.022 2.889 2.810 2.875 2.702 2.601 2.645 2.892 3.157 3.745 4.035 4.330 4.738 5.014 5.141 5.413 5.789 6.269 6.478 8.087 10.047 11.488 12.971 15.013 14.182 9.721 4.718 4.641 14.279 7.585 6.640 8.654 11.497 9.721 7.874 5.589 5.718 6.867 9.295 9.288 3.250 4.025 4.395 5.086 5.889 6.433 6.434 6.095 5.922 5.768 5.335 4.935 4.268 3.748 3.512 3.436 3.826 4.299 3.176 3.483 2.653 3.211 5.133 6.789 5.015
3.404 3.351 3.201 2.894 3.232 4.155 4.318 3.461 2.782 2.616 2.222 1.877 1.576 1.581 1.653 1.772 1.773 1.778 1.945 2.197 2.478 2.539 2.594 2.718 2.958 2.926 2.884 2.998 3.199 3.365 3.437 3.719 4.007 3.857 3.331 2.967 2.781 2.357 1.548 1.939 6.537 6.512 6.694 7.667 7.807 8.723 6.342 5.894 6.341 5.504 5.406 6.649 6.149 2.727 3.011 3.894 4.907 5.095 4.563 3.835 3.366 3.148 2.800 2.682 2.242 1.913 1.637 1.531 1.495 1.661 1.879 2.050 2.207 2.241 2.357 5.125 4.176
3.437 3.564 3.312 3.045 3.234 3.907 4.027 3.313 2.792 2.523 2.261 2.084 1.830 1.817 2.028 2.039 1.983 2.023 2.165 2.395 2.399 2.369 2.327 2.372 2.372 2.199 1.968 1.971 2.005 2.010 2.015 1.817 1.745 1.593 1.346 1.130 1.063 0.959 0.918 2.187 5.114 7.265 7.444 8.630 6.218 5.946 12.042 6.809 5.795 5.646 3.240 4.006 5.158 5.230 4.626 2.651 3.390 3.639 3.184 2.610 2.165 1.913 1.629 1.258 0.927 0.772 0.678 0.644 0.699 0.786 0.955 1.126 1.321 1.438 1.746 2.962 3.217
4.534 4.132 3.707 3.311 3.085 2.914 2.825 2.580 2.437 2.227 2.142 2.032 1.906 1.821 1.857 1.844 1.832 1.818 1.718 1.711 1.725 1.697 1.746 1.595 1.537 1.464 1.362 1.395 1.385 1.323 1.294 1.208 1.029 0.875 0.806 0.799 0.873 0.748 0.600 1.348 3.965 6.083 7.525 9.723 5.314 5.078 6.484 5.831 5.066 5.253 4.411 3.831 4.085 3.783 4.148 3.065 2.682 2.649 2.524 2.343 1.913 1.676 1.252 0.939 0.660 0.531 0.469 0.403 0.384 0.388 0.419 0.503 0.666 0.872 1.150 2.019 2.625
6.369 6.035 5.522 5.138 4.639 4.212 3.832 3.557 3.131 2.716 2.480 2.187 1.996 1.821 1.671 1.486 1.387 1.273 1.175 1.099 1.043 1.067 1.158 1.071 1.063 0.972 0.889 0.815 0.825 0.730 0.689 0.659 0.577 0.548 0.487 0.439 0.444 0.459 0.385 0.471 2.150 4.438 6.777 59.976 21.406 5.040 4.987 5.185 5.142 5.481 7.055 -9999 -9999 -9999 3.319 2.746 2.790 2.459 3.614 1.645 1.218 1.004 0.724 0.503 0.347 0.262 0.218 0.172 0.136 0.120 0.142 0.149 0.203 0.316 0.503 0.780 1.708
7.181 7.060 6.803 6.636 5.981 5.622 5.114 4.660 4.071 3.604 3.168 2.786 2.573 2.205 1.818 1.486 1.237 1.089 0.921 0.751 0.652 0.588 0.565 0.485 0.436 0.357 0.294 0.254 0.239 0.228 0.214 0.192 0.162 0.162 0.157 0.146 0.179 0.222 0.248 0.123 1.252 5.723 5.422 8.234 14.247 14.027 5.345 5.455 5.297 6.361 -9999 -9999 29.122 22.190 3.417 2.406 2.559 3.494 4.910 1.279 0.829 0.560 0.425 0.324 0.239 0.173 0.139 0.111 0.099 0.093 0.096 0.096 0.088 0.096 0.143 0.237 0.489
6.575 6.525 6.425 6.489 6.120 6.078 5.897 5.491 4.856 4.269 3.865 3.436 3.061 2.701 2.289 1.939 1.626 1.406 1.117 0.889 0.746 0.590 0.512 0.430 0.341 0.282 0.200 0.169 0.152 0.140 0.123 0.113 0.093 0.079 0.080 0.092 0.101 0.122 0.135 0.088 0.439 2.292 4.998 6.541 8.368 14.805 115.945 19.040 33.962 44.885 -9999 -9999 40.598 6.710 4.129 3.217 3.418 4.698 1.759 1.095 0.715 0.506 0.398 0.320 0.238 0.188 0.150 0.121 0.109 0.099 0.101 0.100 0.100 0.088 0.081 0.103 0.250
5.178 5.283 5.339 5.342 5.242 5.496 5.681 5.600 5.257 4.882 4.490 4.240 3.684 3.209 2.810 2.605 2.517 2.183 1.878 1.600 1.394 1.146 0.895 0.808 0.719 0.524 0.371 0.284 0.223 0.212 0.212 0.197 0.164 0.135 0.134 0.138 0.145 0.140 0.114 0.089 0.106 0.549 2.056 5.448 6.427 8.315 10.135 9.839 8.516 7.297 7.878 8.595 7.364 7.310 5.207 4.777 6.057 2.428 1.987 1.267 0.820 0.579 0.419 0.327 0.245 0.202 0.159 0.142 0.132 0.127 0.124 0.119 0.115 0.101 0.098 0.104 0.267
3.529 3.754 4.026 4.142 4.311 4.538 4.658 4.677 4.862 5.005 4.941 4.653 4.176 3.779 3.438 3.250 3.174 2.847 2.466 2.138 1.770 1.519 1.098 0.898 0.807 0.633 0.452 0.357 0.292 0.261 0.239 0.215 0.186 0.162 0.154 0.155 0.157 0.161 0.166 0.110 0.092 0.070 0.425 0.988 2.293 6.739 9.406 6.928 6.519 5.823 7.080 6.741 6.945 6.512 6.123 6.018 5.874 2.698 2.212 1.645 1.009 0.739 0.524 0.388 0.298 0.255 0.223 0.195 0.176 0.164 0.158 0.162 0.163 0.148 0.123 0.088 0.168
3.165 3.354 3.611 3.811 3.989 3.984 4.092 4.184 4.294 4.593 4.754 4.683 4.326 4.062 3.816 3.798 3.683 3.198 2.884 2.575 2.236 1.849 1.463 1.241 1.137 1.039 0.701 0.539 0.428 0.382 0.331 0.280 0.255 0.225 0.201 0.188 0.203 0.208 0.200 0.147 0.084 0.087 0.098 0.070 0.646 1.596 3.292 4.734 5.215 5.359 6.256 6.379 6.232 6.366 6.399 6.200 5.324 3.145 2.672 1.956 1.472 1.060 0.702 0.504 0.381 0.339 0.304 0.261 0.213 0.196 0.182 0.185 0.197 0.191 0.142 0.087 0.191
3.418 3.610 3.699 3.800 3.918 3.980 3.859 3.975 4.094 4.219 4.324 4.487 4.653 4.627 4.688 4.705 4.429 3.830 3.393 3.052 2.767 2.379 1.962 1.735 1.555 1.543 1.238 0.937 0.739 0.656 0.569 0.484 0.407 0.337 0.283 0.245 0.225 0.223 0.199 0.173 0.107 0.076 0.069 0.034 0.235 1.142 2.992 2.893 4.697 5.977 6.217 5.133 5.471 6.488 6.446 5.985 3.825 3.757 3.665 2.951 2.338 1.853 1.269 0.894 0.611 0.506 0.428 0.362 0.284 0.232 0.205 0.201 0.197 0.188 0.151 0.101 0.096
3.598 3.865 3.963 3.994 4.227 4.404 4.351 4.347 4.228 4.211 4.179 4.408 4.729 5.019 5.047 5.075 4.909 4.496 4.043 3.690 3.395 3.086 2.741 2.488 2.319 2.273 2.008 1.737 1.492 1.317 1.117 0.917 0.746 0.604 0.438 0.355 0.309 0.272 0.226 0.185 0.147 0.103 0.091 0.034 0.261 1.762 2.420 2.700 4.328 6.993 6.947 5.735 5.111 6.365 6.951 4.990 4.145 4.849 4.472 4.026 3.451 2.902 2.166 1.693 1.237 0.928 0.736 0.598 0.476 0.377 0.305 0.251 0.213 0.183 0.156 0.107 0.077
3.551 3.788 3.965 4.134 4.364 4.629 4.602 4.625 4.430 4.269 4.206 4.407 4.596 4.911 5.062 5.226 5.073 4.909 4.667 4.461 4.102 3.698 3.386 3.095 3.042 2.972 2.747 2.404 2.205 2.131 1.883 1.581 1.322 1.061 0.783 0.602 0.482 0.400 0.294 0.239 0.187 0.164 0.141 0.085 0.334 1.771 2.004 2.994 4.594 6.351 7.733 6.545 5.705 4.239 4.227 4.416 4.712 5.250 5.084 4.764 4.360 3.779 3.124 2.560 2.101 1.654 1.428 1.112 0.845 0.688 0.529 0.408 0.327 0.251 0.221 0.181 0.138
3.209 3.309 3.496 3.883 4.214 4.362 4.403 4.395 4.239 4.110 4.099 4.243 4.436 4.677 4.749 5.002 4.916 4.856 4.843 4.995 4.581 4.132 3.790 3.548 3.439 3.413 3.316 3.071 2.807 2.672 2.449 2.195 1.959 1.686 1.305 1.000 0.769 0.633 0.480 0.384 0.316 0.283 0.240 0.265 0.488 0.962 1.708 2.847 4.445 6.129 7.139 5.965 5.290 4.130 4.283 4.389 4.670 5.131 5.183 5.025 4.888 4.800 4.161 3.577 3.110 2.573 2.047 1.704 1.359 1.109 0.894 0.692 0.553 0.425 0.357 0.326 0.324
2.866 2.806 2.935 3.260 3.497 3.739 3.954 3.983 3.891 3.824 3.690 3.934 4.001 4.285 4.319 4.443 4.413 4.501 4.635 4.815 4.649 4.324 4.124 3.993 3.868 3.626 3.494 3.394 3.245 3.074 2.844 2.642 2.402 2.139 1.838 1.538 1.233 1.036 0.842 0.689 0.559 0.511 0.406 0.903 0.593 1.367 2.199 2.994 4.027 5.096 5.695 5.233 4.596 4.367 4.292 4.321 4.751 5.234 5.233 5.048 4.925 4.841 4.520 3.996 3.676 3.102 2.660 2.503 2.049 1.921 1.537 1.285 1.068 0.836 0.751 0.634 0.635
2.753 2.715 2.753 2.851 3.142 3.425 3.558 3.653 3.726 3.618 3.650 3.771 3.822 3.908 3.883 4.049 4.101 4.269 4.382 4.403 4.451 4.367 4.194 4.091 3.954 3.768 3.680 3.540 3.426 3.253 2.996 2.967 2.802 2.590 2.328 2.066 1.770 1.544 1.313 1.059 0.873 0.754 0.781 2.269 1.410 1.881 2.455 2.948 4.098 4.788 5.093 4.464 4.437 4.399 4.329 4.375 4.662 5.164 5.130 5.105 4.993 4.902 4.751 4.390 4.167 3.665 3.186 2.803 2.644 2.379 2.285 2.034 1.812 1.548 1.350 1.194 1.102
2.470 2.467 2.464 2.559 2.794 3.053 3.215 3.256 3.201 3.209 3.338 3.429 3.422 3.535 3.629 3.616 3.820 3.954 4.011 4.005 4.019 4.016 3.916 3.923 3.856 3.755 3.749 3.726 3.566 3.382 3.161 3.073 2.887 2.779 2.609 2.387 2.105 1.903 1.686 1.457 1.244 1.084 4.131 3.492 1.759 1.928 2.473 3.063 3.467 3.659 4.409 4.249 4.201 4.236 4.278 4.441 4.573 4.943 4.912 4.827 4.773 4.673 4.689 4.527 4.367 4.119 3.700 3.361 3.230 2.961 2.981 2.793 2.618 2.263 2.135 1.981 1.917
2.521 2.442 2.337 2.363 2.655 2.939 3.056 3.127 3.195 3.078 3.106 3.084 3.029 3.129 3.202 3.382 3.606 3.730 3.734 3.677 3.779 3.691 3.609 3.677 3.778 3.757 3.733 3.637 3.558 3.405 3.353 3.349 3.117 3.027 2.863 2.693 2.460 2.269 2.071 1.873 1.681 1.434 4.837 3.671 1.500 1.368 1.701 2.825 3.092 3.772 3.842 3.806 4.033 4.168 4.294 4.518 4.553 4.753 4.672 4.566 4.452 4.398 4.465 4.536 4.495 4.210 3.931 3.866 3.606 3.509 3.483 3.450 3.267 2.936 2.795 2.656 2.683
2.328 2.343 2.404 2.263 2.375 2.576 2.673 2.768 2.689 2.678 2.609 2.603 2.717 2.804 2.800 2.796 2.818 3.054 3.172 3.242 3.313 3.378 3.463 3.510 3.384 3.420 3.269 3.440 3.357 3.345 3.233 3.298 3.170 3.122 2.887 2.902 2.690 2.539 2.357 2.297 2.096 2.525 5.514 3.987 1.223 0.998 1.201 1.830 2.387 2.561 2.990 3.398 3.429 3.318 3.330 3.624 3.586 3.713 3.891 3.971 3.920 4.032 3.769 3.744 3.686 3.772 3.694 3.571 3.421 3.323 3.336 3.360 3.319 3.210 2.974 2.926 2.786
2.254 2.073 2.265 2.258 2.243 2.229 2.310 2.346 2.311 2.306 2.283 2.319 2.323 2.455 2.392 2.330 2.386 2.512 2.548 2.621 2.649 2.678 2.813 2.846 2.741 2.808 2.749 2.806 2.739 2.901 2.800 2.884 2.789 2.790 2.777 2.709 2.673 2.626 2.418 2.436 2.385 2.827 6.267 4.500 0.908 0.860 1.403 2.010 1.999 2.269 2.552 2.737 2.765 2.808 2.856 2.988 2.875 3.058 3.165 3.386 3.374 3.470 3.325 3.278 3.248 3.279 3.323 3.228 3.126 3.081 2.938 3.049 3.122 3.129 2.862 2.980 2.825
2.095 2.213 2.140 2.141 2.114 2.132 2.081 2.139 2.098 2.120 2.069 2.065 2.112 2.144 2.173 2.202 2.205 2.285 2.315 2.292 2.367 2.407 2.410 2.423 2.377 2.369 2.362 2.435 2.442 2.537 2.547 2.578 2.562 2.610 2.492 2.615 2.521 2.677 2.610 2.632 2.703 3.121 4.209 1.480 0.875 0.762 1.752 1.751 1.723 1.959 2.246 2.561 2.714 2.737 2.730 2.815 2.851 2.835 2.933 2.927 2.858 2.846 2.783 2.862 2.921 2.910 2.843 2.803 2.807 2.704 2.716 2.736 2.802 2.806 2.739 2.801 2.774
1.929 2.111 2.110 2.093 2.104 2.065 2.015 2.051 2.059 2.116 2.008 2.055 2.088 2.046 2.102 2.133 2.125 2.133 2.077 2.108 2.151 2.183 2.134 2.183 2.182 2.190 2.201 2.220 2.262 2.314 2.365 2.333 2.286 2.365 2.327 2.360 2.401 2.564 2.665 2.726 2.920 2.692 2.338 1.101 0.846 0.836 1.907 1.814 1.749 1.849 2.086 2.390 2.616 2.649 2.594 2.622 2.640 2.597 2.609 2.633 2.584 2.606 2.589 2.563 2.489 2.535 2.616 2.549 2.503 2.457 2.452 2.453 2.422 2.465 2.452 2.468 2.419
1.963 1.975 1.975 1.985 1.932 1.974 1.975 1.990 1.995 2.070 2.084 2.106 2.083 2.105 2.098 2.077 2.090 2.096 2.069 2.060 2.069 2.085 2.037 2.057 2.063 2.103 2.094 2.154 2.173 2.213 2.204 2.209 2.169 2.203 2.237 2.313 2.357 2.446 2.514 2.672 2.864 3.726 3.799 1.139 0.823 2.088 2.197 2.036 1.764 2.057 2.105 2.268 2.448 2.371 2.356 2.335 2.372 2.377 2.416 2.469 2.502 2.477 2.415 2.393 2.410 2.437 2.402 2.379 2.326 2.348 2.304 2.327 2.301 2.283 2.309 2.330 2.318
2.072 2.089 2.000 1.998 1.973 2.006 2.009 2.079 2.071 2.093 2.130 2.182 2.167 2.197 2.184 2.189 2.139 2.141 2.107 2.120 2.108 2.140 2.068 2.074 2.037 2.054 2.072 2.167 2.177 2.223 2.179 2.149 2.138 2.186 2.197 2.270 2.314 2.330 2.366 2.443 2.647 2.937 4.703 1.964 1.120 1.843 2.481 2.394 2.235 2.242 2.269 2.376 2.438 2.434 2.403 2.342 2.364 2.545 2.472 2.479 2.431 2.432 2.419 2.459 2.472 2.470 2.461 2.426 2.355 2.309 2.298 2.296 2.242 2.219 2.260 2.331 2.325
2.243 2.244 2.148 2.134 2.101 2.154 2.209 2.286 2.249 2.237 2.235 2.250 2.235 2.245 2.274 2.309 2.323 2.311 2.302 2.279 2.236 2.259 2.203 2.170 2.129 2.155 2.135 2.183 2.217 2.262 2.240 2.246 2.255 2.268 2.287 2.349 2.364 2.377 2.302 2.335 2.359 2.458 2.570 1.998 1.860 2.291 2.747 2.610 2.432 2.426 2.418 2.485 2.508 2.560 2.552 2.536 2.527 2.541 2.581 2.605 2.531 2.510 2.535 2.539 2.520 2.517 2.480 2.416 2.396 2.400 2.358 2.313 2.286 2.276 2.317 2.319 2.355
2.235 2.295 2.247 2.217 2.171 2.220 2.248 2.302 2.245 2.207 2.165 2.166 2.139 2.137 2.161 2.225 2.249 2.265 2.257 2.238 2.184 2.159 2.106 2.067 2.033 2.047 2.037 2.058 2.072 2.144 2.149 2.163 2.162 2.186 2.192 2.241 2.251 2.267 2.241 2.222 2.149 2.198 2.176 2.214 2.202 2.328 2.398 2.429 2.361 2.420 2.381 2.398 2.367 2.397 2.353 2.354 2.292 2.253 2.234 2.229 2.179 2.219 2.265 2.258 2.202 2.184 2.139 2.134 2.108 2.128 2.096 2.066 2.020 2.058 2.085 2.102 2.103
1.838 1.923 1.945 1.938 1.914 1.930 1.912 1.894 1.839 1.827 1.794 1.799 1.769 1.750 1.720 1.761 1.806 1.818 1.830 1.799 1.764 1.731 1.710 1.701 1.695 1.715 1.722 1.717 1.738 1.789 1.796 1.804 1.787 1.792 1.789 1.830 1.858 1.935 1.982 1.998 2.031 2.077 2.100 2.139 2.135 2.198 2.198 2.192 2.142 2.157 2.107 2.027 1.875 1.843 1.778 1.713 1.639 1.622 1.584 1.576 1.584 1.637 1.638 1.635 1.605 1.602 1.582 1.611 1.606 1.621 1.652 1.649 1.602 1.607 1.636 1.654 1.660
1.388 1.422 1.429 1.415 1.395 1.390 1.380 1.342 1.323 1.321 1.299 1.322 1.307 1.289 1.273 1.270 1.283 1.299 1.335 1.344 1.338 1.337 1.334 1.360 1.388 1.412 1.418 1.412 1.438 1.458 1.444 1.440 1.424 1.410 1.416 1.451 1.494 1.566 1.641 1.703 1.767 1.820 1.866 1.901 1.886 1.937 1.990 2.109 2.185 2.204 1.810 1.546 1.355 1.273 1.172 1.139 1.100 1.085 1.071 1.096 1.114 1.149 1.145 1.150 1.122 1.117 1.097 1.092 1.081 1.101 1.153 1.172 1.144 1.141 1.116 1.136 1.148
0.998 0.985 1.000 0.997 0.994 0.972 0.973 0.990 0.988 0.977 0.972 0.968 0.990 0.992 1.007 1.011 1.021 1.025 1.041 1.033 1.054 1.054 1.087 1.121 1.165 1.209 1.243 1.246 1.279 1.304 1.313 1.312 1.322 1.311 1.335 1.355 1.384 1.447 1.501 1.520 1.558 1.610 1.663 1.681 1.660 1.879 2.125 2.139 1.950 1.682 1.400 1.248 1.083 1.008 0.930 0.901 0.868 0.868 0.862 0.884 0.872 0.897 0.896 0.902 0.878 0.849 0.834 0.814 0.792 0.785 0.810 0.815 0.816 0.811 0.808 0.839 0.853
0.902 0.902 0.907 0.916 0.894 0.883 0.893 0.911 0.925 0.923 0.922 0.911 0.917 0.924 0.940 0.948 0.954 0.951 0.959 0.972 1.009 1.008 1.020 1.035 1.057 1.091 1.121 1.137 1.168 1.187 1.214 1.220 1.249 1.259 1.287 1.317 1.338 1.380 1.397 1.412 1.439 1.490 1.579 1.683 1.752 1.950 1.980 1.818 1.642 1.462 1.296 1.166 1.017 0.941 0.854 0.823 0.791 0.787 0.758 0.755 0.741 0.751 0.729 0.727 0.707 0.700 0.678 0.669 0.654 0.636 0.603 0.592 0.577 0.585 0.588 0.595 0.613
0.690 0.674 0.700 0.708 0.733 0.739 0.757 0.775 0.807 0.821 0.825 0.824 0.830 0.816 0.824 0.820 0.821 0.808 0.791 0.779 0.733 0.724 0.729 0.730 0.788 0.806 0.862 0.887 0.932 0.962 0.977 1.004 1.043 1.029 1.003 1.032 1.033 1.059 1.088 1.107 1.156 1.324 1.497 1.654 1.449 1.511 1.526 1.549 1.416 1.225 1.169 1.079 0.951 0.889 0.784 0.727 0.668 0.652 0.599 0.584 0.553 0.552 0.519 0.504 0.473 0.501 0.535 0.574 0.583 0.534 0.451 0.394 0.299 0.309 0.299 0.309 0.308
0.539 0.537 0.546 0.568 0.613 0.644 0.687 0.713 0.761 0.783 0.807 0.813 0.800 0.801 0.819 0.802 0.816 0.807 0.774 0.782 0.772 0.771 0.746 0.719 0.768 0.770 0.848 0.848 0.883 0.917 1.025 1.100 1.138 1.126 1.098 1.087 0.971 0.945 0.942 0.956 1.000 1.046 1.078 1.142 1.104 1.167 1.206 1.217 1.131 1.016 1.004 0.942 0.848 0.809 0.722 0.669 0.595 0.560 0.501 0.483 0.445 0.451 0.418 0.422 0.390 0.445 0.418 0.421 0.373 0.437 0.386 0.372 0.282 0.333 0.319 0.376 0.348
0.381 0.398 0.429 0.468 0.540 0.600 0.667 0.710 0.771 0.835 0.909 0.977 1.057 1.132 1.130 1.173 1.052 1.058 0.948 0.859 0.729 0.703 0.657 0.641 0.711 0.748 0.832 0.828 0.820 0.819 0.812 0.826 0.824 0.855 0.845 0.845 0.792 0.778 0.787 0.792 0.806 0.809 0.801 0.797 0.752 0.723 0.716 0.687 0.755 0.752 0.753 0.718 0.662 0.624 0.572 0.544 0.477 0.464 0.419 0.421 0.386 0.390 0.343 0.336 0.264 0.274 0.207 0.213 0.176 0.193 0.143 0.136 0.104 0.102 0.085 0.094 0.083
0.289 0.322 0.372 0.416 0.492 0.545 0.630 0.680 0.718 0.810 0.874 0.887 0.880 0.883 0.861 0.827 0.755 0.694 0.617 0.586 0.526 0.505 0.440 0.427 0.424 0.425 0.443 0.444 0.444 0.448 0.447 0.447 0.428 0.441 0.422 0.426 0.427 0.410 0.419 0.391 0.402 0.393 0.392 0.382 0.395 0.382 0.401 0.391 0.419 0.427 0.439 0.461 0.442 0.418 0.403 0.389 0.370 0.394 0.386 0.386 0.334 0.319 0.258 0.239 0.160 0.153 0.111 0.105 0.079 0.074 0.057 0.057 0.048 0.049 0.043 0.044 0.040
