data-raw/precipfiles/19_grid_data_19000BP.asc
ncols 144
nrows 72
xllcorner -180
yllcorner -90
cellsize 2.5
nodata_value -9999
[rows 0 to 33 of 72, columns 0 to 76 of 144]
0.248 0.256 0.261 0.255 0.239 0.254 0.255 0.259 0.275 0.283 0.266 0.276 0.280 0.288 0.281 0.277 0.290 0.293 0.293 0.290 0.280 0.296 0.297 0.315 0.309 0.306 0.319 0.312 0.319 0.326 0.329 0.324 0.321 0.324 0.336 0.348 0.337 0.347 0.357 0.371 0.389 0.423 0.406 0.411 0.432 0.422 0.426 0.418 0.393 0.400 0.397 0.396 0.401 0.403 0.399 0.386 0.379 0.391 0.381 0.368 0.365 0.370 0.366 0.389 0.384 0.388 0.390 0.368 0.365 0.345 0.352 0.318 0.286 0.262 0.207 0.215 0.218
0.240 0.235 0.237 0.232 0.230 0.225 0.231 0.233 0.233 0.235 0.232 0.233 0.233 0.237 0.239 0.242 0.244 0.248 0.250 0.251 0.251 0.257 0.258 0.266 0.265 0.266 0.259 0.270 0.261 0.269 0.271 0.270 0.265 0.263 0.254 0.261 0.257 0.257 0.264 0.283 0.263 0.268 0.266 0.264 0.273 0.274 0.272 0.273 0.287 0.269 0.273 0.271 0.268 0.272 0.268 0.274 0.267 0.290 0.288 0.278 0.280 0.278 0.284 0.282 0.278 0.283 0.279 0.279 0.275 0.277 0.277 0.268 0.258 0.266 0.266 0.270 0.269
0.198 0.200 0.200 0.193 0.194 0.196 0.195 0.193 0.191 0.192 0.196 0.193 0.198 0.200 0.200 0.205 0.208 0.212 0.216 0.219 0.224 0.223 0.225 0.231 0.227 0.232 0.231 0.234 0.238 0.237 0.235 0.229 0.223 0.222 0.215 0.218 0.222 0.228 0.239 0.245 0.247 0.247 0.253 0.257 0.261 0.269 0.266 0.262 0.234 0.230 0.217 0.224 0.221 0.226 0.244 0.237 0.256 0.273 0.310 0.331 0.335 0.322 0.320 0.290 0.296 0.284 0.302 0.293 0.288 0.282 0.272 0.269 0.275 0.273 0.276 0.284 0.293
0.213 0.211 0.211 0.206 0.205 0.207 0.204 0.201 0.201 0.196 0.199 0.195 0.190 0.193 0.190 0.187 0.191 0.193 0.190 0.194 0.194 0.197 0.194 0.200 0.196 0.206 0.200 0.202 0.204 0.208 0.204 0.208 0.198 0.210 0.222 0.174 0.166 0.161 0.156 0.160 0.147 0.149 0.223 0.201 0.139 0.142 0.149 0.166 0.154 0.147 0.140 0.151 0.150 0.141 0.144 0.134 0.152 0.174 0.214 0.229 0.241 0.252 0.283 0.243 0.313 0.424 0.345 0.303 0.299 0.299 0.298 0.348 0.440 0.537 0.695 0.699 0.668
0.241 0.238 0.240 0.236 0.229 0.228 0.219 0.214 0.206 0.203 0.195 0.189 0.181 0.184 0.178 0.173 0.174 0.174 0.173 0.173 0.171 0.172 0.172 0.167 0.169 0.166 0.169 0.185 0.173 0.175 0.174 0.177 0.172 0.187 0.131 0.133 0.126 0.116 0.125 0.133 0.130 0.132 0.132 0.128 0.126 0.124 0.110 0.107 0.095 0.108 0.092 0.121 0.105 0.104 0.089 0.083 0.089 0.087 0.102 0.102 0.119 0.133 0.169 0.214 0.243 0.190 0.237 0.283 0.334 0.396 0.456 0.578 0.680 0.883 1.045 1.140 1.486
0.285 0.283 0.280 0.277 0.268 0.263 0.253 0.245 0.238 0.224 0.210 0.199 0.188 0.184 0.176 0.171 0.166 0.168 0.169 0.175 0.182 0.189 0.199 0.210 0.181 0.226 0.234 0.219 0.209 0.144 0.172 0.178 0.116 0.124 0.133 0.137 0.136 0.142 0.146 0.144 0.156 0.218 0.225 0.210 0.152 0.142 0.139 0.133 0.128 0.124 0.151 0.144 0.140 0.126 0.103 0.096 0.081 0.073 0.065 0.065 0.083 0.091 0.121 0.164 0.259 0.251 0.335 0.372 0.507 0.672 0.929 1.042 1.058 1.055 1.003 1.024 1.017
0.387 0.398 0.404 0.402 0.381 0.364 0.332 0.299 0.280 0.262 0.235 0.212 0.203 0.192 0.185 0.182 0.180 0.189 0.199 0.212 0.228 0.244 0.323 0.229 0.252 0.278 0.293 0.275 0.233 0.219 0.303 0.300 0.198 0.204 0.196 0.199 0.189 0.175 0.167 0.152 0.161 0.216 0.234 0.240 0.237 0.253 0.276 0.323 0.351 0.232 0.183 0.244 0.206 0.196 0.149 0.146 0.108 0.104 0.098 0.106 0.191 0.134 0.196 0.231 0.353 0.369 0.523 0.620 0.822 0.946 1.060 1.078 1.058 0.973 0.893 0.896 0.866
0.649 0.489 0.690 0.710 0.712 0.666 0.556 0.495 0.338 0.295 0.273 0.250 0.226 0.318 0.325 0.338 0.339 0.355 0.347 0.291 0.330 0.316 0.381 0.490 0.523 0.613 0.540 0.473 0.409 0.347 0.298 0.379 0.383 0.280 0.263 0.231 0.247 0.243 0.214 0.182 0.154 0.158 0.168 0.190 0.253 0.293 0.384 0.478 0.575 0.557 0.384 0.315 0.331 0.344 0.307 0.292 0.227 0.220 0.246 0.260 0.386 0.411 0.565 0.503 0.779 0.806 0.947 1.117 1.258 1.323 1.289 1.256 1.155 1.048 0.978 0.991 0.978
1.864 1.331 1.245 1.367 1.448 1.203 1.059 0.918 0.866 0.747 0.634 0.605 0.564 0.543 0.522 0.532 0.495 0.483 0.422 0.439 0.444 0.579 0.694 0.768 0.946 1.022 0.759 0.645 0.517 0.435 0.420 0.316 0.287 0.283 0.274 0.291 0.314 0.263 0.257 0.222 0.180 0.157 0.146 0.143 0.216 0.310 0.474 0.866 1.103 1.144 0.723 0.518 0.438 0.510 0.502 0.747 0.988 1.168 1.431 1.563 1.403 1.310 1.460 1.840 1.841 1.894 2.013 2.194 2.209 2.213 2.088 1.976 1.831 1.700 1.615 1.599 1.495
2.627 2.005 1.955 1.687 1.456 1.597 1.309 1.190 1.098 0.985 1.011 0.903 0.837 0.733 0.627 0.660 0.705 0.777 0.734 0.655 0.735 0.873 0.902 0.887 0.947 0.999 0.941 0.911 0.708 0.576 0.468 0.408 0.354 0.330 0.308 0.323 0.321 0.312 0.285 0.343 0.324 0.236 0.150 0.116 0.120 0.329 0.933 1.284 1.768 1.868 1.069 0.732 0.537 0.686 0.937 1.389 1.893 1.834 1.858 2.327 2.623 2.796 2.513 1.708 1.412 1.835 3.118 3.253 3.102 2.958 2.782 2.673 2.604 2.606 2.334 2.100 3.802
1.843 2.198 2.210 1.504 1.422 1.274 1.360 1.158 1.097 1.079 1.216 1.422 1.193 1.386 1.149 0.871 0.883 0.912 1.042 0.909 1.029 0.970 0.963 0.973 0.890 0.874 0.840 0.767 0.668 0.596 0.544 0.474 0.394 0.356 0.326 0.302 0.281 0.440 0.352 0.424 0.407 0.284 0.194 0.172 0.166 0.448 1.016 1.404 1.983 2.351 1.870 1.548 1.269 1.396 2.043 2.835 2.664 3.114 3.281 3.420 3.417 3.763 4.029 3.866 4.738 5.108 4.683 4.090 3.846 3.628 3.400 3.323 3.355 3.394 5.291 4.049 3.295
2.253 2.252 1.984 1.752 1.644 1.469 1.293 1.200 1.107 1.466 1.970 2.269 3.972 3.969 3.794 3.909 2.015 0.944 0.833 1.123 1.250 1.099 0.751 0.900 0.794 0.731 0.644 0.601 0.565 0.530 0.485 0.464 0.411 0.362 0.349 0.365 0.423 0.464 0.427 0.405 0.386 0.302 0.277 0.253 0.208 0.456 1.260 1.496 1.850 1.992 1.936 1.565 1.688 1.719 2.875 2.763 3.619 4.024 4.398 4.278 4.186 4.013 4.025 4.009 4.012 4.046 4.029 3.961 3.721 6.665 3.173 3.213 3.321 6.177 5.762 2.234 2.215
2.408 2.454 2.325 2.131 2.082 1.916 1.742 1.737 1.837 2.029 3.888 3.430 5.456 6.710 4.931 9.580 8.110 4.307 3.015 1.163 1.009 0.912 0.797 0.744 0.764 0.687 0.604 0.507 0.477 0.446 0.459 0.395 0.383 0.380 0.389 0.431 0.441 0.468 0.456 0.454 0.389 0.297 0.278 0.289 0.337 0.520 1.103 1.558 1.888 2.273 2.652 2.854 2.933 2.836 3.459 3.296 3.463 3.559 3.677 3.474 3.420 3.240 3.376 3.562 3.756 3.730 3.545 3.238 2.934 4.369 3.087 2.401 2.908 3.183 6.516 4.009 3.266
2.542 2.548 2.574 2.530 2.586 2.727 3.028 2.753 2.079 2.292 4.221 3.833 3.389 3.595 3.780 3.894 3.584 6.626 6.311 3.874 1.869 0.904 0.800 0.700 0.680 0.700 0.667 0.586 0.492 0.445 0.409 0.344 0.326 0.337 0.336 0.369 0.446 0.454 0.399 0.419 0.441 0.358 0.338 0.363 0.439 0.590 0.959 1.837 2.216 2.425 3.176 3.457 3.841 3.376 3.243 3.193 3.104 3.118 2.921 2.782 2.657 2.661 2.834 3.104 3.374 3.438 3.251 2.981 3.779 4.732 3.197 2.296 2.632 3.049 2.861 3.749 2.821
2.566 2.577 2.646 2.721 3.165 3.750 3.030 3.025 2.939 2.957 3.079 3.209 3.335 3.414 3.572 3.657 3.711 3.707 4.904 5.856 4.595 1.277 0.731 1.002 0.878 1.048 0.916 0.750 0.682 0.605 0.513 0.407 0.310 0.274 0.327 0.345 0.362 0.328 0.324 0.466 0.400 0.345 0.389 0.429 0.531 0.759 1.049 1.635 2.309 2.711 3.000 3.528 3.963 3.356 2.976 2.649 2.525 2.490 2.357 2.332 2.263 2.375 2.619 2.904 3.202 3.384 3.195 3.277 3.445 2.659 3.351 2.788 2.293 3.074 3.307 3.489 2.547
2.572 3.364 2.834 2.723 2.765 2.855 2.875 2.959 2.964 3.049 3.080 3.037 3.036 3.066 3.306 3.503 3.779 4.086 4.089 7.242 7.586 3.752 1.437 0.861 1.330 1.033 0.771 0.566 0.509 0.546 0.617 0.699 0.558 0.470 0.495 0.527 0.482 0.417 0.393 0.385 0.399 0.418 0.463 0.587 0.758 1.052 1.230 1.714 2.516 2.612 2.693 3.067 3.428 3.257 3.050 2.856 2.789 2.684 2.655 2.552 2.429 2.458 2.594 2.848 3.075 3.295 3.293 6.863 4.737 3.308 3.738 2.472 2.405 2.905 3.156 3.520 2.673
2.735 2.826 2.837 2.893 2.900 2.903 2.985 3.095 3.167 3.328 3.344 3.286 3.244 3.262 3.276 3.353 3.734 4.091 4.289 4.390 4.110 7.926 4.383 2.622 1.002 1.179 0.988 0.588 0.541 0.460 0.472 0.603 0.739 0.855 0.993 1.064 0.933 0.758 0.678 0.731 0.803 0.863 0.859 1.016 1.121 1.542 1.769 2.193 2.896 2.890 3.105 2.724 2.934 2.983 2.998 3.321 3.301 3.192 3.000 3.008 2.904 2.827 2.825 2.986 3.149 3.249 3.335 3.466 3.242 3.211 3.457 2.897 2.536 2.644 3.355 3.302 3.331
3.128 3.190 3.182 3.185 3.160 3.170 3.264 3.289 3.431 3.752 3.824 3.868 3.808 3.805 3.778 3.771 3.739 3.886 4.141 4.522 4.300 3.787 5.540 2.991 1.207 1.848 1.097 0.988 0.810 0.621 0.600 0.591 0.740 1.085 1.525 1.805 1.611 1.270 1.288 1.297 1.495 1.491 1.622 1.858 1.840 2.120 2.776 3.527 3.094 3.942 3.615 2.929 2.898 3.041 3.270 3.525 3.470 3.315 3.225 3.194 3.117 3.053 2.963 2.929 2.930 3.042 3.252 3.437 3.426 3.208 2.578 2.953 3.015 2.827 3.790 4.055 3.345
3.654 3.650 3.870 3.841 3.930 3.742 3.759 3.854 3.869 4.093 4.328 4.179 4.045 4.119 4.029 4.003 3.870 3.538 3.656 3.736 3.694 3.931 6.310 3.164 1.792 1.681 1.006 1.315 0.800 0.993 1.026 0.912 0.996 1.343 1.848 2.296 2.282 2.038 1.930 2.158 2.303 2.597 2.809 2.965 3.546 3.553 3.809 3.944 4.104 3.958 3.710 3.570 3.449 3.901 4.227 3.756 3.392 3.303 3.282 3.353 3.134 3.011 2.762 2.909 3.008 3.333 3.624 3.700 6.751 4.832 4.029 4.300 3.054 3.326 2.926 2.921 2.767
4.341 4.498 4.729 4.644 4.636 4.445 4.470 4.443 4.518 4.572 4.377 4.257 4.278 4.309 4.185 4.180 3.930 3.947 3.716 3.648 3.861 4.093 7.042 3.811 1.862 1.834 1.374 1.501 0.995 1.475 1.434 1.476 1.569 1.762 2.224 2.496 2.739 2.730 2.803 3.243 3.828 3.990 4.084 3.966 3.982 4.758 5.291 6.015 5.961 6.002 5.334 4.905 4.530 4.498 4.147 3.745 3.625 3.507 3.411 3.126 2.832 2.670 2.733 2.882 2.972 3.469 3.864 4.039 7.580 3.807 2.563 1.942 2.168 2.787 2.465 2.863 2.885
5.370 5.180 4.962 4.814 4.906 4.853 4.716 4.666 4.577 4.366 4.185 4.100 4.239 4.123 4.101 4.025 3.775 3.467 3.416 3.495 3.597 3.234 7.877 6.049 2.559 2.995 -9999 1.443 1.535 1.932 1.682 1.874 2.039 2.480 2.947 3.029 3.286 3.619 3.758 4.166 4.323 4.823 4.733 5.868 5.919 5.982 6.486 6.590 6.152 5.409 4.875 4.324 4.275 4.010 3.780 3.646 3.461 3.165 2.883 2.626 2.444 2.406 2.431 2.572 2.847 3.163 3.668 4.460 5.238 4.192 3.397 2.274 2.713 2.372 1.540 2.404 1.662
5.466 5.309 4.999 4.753 4.752 4.609 4.415 4.370 4.227 4.081 4.094 4.135 4.007 3.781 3.490 3.328 3.167 3.052 2.993 2.971 3.037 2.750 2.184 3.876 3.495 -9999 6.850 1.789 1.248 1.692 1.573 1.923 2.846 3.534 4.041 4.211 4.580 4.835 4.900 4.542 4.261 4.115 5.173 6.369 5.771 5.030 4.843 4.821 4.574 4.147 3.881 3.648 3.569 3.339 3.218 3.066 3.027 2.956 2.572 2.338 2.282 2.405 2.554 2.570 2.863 3.114 3.532 3.728 6.480 4.767 3.592 1.995 2.173 2.208 2.314 1.944 1.305
4.787 4.691 4.512 4.230 4.144 4.012 3.841 3.769 3.614 3.637 3.648 3.622 3.680 3.334 2.994 2.664 2.489 2.356 2.207 2.129 2.112 2.183 1.944 4.549 4.305 2.279 2.624 2.703 1.806 1.329 1.426 1.904 2.661 3.884 5.028 5.184 5.309 5.097 4.738 4.274 4.285 4.697 5.843 5.653 4.959 4.427 4.256 4.173 3.924 3.690 3.452 3.010 3.137 2.956 2.740 2.577 2.433 2.426 2.218 2.150 2.061 2.334 2.280 2.318 2.602 2.895 3.316 3.232 3.854 4.421 2.843 1.458 1.079 1.016 0.767 0.809 0.849
3.730 3.629 3.601 3.404 3.289 3.049 2.908 2.877 2.814 2.867 2.796 2.766 2.705 2.575 2.331 2.016 1.786 1.568 1.387 1.222 1.097 1.098 1.097 1.152 0.802 1.524 0.728 3.442 2.690 2.337 1.150 1.650 2.447 3.668 5.607 5.387 5.094 4.742 4.278 4.059 4.155 5.050 4.792 4.882 4.762 4.631 4.391 4.394 4.371 4.119 3.729 3.310 2.924 2.624 2.407 2.265 2.213 2.184 2.004 1.953 1.952 2.060 1.838 1.718 1.533 1.638 1.884 1.860 2.901 2.740 -9999 1.021 0.546 0.297 0.206 0.255 0.445
2.454 2.398 2.472 2.314 2.206 2.108 2.091 1.971 2.046 2.168 2.159 2.230 2.161 1.921 1.679 1.463 1.328 1.148 0.960 0.762 0.662 0.584 0.577 0.532 0.424 0.546 0.459 1.202 4.460 3.671 1.013 1.228 2.413 4.003 5.169 4.476 3.695 3.131 3.961 3.888 3.257 3.955 4.090 4.489 4.926 4.958 4.741 4.656 4.499 4.043 3.297 2.644 2.455 2.225 2.139 2.007 1.811 1.708 1.512 1.344 1.204 1.095 0.980 0.934 1.396 1.647 0.848 1.265 1.006 0.854 2.336 0.447 0.152 0.204 0.225 0.453 0.205
1.850 1.814 1.912 1.896 1.892 1.771 1.680 1.631 1.768 1.763 1.735 1.712 1.731 1.423 1.267 1.097 0.992 0.851 0.722 0.597 0.538 0.468 0.420 0.342 0.309 0.256 0.246 0.440 1.930 5.898 1.339 1.040 2.007 2.920 3.122 2.666 2.330 2.217 2.727 3.785 3.265 3.094 3.218 4.046 4.879 5.410 5.117 4.552 4.063 3.265 2.681 2.313 1.991 1.937 1.792 1.652 1.488 1.399 1.115 0.910 0.705 0.571 0.478 0.381 0.440 0.432 0.576 -9999 -9999 -9999 -9999 -9999 0.689 2.325 4.745 -9999 -9999
1.622 1.548 1.628 1.666 1.744 1.683 1.637 1.576 1.584 1.504 1.400 1.305 1.197 0.984 0.936 0.849 0.755 0.638 0.575 0.557 0.573 0.529 0.477 0.368 0.393 0.385 0.359 0.681 1.387 4.268 2.949 1.377 2.683 2.877 2.713 2.180 1.680 1.877 3.092 3.827 3.214 2.028 2.358 3.269 4.258 4.939 5.154 4.359 3.451 2.510 2.010 1.638 1.435 1.323 1.191 1.083 0.967 0.858 0.730 0.608 0.493 0.422 0.361 0.349 0.438 0.277 0.352 -9999 -9999 -9999 -9999 -9999 0.110 -9999 -9999 -9999 -9999
1.653 1.622 1.659 1.697 1.796 1.878 1.889 1.722 1.508 1.263 1.261 1.053 0.895 0.850 0.769 0.726 0.699 0.622 0.584 0.574 0.561 0.560 0.515 0.456 0.485 0.571 0.708 0.813 1.146 4.528 4.399 2.995 5.725 5.933 2.584 2.850 3.215 3.309 3.630 3.488 4.000 4.399 3.884 3.136 4.333 4.989 5.214 4.271 3.360 2.302 1.726 1.376 1.295 1.102 0.960 0.845 0.728 0.640 0.536 0.415 0.347 0.299 0.312 0.361 0.571 0.162 0.114 -9999 -9999 -9999 -9999 -9999 -9999 -9999 -9999 -9999 -9999
1.379 1.454 1.440 1.423 1.449 1.551 1.697 1.633 1.678 5.563 1.079 0.955 0.856 0.833 0.688 0.665 0.612 0.560 0.568 0.559 0.555 0.625 0.708 0.749 0.896 1.105 1.538 1.884 1.920 2.595 2.867 3.556 3.741 10.106 9.096 6.036 5.475 3.668 2.963 2.982 6.038 6.521 5.469 8.031 11.570 12.915 5.159 3.977 3.333 2.317 1.612 1.269 1.180 1.060 0.942 0.785 0.644 0.565 0.472 0.385 0.332 0.298 0.308 0.397 0.710 0.270 0.139 0.171 0.137 -9999 -9999 -9999 -9999 -9999 -9999 -9999 -9999
1.054 1.092 1.027 0.998 0.955 0.972 0.959 0.913 0.844 0.735 0.693 0.633 0.550 0.609 0.605 0.652 0.662 0.663 0.713 0.780 0.863 1.069 1.218 1.501 1.971 2.447 2.919 3.454 3.536 3.201 3.168 2.658 4.594 4.267 6.676 13.757 13.863 10.325 14.828 6.073 5.753 5.092 4.558 3.845 4.559 4.285 3.771 8.810 3.370 2.904 2.390 1.821 1.463 1.398 1.291 1.058 0.882 0.814 0.719 0.659 0.604 0.523 0.552 0.701 1.025 0.639 -9999 -9999 -9999 -9999 -9999 -9999 -9999 -9999 -9999 -9999 -9999
1.009 0.974 0.928 0.893 0.897 0.966 0.974 0.926 0.890 0.836 0.727 0.718 0.697 0.733 0.815 0.893 1.065 1.234 1.428 1.668 2.082 2.600 3.395 4.261 5.206 5.766 6.307 6.912 7.113 6.369 5.642 5.272 5.046 4.766 6.698 12.198 13.766 12.793 21.568 12.316 7.891 5.314 3.691 2.655 2.790 3.253 3.877 4.818 5.115 5.815 4.915 3.952 3.609 3.267 2.979 2.708 2.140 1.970 1.888 2.009 1.853 1.596 1.566 1.851 2.167 2.346 -9999 -9999 -9999 -9999 -9999 -9999 -9999 -9999 -9999 -9999 -9999
1.953 1.912 1.759 1.801 1.903 2.044 2.122 2.152 2.197 2.215 2.244 2.323 2.320 2.404 2.547 2.638 3.056 3.371 3.592 4.010 4.457 4.944 5.959 7.211 8.804 9.919 11.132 11.843 12.280 11.475 9.999 8.674 6.983 6.162 6.240 5.275 6.310 10.335 20.729 11.632 10.195 11.650 12.739 5.694 6.683 8.901 9.482 8.767 3.592 3.668 3.406 3.167 2.932 3.053 2.854 2.695 2.521 2.733 2.889 2.935 2.991 2.833 3.237 3.451 3.844 4.994 5.797 4.342 -9999 -9999 -9999 -9999 -9999 -9999 -9999 -9999 -9999
4.111 3.985 3.873 3.899 3.989 4.376 4.598 4.681 4.787 4.840 4.883 5.004 5.354 5.447 5.618 5.930 6.587 6.855 7.055 6.961 7.140 7.359 7.787 8.606 9.778 11.458 13.344 14.887 16.019 15.493 14.476 12.887 11.865 10.944 9.686 8.027 7.776 10.080 20.634 14.340 22.865 17.969 13.955 9.805 7.232 5.749 5.905 7.245 7.552 2.799 3.381 3.929 4.129 4.817 4.908 4.818 4.686 4.770 5.111 5.408 5.454 5.351 5.438 5.417 5.271 5.708 8.553 7.429 5.159 3.352 2.876 3.027 3.008 2.896 3.229 3.227 3.289
6.220 6.058 5.992 5.999 5.963 6.417 6.537 6.767 6.519 6.603 6.527 6.310 6.279 6.149 5.986 5.852 5.867 5.747 5.738 5.826 5.865 6.147 6.574 7.279 8.249 8.996 9.288 10.428 11.118 11.394 11.245 11.408 12.247 13.508 14.917 17.350 21.242 21.539 15.994 10.411 26.754 75.891 13.223 18.422 7.948 7.380 7.335 6.347 7.763 6.906 6.719 4.285 3.954 5.409 6.425 6.819 6.608 6.747 6.690 6.881 6.914 6.715 5.866 5.278 5.095 5.010 5.991 6.838 6.051 3.977 3.601 3.559 2.956 3.710 5.197 5.728 4.832
