data-raw/precipfiles/20_grid_data_20000BP.asc
ncols 144
nrows 72
xllcorner -180
yllcorner -90
cellsize 2.5
nodata_value -9999
[rows 34 to 67 of 72, columns 0 to 76 of 144]
5.046 4.781 4.576 4.336 4.138 4.144 4.263 4.116 3.836 3.749 3.410 3.278 3.056 2.906 2.794 2.767 2.545 2.456 2.485 2.716 2.970 3.497 3.774 4.033 4.403 4.587 4.696 4.921 5.346 5.905 6.195 7.806 9.742 11.381 13.232 15.691 15.229 10.467 4.919 4.761 14.683 7.829 6.583 8.293 11.373 10.109 8.196 5.393 5.543 6.638 9.104 9.544 3.402 4.249 4.636 5.316 5.999 6.469 6.470 6.034 5.766 5.529 5.129 4.825 4.222 3.761 3.512 3.460 3.865 4.315 3.202 3.516 2.684 3.246 5.111 6.805 5.032
3.313 3.194 2.905 2.475 2.496 2.709 2.531 2.134 1.938 1.926 1.741 1.575 1.385 1.435 1.501 1.619 1.631 1.642 1.822 2.063 2.319 2.370 2.412 2.542 2.804 2.826 2.826 2.964 3.180 3.412 3.559 3.861 4.141 3.978 3.425 3.074 2.930 2.525 1.652 2.019 6.633 6.645 6.771 7.413 7.740 9.312 6.989 5.791 5.937 5.158 5.133 6.483 6.366 2.920 3.219 4.180 5.211 5.204 4.629 3.828 3.308 3.039 2.724 2.639 2.234 1.926 1.650 1.536 1.503 1.675 1.916 2.108 2.274 2.295 2.386 5.304 4.326
3.288 3.334 2.956 2.572 2.475 2.645 2.545 2.187 2.061 1.959 1.854 1.793 1.644 1.666 1.851 1.873 1.822 1.858 2.001 2.234 2.255 2.238 2.196 2.260 2.285 2.153 1.955 1.987 2.043 2.059 2.096 1.923 1.879 1.693 1.399 1.157 1.101 1.005 0.984 2.303 5.183 7.352 7.625 8.703 6.007 5.966 12.974 6.892 5.781 5.747 3.295 4.031 5.117 5.492 4.986 2.802 3.532 3.726 3.243 2.635 2.159 1.880 1.607 1.255 0.938 0.786 0.689 0.645 0.696 0.785 0.964 1.156 1.371 1.484 1.753 3.139 3.777
4.516 4.051 3.590 3.178 2.955 2.750 2.644 2.419 2.293 2.090 1.999 1.888 1.785 1.707 1.754 1.758 1.759 1.756 1.665 1.673 1.713 1.688 1.739 1.588 1.528 1.467 1.384 1.424 1.423 1.351 1.319 1.242 1.055 0.897 0.810 0.802 0.898 0.781 0.632 1.398 4.002 6.099 7.830 10.769 5.183 5.086 6.831 5.937 5.083 5.359 4.456 3.901 4.036 3.774 4.276 3.154 2.751 2.720 2.573 2.415 1.975 1.697 1.264 0.944 0.673 0.544 0.480 0.408 0.384 0.386 0.418 0.508 0.683 0.899 1.170 2.027 2.825
6.418 6.015 5.483 5.098 4.597 4.144 3.751 3.465 3.044 2.628 2.381 2.086 1.902 1.743 1.610 1.438 1.358 1.255 1.165 1.101 1.056 1.088 1.183 1.091 1.079 0.988 0.914 0.844 0.858 0.752 0.705 0.675 0.585 0.550 0.476 0.426 0.436 0.467 0.392 0.484 2.185 4.502 7.240 73.252 16.295 4.921 5.314 5.390 5.238 5.792 9.984 -9999 -9999 -9999 3.370 2.737 2.806 2.395 3.630 1.689 1.251 1.025 0.741 0.514 0.352 0.264 0.221 0.172 0.135 0.118 0.138 0.145 0.201 0.321 0.511 0.791 1.694
7.277 7.136 6.874 6.711 6.057 5.686 5.167 4.706 4.099 3.609 3.154 2.759 2.548 2.190 1.804 1.474 1.230 1.081 0.914 0.748 0.653 0.596 0.579 0.496 0.443 0.361 0.301 0.260 0.243 0.228 0.211 0.189 0.159 0.157 0.150 0.139 0.167 0.212 0.241 0.124 1.274 5.897 5.653 8.900 15.147 11.652 5.381 5.661 5.423 6.856 -9999 -9999 34.516 23.500 3.495 2.341 2.536 3.435 4.838 1.273 0.829 0.556 0.419 0.317 0.232 0.166 0.133 0.106 0.096 0.089 0.090 0.089 0.082 0.092 0.142 0.240 0.502
6.627 6.578 6.497 6.575 6.209 6.179 6.015 5.607 4.934 4.325 3.890 3.466 3.089 2.727 2.310 1.945 1.626 1.406 1.110 0.879 0.740 0.585 0.509 0.426 0.336 0.275 0.196 0.167 0.150 0.141 0.123 0.112 0.091 0.077 0.078 0.090 0.097 0.115 0.132 0.087 0.443 2.327 5.102 6.761 8.958 15.555 105.556 16.294 29.066 50.550 -9999 -9999 59.343 6.900 4.250 3.189 3.370 4.766 1.684 1.054 0.694 0.491 0.386 0.306 0.228 0.179 0.139 0.114 0.105 0.096 0.097 0.095 0.093 0.082 0.075 0.101 0.253
5.129 5.250 5.329 5.343 5.254 5.558 5.785 5.736 5.353 4.942 4.536 4.312 3.763 3.284 2.875 2.667 2.565 2.235 1.922 1.622 1.419 1.172 0.917 0.818 0.722 0.525 0.367 0.279 0.221 0.216 0.216 0.204 0.168 0.138 0.133 0.137 0.142 0.141 0.115 0.090 0.106 0.544 2.076 5.577 6.690 8.601 10.132 9.628 7.817 6.998 7.471 8.257 7.771 7.761 5.309 4.808 6.081 2.452 1.964 1.230 0.785 0.552 0.408 0.317 0.243 0.203 0.160 0.145 0.134 0.130 0.125 0.118 0.115 0.102 0.088 0.094 0.254
3.524 3.767 4.058 4.192 4.376 4.624 4.767 4.793 4.948 5.060 4.978 4.684 4.216 3.825 3.495 3.313 3.248 2.942 2.565 2.228 1.849 1.592 1.147 0.934 0.839 0.656 0.460 0.361 0.295 0.268 0.247 0.221 0.190 0.163 0.153 0.153 0.154 0.160 0.167 0.115 0.094 0.070 0.421 0.999 2.352 6.954 9.418 6.829 6.219 5.536 6.767 6.516 6.844 6.515 6.024 5.871 5.889 2.812 2.342 1.716 1.023 0.738 0.520 0.389 0.298 0.254 0.222 0.195 0.176 0.164 0.157 0.160 0.163 0.151 0.124 0.083 0.162
3.198 3.400 3.651 3.875 4.073 4.060 4.170 4.272 4.390 4.694 4.853 4.723 4.347 4.094 3.853 3.849 3.748 3.274 2.977 2.666 2.328 1.924 1.511 1.275 1.164 1.060 0.709 0.540 0.429 0.387 0.340 0.288 0.260 0.229 0.205 0.195 0.205 0.208 0.192 0.150 0.088 0.089 0.097 0.070 0.657 1.627 3.371 4.823 5.263 5.216 5.998 6.075 5.949 6.139 6.258 6.150 5.395 3.296 2.873 2.108 1.551 1.087 0.713 0.518 0.389 0.343 0.303 0.259 0.213 0.194 0.180 0.183 0.193 0.192 0.146 0.087 0.184
3.497 3.700 3.770 3.870 4.019 4.062 3.932 4.041 4.209 4.375 4.516 4.585 4.689 4.648 4.702 4.713 4.450 3.875 3.461 3.126 2.853 2.462 2.019 1.771 1.579 1.553 1.229 0.917 0.722 0.645 0.566 0.483 0.406 0.340 0.290 0.258 0.234 0.230 0.203 0.177 0.110 0.077 0.066 0.033 0.234 1.159 3.060 2.973 4.808 6.020 6.093 4.992 5.271 6.277 6.311 6.041 3.943 3.949 3.928 3.183 2.496 1.930 1.290 0.902 0.622 0.511 0.429 0.359 0.283 0.229 0.202 0.198 0.194 0.188 0.152 0.102 0.089
3.705 3.990 4.090 4.115 4.323 4.461 4.397 4.427 4.416 4.477 4.454 4.603 4.843 5.089 5.086 5.073 4.884 4.464 4.033 3.723 3.465 3.180 2.846 2.544 2.341 2.254 1.958 1.669 1.414 1.253 1.069 0.886 0.729 0.602 0.446 0.372 0.327 0.280 0.230 0.188 0.151 0.102 0.088 0.032 0.263 1.826 2.484 2.767 4.475 7.345 6.974 5.662 5.087 6.311 6.971 5.109 4.292 5.069 4.736 4.278 3.647 3.018 2.199 1.687 1.226 0.923 0.726 0.589 0.470 0.372 0.295 0.244 0.207 0.179 0.156 0.111 0.080
3.671 3.909 4.118 4.293 4.497 4.734 4.663 4.727 4.653 4.568 4.514 4.702 4.814 5.075 5.199 5.292 5.069 4.863 4.602 4.451 4.148 3.770 3.488 3.175 3.087 2.965 2.718 2.345 2.124 2.026 1.781 1.493 1.277 1.042 0.784 0.616 0.500 0.412 0.300 0.244 0.193 0.166 0.137 0.085 0.345 1.944 2.171 3.128 4.772 6.689 8.089 6.647 5.737 4.258 4.274 4.521 4.842 5.433 5.287 4.935 4.527 3.862 3.159 2.531 2.057 1.625 1.402 1.085 0.823 0.676 0.519 0.403 0.323 0.250 0.220 0.187 0.142
3.271 3.370 3.613 4.031 4.359 4.498 4.506 4.510 4.436 4.394 4.391 4.532 4.701 4.897 4.941 5.153 4.981 4.867 4.830 5.003 4.635 4.206 3.876 3.632 3.515 3.461 3.335 3.071 2.771 2.600 2.367 2.112 1.908 1.652 1.296 1.016 0.796 0.650 0.489 0.391 0.320 0.282 0.233 0.273 0.516 1.054 1.933 3.073 4.642 6.363 7.322 6.036 5.308 4.135 4.302 4.445 4.740 5.211 5.270 5.083 4.923 4.812 4.151 3.541 3.043 2.516 2.014 1.671 1.343 1.105 0.894 0.696 0.559 0.432 0.362 0.333 0.331
2.816 2.762 2.966 3.343 3.604 3.847 4.053 4.066 4.026 4.027 3.921 4.154 4.203 4.460 4.479 4.580 4.520 4.566 4.677 4.867 4.728 4.415 4.212 4.080 3.967 3.730 3.574 3.456 3.281 3.072 2.824 2.607 2.376 2.115 1.826 1.549 1.252 1.052 0.849 0.690 0.550 0.500 0.393 0.932 0.630 1.448 2.287 3.142 4.176 5.197 5.753 5.241 4.546 4.313 4.233 4.263 4.734 5.244 5.254 5.046 4.903 4.811 4.483 3.957 3.613 3.036 2.603 2.463 2.035 1.922 1.553 1.295 1.074 0.854 0.778 0.665 0.660
2.733 2.688 2.719 2.854 3.171 3.476 3.596 3.674 3.760 3.708 3.785 3.899 3.936 4.004 3.977 4.140 4.192 4.335 4.423 4.435 4.482 4.405 4.223 4.117 4.000 3.825 3.744 3.572 3.444 3.234 2.977 2.934 2.779 2.564 2.311 2.053 1.768 1.544 1.313 1.049 0.854 0.729 0.729 2.260 1.451 1.957 2.502 3.001 4.115 4.740 5.174 4.467 4.396 4.294 4.233 4.277 4.625 5.159 5.147 5.109 4.961 4.853 4.685 4.345 4.125 3.626 3.138 2.749 2.587 2.352 2.282 2.076 1.858 1.594 1.401 1.245 1.154
2.479 2.438 2.409 2.500 2.746 3.025 3.200 3.230 3.177 3.207 3.366 3.461 3.438 3.538 3.629 3.633 3.848 3.972 4.008 3.993 4.005 3.990 3.886 3.891 3.835 3.746 3.744 3.713 3.549 3.357 3.126 3.030 2.843 2.741 2.582 2.366 2.087 1.883 1.672 1.448 1.231 1.065 4.146 3.424 1.670 1.893 2.470 3.045 3.543 3.661 4.513 4.303 4.213 4.178 4.192 4.365 4.564 4.965 4.956 4.871 4.804 4.673 4.680 4.508 4.360 4.124 3.701 3.326 3.176 2.911 2.952 2.800 2.674 2.343 2.230 2.064 1.995
2.500 2.401 2.264 2.273 2.563 2.866 2.997 3.062 3.127 3.024 3.070 3.062 3.002 3.080 3.130 3.313 3.553 3.679 3.682 3.631 3.736 3.643 3.560 3.639 3.745 3.723 3.682 3.581 3.510 3.380 3.326 3.316 3.071 2.976 2.817 2.665 2.443 2.250 2.046 1.859 1.667 1.421 4.831 3.619 1.436 1.297 1.628 2.688 3.078 3.973 4.103 4.007 4.112 4.182 4.291 4.556 4.609 4.821 4.746 4.628 4.501 4.442 4.517 4.588 4.556 4.264 3.978 3.902 3.620 3.516 3.473 3.437 3.278 2.997 2.890 2.759 2.786
2.314 2.327 2.361 2.197 2.297 2.503 2.617 2.715 2.627 2.621 2.561 2.563 2.676 2.752 2.744 2.737 2.769 3.000 3.110 3.190 3.269 3.341 3.416 3.463 3.326 3.363 3.218 3.394 3.319 3.312 3.199 3.269 3.138 3.089 2.858 2.893 2.682 2.533 2.335 2.292 2.089 2.486 5.536 4.014 1.183 0.930 1.110 1.711 2.279 2.569 3.095 3.557 3.510 3.366 3.347 3.649 3.622 3.743 3.923 3.998 3.942 4.047 3.791 3.766 3.710 3.798 3.718 3.591 3.431 3.333 3.336 3.338 3.297 3.199 2.966 2.952 2.808
2.228 2.059 2.238 2.218 2.184 2.169 2.257 2.302 2.263 2.254 2.230 2.267 2.273 2.402 2.336 2.277 2.335 2.461 2.498 2.574 2.609 2.642 2.775 2.807 2.706 2.768 2.710 2.771 2.710 2.882 2.785 2.863 2.771 2.774 2.767 2.699 2.664 2.625 2.410 2.446 2.396 2.827 6.326 4.543 0.892 0.816 1.315 1.899 1.901 2.185 2.502 2.722 2.783 2.834 2.872 2.984 2.879 3.071 3.174 3.378 3.367 3.459 3.319 3.281 3.247 3.270 3.320 3.229 3.129 3.087 2.951 3.047 3.110 3.110 2.838 2.963 2.812
2.029 2.153 2.092 2.097 2.071 2.079 2.028 2.088 2.050 2.074 2.022 2.013 2.057 2.087 2.117 2.148 2.155 2.238 2.267 2.243 2.320 2.365 2.376 2.397 2.359 2.358 2.347 2.417 2.425 2.523 2.538 2.575 2.561 2.608 2.490 2.607 2.509 2.671 2.616 2.652 2.724 3.142 4.235 1.491 0.864 0.739 1.697 1.702 1.678 1.910 2.194 2.516 2.671 2.702 2.693 2.784 2.821 2.815 2.928 2.928 2.855 2.838 2.776 2.854 2.912 2.899 2.833 2.799 2.812 2.716 2.731 2.753 2.824 2.822 2.754 2.824 2.796
1.880 2.057 2.062 2.048 2.062 2.020 1.965 1.997 2.002 2.062 1.958 2.005 2.036 1.992 2.046 2.078 2.073 2.083 2.032 2.059 2.106 2.143 2.104 2.160 2.169 2.185 2.197 2.215 2.255 2.310 2.364 2.339 2.302 2.372 2.328 2.359 2.394 2.558 2.675 2.763 2.959 2.726 2.350 1.102 0.839 0.816 1.861 1.767 1.703 1.801 2.053 2.361 2.583 2.606 2.558 2.600 2.635 2.599 2.629 2.655 2.607 2.639 2.623 2.591 2.516 2.557 2.628 2.559 2.515 2.477 2.475 2.476 2.445 2.489 2.477 2.496 2.451
1.956 1.964 1.963 1.964 1.911 1.947 1.943 1.952 1.952 2.024 2.044 2.071 2.046 2.064 2.059 2.038 2.053 2.060 2.033 2.026 2.038 2.058 2.019 2.044 2.054 2.098 2.089 2.149 2.170 2.209 2.199 2.209 2.172 2.206 2.236 2.310 2.350 2.443 2.537 2.711 2.908 3.795 3.844 1.144 0.816 2.068 2.168 2.001 1.735 2.031 2.097 2.260 2.443 2.368 2.354 2.342 2.391 2.405 2.459 2.516 2.552 2.530 2.473 2.451 2.466 2.486 2.448 2.422 2.358 2.385 2.341 2.361 2.337 2.312 2.341 2.360 2.354
2.105 2.124 2.032 2.023 1.990 2.011 2.009 2.080 2.072 2.090 2.122 2.173 2.157 2.190 2.180 2.186 2.135 2.137 2.108 2.128 2.118 2.150 2.074 2.076 2.036 2.049 2.064 2.154 2.165 2.212 2.167 2.137 2.124 2.172 2.180 2.248 2.289 2.315 2.364 2.462 2.684 2.991 4.770 1.979 1.121 1.843 2.481 2.394 2.242 2.255 2.291 2.398 2.471 2.473 2.444 2.385 2.414 2.603 2.526 2.526 2.478 2.485 2.476 2.522 2.538 2.543 2.537 2.504 2.429 2.378 2.361 2.347 2.285 2.255 2.298 2.372 2.366
2.290 2.293 2.194 2.178 2.141 2.189 2.243 2.328 2.300 2.286 2.275 2.280 2.256 2.263 2.289 2.327 2.349 2.336 2.332 2.313 2.273 2.293 2.229 2.191 2.146 2.157 2.129 2.163 2.195 2.242 2.212 2.216 2.224 2.235 2.260 2.317 2.329 2.343 2.280 2.328 2.371 2.475 2.578 2.015 1.872 2.313 2.756 2.634 2.457 2.450 2.451 2.524 2.565 2.615 2.614 2.596 2.587 2.603 2.639 2.653 2.573 2.556 2.582 2.594 2.578 2.586 2.548 2.486 2.465 2.469 2.424 2.374 2.335 2.318 2.359 2.364 2.407
2.279 2.339 2.291 2.264 2.219 2.267 2.301 2.367 2.319 2.286 2.233 2.221 2.185 2.171 2.195 2.259 2.291 2.306 2.298 2.278 2.224 2.196 2.132 2.085 2.050 2.048 2.030 2.049 2.060 2.124 2.129 2.131 2.125 2.154 2.162 2.212 2.218 2.232 2.214 2.205 2.140 2.210 2.188 2.237 2.224 2.346 2.409 2.438 2.372 2.444 2.423 2.447 2.426 2.464 2.415 2.408 2.339 2.297 2.275 2.264 2.205 2.249 2.296 2.287 2.234 2.222 2.181 2.178 2.146 2.157 2.127 2.093 2.049 2.083 2.108 2.127 2.135
1.874 1.950 1.971 1.965 1.945 1.969 1.958 1.945 1.895 1.887 1.850 1.843 1.804 1.782 1.749 1.788 1.829 1.838 1.851 1.820 1.783 1.747 1.720 1.706 1.698 1.718 1.729 1.727 1.746 1.783 1.780 1.775 1.746 1.749 1.755 1.805 1.838 1.920 1.973 1.990 2.030 2.087 2.118 2.160 2.156 2.217 2.215 2.211 2.160 2.180 2.131 2.051 1.900 1.874 1.811 1.748 1.668 1.648 1.608 1.598 1.604 1.656 1.654 1.649 1.623 1.622 1.602 1.632 1.620 1.627 1.651 1.648 1.602 1.609 1.639 1.657 1.665
1.415 1.436 1.439 1.424 1.402 1.398 1.394 1.358 1.343 1.347 1.324 1.342 1.322 1.297 1.286 1.283 1.302 1.325 1.362 1.374 1.370 1.362 1.353 1.371 1.396 1.418 1.417 1.406 1.425 1.437 1.417 1.405 1.387 1.369 1.380 1.422 1.466 1.544 1.619 1.677 1.749 1.805 1.858 1.899 1.889 1.945 2.003 2.125 2.192 2.211 1.807 1.545 1.355 1.279 1.184 1.153 1.116 1.100 1.086 1.107 1.123 1.155 1.151 1.158 1.138 1.143 1.124 1.118 1.107 1.122 1.173 1.189 1.159 1.159 1.126 1.149 1.161
1.006 0.988 1.002 1.001 0.996 0.973 0.973 0.993 0.994 0.990 0.984 0.983 1.005 1.001 1.014 1.016 1.034 1.041 1.061 1.051 1.069 1.067 1.093 1.121 1.165 1.203 1.227 1.221 1.243 1.262 1.266 1.262 1.271 1.257 1.281 1.307 1.344 1.407 1.468 1.485 1.524 1.576 1.635 1.661 1.660 1.868 2.117 2.134 1.942 1.675 1.390 1.237 1.073 1.001 0.926 0.900 0.870 0.874 0.869 0.890 0.877 0.899 0.902 0.914 0.901 0.878 0.867 0.845 0.821 0.811 0.836 0.841 0.834 0.825 0.819 0.849 0.854
0.892 0.896 0.903 0.913 0.891 0.881 0.891 0.910 0.927 0.933 0.938 0.930 0.939 0.946 0.960 0.963 0.960 0.952 0.957 0.964 0.997 0.994 1.001 1.013 1.031 1.062 1.084 1.094 1.118 1.131 1.159 1.160 1.185 1.194 1.220 1.252 1.279 1.325 1.348 1.366 1.394 1.446 1.531 1.639 1.715 1.902 1.938 1.782 1.616 1.444 1.277 1.145 0.997 0.925 0.841 0.813 0.783 0.781 0.755 0.755 0.742 0.755 0.741 0.748 0.737 0.734 0.712 0.700 0.679 0.656 0.619 0.603 0.582 0.585 0.582 0.588 0.607
0.675 0.663 0.691 0.701 0.728 0.731 0.750 0.770 0.802 0.823 0.830 0.830 0.838 0.819 0.825 0.820 0.812 0.795 0.779 0.763 0.716 0.707 0.711 0.711 0.766 0.781 0.830 0.857 0.901 0.928 0.951 0.961 0.987 0.972 0.949 0.979 0.985 1.009 1.042 1.064 1.110 1.272 1.435 1.579 1.386 1.438 1.465 1.498 1.378 1.197 1.148 1.060 0.935 0.872 0.769 0.712 0.654 0.641 0.592 0.582 0.555 0.554 0.524 0.516 0.487 0.516 0.549 0.584 0.592 0.538 0.451 0.391 0.296 0.304 0.294 0.303 0.304
0.525 0.525 0.534 0.558 0.602 0.629 0.674 0.700 0.746 0.770 0.797 0.803 0.790 0.792 0.805 0.784 0.795 0.782 0.747 0.754 0.743 0.740 0.719 0.695 0.742 0.747 0.823 0.825 0.854 0.889 0.968 1.048 1.087 1.075 1.049 1.040 0.930 0.909 0.907 0.919 0.961 1.011 1.028 1.087 1.039 1.113 1.156 1.175 1.093 0.988 0.980 0.917 0.829 0.791 0.704 0.650 0.576 0.545 0.492 0.479 0.443 0.453 0.425 0.428 0.393 0.449 0.421 0.419 0.367 0.429 0.378 0.365 0.276 0.322 0.312 0.362 0.342
0.377 0.392 0.421 0.459 0.526 0.581 0.643 0.681 0.738 0.800 0.872 0.938 1.015 1.086 1.083 1.122 1.004 1.009 0.903 0.819 0.696 0.670 0.628 0.614 0.684 0.721 0.801 0.798 0.791 0.791 0.781 0.795 0.795 0.825 0.816 0.817 0.767 0.755 0.764 0.768 0.779 0.782 0.772 0.769 0.727 0.702 0.695 0.667 0.736 0.733 0.734 0.700 0.645 0.607 0.554 0.525 0.460 0.449 0.406 0.411 0.379 0.385 0.339 0.332 0.261 0.270 0.204 0.207 0.171 0.189 0.140 0.133 0.102 0.101 0.085 0.093 0.083
0.281 0.312 0.359 0.400 0.474 0.522 0.599 0.644 0.683 0.766 0.829 0.842 0.839 0.837 0.815 0.781 0.714 0.656 0.583 0.553 0.496 0.477 0.418 0.405 0.404 0.405 0.422 0.423 0.425 0.431 0.430 0.431 0.415 0.425 0.407 0.412 0.414 0.397 0.404 0.378 0.388 0.380 0.380 0.368 0.381 0.370 0.387 0.379 0.406 0.415 0.424 0.446 0.430 0.406 0.390 0.378 0.360 0.383 0.376 0.378 0.327 0.314 0.254 0.235 0.158 0.150 0.109 0.102 0.077 0.073 0.055 0.056 0.047 0.048 0.043 0.043 0.040
