data-raw/precipfiles/20_grid_data_20000BP.asc
ncols 144
nrows 72
xllcorner -180
yllcorner -90
cellsize 2.5
nodata_value -9999
[rows 0 to 33 of 72, columns 0 to 76 of 144]
0.248 0.255 0.261 0.253 0.237 0.251 0.251 0.255 0.270 0.278 0.261 0.269 0.275 0.281 0.272 0.270 0.283 0.285 0.288 0.283 0.274 0.290 0.291 0.308 0.302 0.300 0.312 0.304 0.311 0.319 0.322 0.317 0.314 0.317 0.329 0.340 0.330 0.340 0.350 0.363 0.379 0.411 0.400 0.406 0.422 0.413 0.419 0.410 0.386 0.392 0.389 0.392 0.395 0.396 0.394 0.381 0.371 0.382 0.375 0.363 0.359 0.363 0.357 0.382 0.381 0.389 0.389 0.366 0.364 0.346 0.352 0.326 0.286 0.262 0.211 0.207 0.212
0.238 0.233 0.236 0.231 0.228 0.223 0.228 0.230 0.229 0.230 0.228 0.228 0.228 0.232 0.232 0.235 0.237 0.239 0.242 0.243 0.243 0.249 0.251 0.258 0.257 0.259 0.252 0.262 0.254 0.261 0.264 0.263 0.259 0.258 0.249 0.255 0.252 0.252 0.259 0.277 0.257 0.262 0.262 0.260 0.268 0.269 0.268 0.269 0.281 0.264 0.269 0.268 0.263 0.267 0.264 0.270 0.263 0.286 0.285 0.275 0.277 0.275 0.281 0.281 0.277 0.283 0.278 0.278 0.277 0.278 0.278 0.269 0.259 0.266 0.263 0.265 0.266
0.199 0.201 0.201 0.194 0.194 0.196 0.194 0.192 0.189 0.189 0.192 0.189 0.193 0.194 0.193 0.197 0.199 0.201 0.205 0.207 0.213 0.212 0.214 0.220 0.217 0.222 0.222 0.225 0.230 0.229 0.228 0.222 0.216 0.216 0.210 0.213 0.217 0.223 0.235 0.240 0.242 0.243 0.249 0.253 0.258 0.266 0.264 0.260 0.232 0.228 0.216 0.222 0.220 0.225 0.243 0.237 0.256 0.273 0.312 0.334 0.339 0.326 0.323 0.293 0.298 0.288 0.305 0.297 0.293 0.287 0.277 0.270 0.277 0.274 0.272 0.283 0.288
0.210 0.208 0.209 0.204 0.203 0.204 0.201 0.197 0.195 0.191 0.193 0.188 0.183 0.185 0.182 0.179 0.181 0.184 0.180 0.183 0.183 0.186 0.183 0.189 0.186 0.197 0.192 0.194 0.197 0.201 0.197 0.201 0.192 0.204 0.216 0.170 0.163 0.158 0.154 0.158 0.146 0.149 0.219 0.196 0.140 0.142 0.150 0.168 0.153 0.148 0.140 0.149 0.149 0.140 0.142 0.133 0.152 0.175 0.215 0.231 0.244 0.255 0.288 0.248 0.318 0.426 0.345 0.302 0.301 0.300 0.297 0.344 0.447 0.542 0.675 0.721 0.685
0.231 0.229 0.230 0.228 0.222 0.220 0.211 0.206 0.199 0.195 0.187 0.183 0.175 0.177 0.172 0.167 0.167 0.166 0.165 0.166 0.164 0.164 0.163 0.159 0.162 0.159 0.164 0.179 0.169 0.172 0.170 0.174 0.169 0.181 0.130 0.131 0.125 0.115 0.124 0.132 0.130 0.132 0.132 0.126 0.125 0.124 0.110 0.109 0.097 0.108 0.093 0.122 0.106 0.104 0.090 0.084 0.090 0.088 0.103 0.104 0.120 0.134 0.172 0.209 0.243 0.185 0.241 0.278 0.324 0.384 0.466 0.600 0.706 0.926 1.097 1.200 1.544
0.268 0.265 0.264 0.263 0.257 0.252 0.243 0.237 0.231 0.219 0.207 0.197 0.186 0.182 0.174 0.169 0.164 0.165 0.166 0.172 0.179 0.186 0.195 0.205 0.177 0.219 0.229 0.216 0.207 0.143 0.171 0.179 0.119 0.126 0.135 0.139 0.136 0.141 0.145 0.143 0.156 0.218 0.225 0.211 0.153 0.144 0.141 0.135 0.131 0.127 0.155 0.148 0.144 0.130 0.108 0.101 0.085 0.076 0.067 0.067 0.084 0.092 0.124 0.164 0.259 0.252 0.337 0.378 0.517 0.702 0.989 1.117 1.125 1.119 1.067 1.091 1.081
0.364 0.375 0.378 0.381 0.364 0.348 0.317 0.288 0.270 0.253 0.228 0.209 0.197 0.188 0.183 0.179 0.177 0.186 0.197 0.211 0.225 0.245 0.325 0.225 0.250 0.278 0.289 0.270 0.232 0.218 0.305 0.301 0.200 0.211 0.199 0.202 0.192 0.174 0.165 0.149 0.159 0.213 0.227 0.237 0.238 0.262 0.289 0.341 0.372 0.246 0.198 0.258 0.222 0.213 0.162 0.161 0.122 0.112 0.103 0.113 0.197 0.136 0.203 0.239 0.367 0.405 0.536 0.647 0.858 1.021 1.132 1.178 1.127 1.046 0.944 0.945 0.923
0.625 0.469 0.663 0.696 0.699 0.655 0.547 0.487 0.332 0.290 0.266 0.243 0.221 0.310 0.317 0.334 0.331 0.349 0.344 0.285 0.318 0.312 0.373 0.474 0.521 0.604 0.539 0.468 0.403 0.343 0.301 0.380 0.381 0.279 0.260 0.230 0.245 0.241 0.213 0.179 0.153 0.162 0.165 0.188 0.252 0.299 0.401 0.500 0.598 0.594 0.417 0.340 0.361 0.376 0.341 0.318 0.246 0.233 0.259 0.269 0.389 0.414 0.562 0.516 0.799 0.824 0.982 1.171 1.322 1.394 1.350 1.363 1.231 1.093 1.011 1.027 0.998
1.836 1.319 1.237 1.372 1.465 1.211 1.059 0.911 0.858 0.740 0.629 0.598 0.554 0.535 0.511 0.518 0.480 0.471 0.415 0.433 0.437 0.574 0.683 0.754 0.929 1.005 0.748 0.633 0.508 0.428 0.416 0.314 0.286 0.281 0.272 0.289 0.311 0.262 0.257 0.221 0.179 0.159 0.145 0.142 0.214 0.313 0.490 0.922 1.181 1.226 0.778 0.562 0.474 0.551 0.545 0.801 1.054 1.235 1.496 1.607 1.426 1.303 1.439 1.828 1.829 1.881 2.032 2.243 2.304 2.335 2.220 2.100 1.920 1.749 1.639 1.626 1.514
2.551 1.971 1.915 1.667 1.442 1.586 1.299 1.174 1.079 0.967 0.990 0.893 0.823 0.717 0.613 0.650 0.694 0.765 0.716 0.644 0.719 0.865 0.888 0.873 0.923 0.981 0.924 0.884 0.697 0.564 0.459 0.402 0.349 0.327 0.305 0.321 0.317 0.309 0.283 0.340 0.323 0.236 0.152 0.115 0.119 0.331 0.974 1.371 1.893 1.996 1.137 0.779 0.565 0.715 1.007 1.485 2.014 1.932 1.940 2.368 2.655 2.818 2.446 1.639 1.352 1.714 3.061 3.300 3.245 3.168 3.001 2.792 2.659 2.591 2.304 2.102 3.825
1.791 2.137 2.150 1.473 1.396 1.245 1.335 1.137 1.073 1.058 1.195 1.389 1.160 1.357 1.119 0.863 0.872 0.900 1.027 0.896 1.023 0.963 0.948 0.965 0.872 0.857 0.827 0.751 0.658 0.588 0.537 0.467 0.386 0.353 0.324 0.301 0.280 0.435 0.348 0.415 0.401 0.281 0.193 0.172 0.172 0.467 1.078 1.619 2.115 2.507 1.947 1.624 1.347 1.463 2.076 2.947 2.653 3.294 3.427 3.647 3.544 3.839 4.008 3.945 4.838 5.242 4.939 4.268 4.047 3.826 3.609 3.440 3.411 3.385 5.300 4.002 3.335
2.183 2.168 1.917 1.704 1.613 1.442 1.274 1.180 1.086 1.442 1.928 2.216 3.892 3.923 3.772 3.892 1.997 0.932 0.816 1.097 1.225 1.085 0.736 0.881 0.776 0.712 0.629 0.587 0.554 0.523 0.479 0.460 0.408 0.361 0.348 0.362 0.421 0.460 0.423 0.398 0.380 0.298 0.276 0.257 0.214 0.483 1.330 1.611 1.954 2.066 1.986 1.626 1.788 1.816 3.029 2.901 3.782 4.252 4.627 4.492 4.350 4.173 4.191 4.218 4.277 4.362 4.351 4.233 3.946 6.995 3.274 3.255 3.335 6.208 5.833 2.287 2.291
2.339 2.364 2.243 2.057 2.014 1.854 1.698 1.698 1.797 1.986 3.792 3.371 5.373 6.641 4.900 9.518 7.995 4.252 2.964 1.144 0.996 0.912 0.794 0.738 0.749 0.674 0.590 0.496 0.468 0.437 0.453 0.392 0.383 0.376 0.387 0.430 0.444 0.467 0.454 0.448 0.383 0.293 0.277 0.299 0.362 0.613 1.182 1.663 1.986 2.355 2.755 2.963 3.015 2.884 3.543 3.377 3.571 3.729 3.802 3.574 3.423 3.335 3.458 3.677 3.923 3.940 3.748 3.382 3.027 4.458 3.144 2.433 2.937 3.228 6.607 4.121 3.355
2.473 2.470 2.480 2.442 2.502 2.644 2.960 2.696 2.040 2.233 4.129 3.765 3.338 3.563 3.756 3.871 3.554 6.426 6.139 3.827 1.868 0.911 0.813 0.712 0.676 0.686 0.650 0.574 0.477 0.437 0.409 0.345 0.336 0.341 0.341 0.374 0.448 0.457 0.401 0.415 0.438 0.360 0.339 0.375 0.464 0.619 1.029 1.967 2.341 2.525 3.329 3.639 3.931 3.415 3.266 3.222 3.093 3.138 2.927 2.772 2.669 2.694 2.888 3.202 3.482 3.544 3.345 3.041 3.830 4.769 3.242 2.323 2.677 3.108 2.967 3.830 2.903
2.545 2.549 2.600 2.666 3.091 3.662 2.966 2.964 2.878 2.893 3.015 3.158 3.300 3.390 3.556 3.646 3.691 3.690 4.869 5.853 4.624 1.310 0.754 1.033 0.883 1.019 0.875 0.715 0.656 0.590 0.509 0.408 0.314 0.279 0.335 0.354 0.368 0.332 0.326 0.464 0.400 0.350 0.398 0.450 0.566 0.803 1.111 1.720 2.416 2.816 3.118 3.657 4.041 3.359 2.974 2.669 2.542 2.495 2.354 2.327 2.270 2.387 2.631 2.922 3.237 3.422 3.216 3.286 3.454 2.687 3.413 2.849 2.337 3.124 3.362 3.531 2.597
2.567 3.358 2.816 2.702 2.746 2.844 2.860 2.942 2.933 3.017 3.044 3.014 3.024 3.068 3.327 3.532 3.813 4.106 4.089 7.325 7.720 3.929 1.515 0.903 1.390 1.028 0.737 0.531 0.478 0.515 0.598 0.694 0.565 0.481 0.513 0.559 0.497 0.423 0.412 0.397 0.403 0.436 0.487 0.627 0.822 1.126 1.307 1.816 2.640 2.720 2.759 3.140 3.470 3.240 3.072 2.890 2.829 2.712 2.676 2.576 2.468 2.491 2.627 2.861 3.089 3.314 3.308 6.861 4.732 3.346 3.826 2.539 2.454 2.946 3.155 3.506 2.715
2.744 2.829 2.850 2.905 2.921 2.927 3.000 3.104 3.157 3.314 3.326 3.275 3.242 3.280 3.295 3.379 3.773 4.145 4.366 4.500 4.246 8.276 4.615 2.755 1.037 1.204 0.988 0.571 0.523 0.437 0.450 0.586 0.734 0.862 0.994 1.078 0.962 0.777 0.699 0.757 0.827 0.897 0.899 1.083 1.195 1.619 1.863 2.289 3.015 2.982 3.203 2.755 2.953 3.007 3.054 3.392 3.400 3.258 3.056 3.060 2.936 2.856 2.847 3.004 3.163 3.268 3.372 3.496 3.272 3.246 3.525 2.964 2.591 2.670 3.345 3.354 3.464
3.140 3.207 3.211 3.218 3.202 3.207 3.297 3.305 3.422 3.729 3.800 3.855 3.808 3.817 3.779 3.764 3.739 3.910 4.192 4.653 4.464 3.966 5.830 3.142 1.255 1.926 1.131 1.008 0.810 0.607 0.580 0.571 0.719 1.054 1.487 1.775 1.594 1.274 1.301 1.319 1.539 1.547 1.695 1.954 1.943 2.209 2.870 3.631 3.152 3.995 3.645 2.917 2.895 3.061 3.321 3.617 3.581 3.411 3.305 3.245 3.146 3.066 2.976 2.958 2.968 3.075 3.297 3.487 3.469 3.252 2.630 3.013 3.071 2.872 3.780 4.115 3.597
3.732 3.729 3.929 3.890 3.951 3.742 3.755 3.828 3.830 4.063 4.307 4.153 4.029 4.104 4.023 3.986 3.872 3.570 3.698 3.833 3.818 4.090 6.617 3.308 1.853 1.739 1.037 1.358 0.818 1.004 1.027 0.912 0.992 1.306 1.769 2.180 2.173 1.979 1.888 2.163 2.360 2.668 2.876 3.023 3.623 3.616 3.876 3.987 4.090 3.956 3.715 3.570 3.492 3.997 4.354 3.880 3.479 3.356 3.327 3.361 3.137 2.996 2.795 2.976 3.075 3.361 3.658 3.710 6.736 4.846 4.056 4.349 3.101 3.368 2.957 2.921 2.839
4.427 4.577 4.776 4.683 4.639 4.417 4.437 4.391 4.470 4.531 4.375 4.260 4.293 4.300 4.177 4.151 3.926 3.948 3.752 3.730 3.976 4.256 7.336 3.957 1.919 1.881 1.390 1.530 1.012 1.487 1.420 1.467 1.584 1.751 2.183 2.428 2.612 2.641 2.718 3.179 3.819 3.982 4.150 4.030 4.182 4.782 5.333 6.035 5.922 5.996 5.348 4.935 4.588 4.565 4.219 3.795 3.650 3.527 3.429 3.140 2.859 2.689 2.791 2.977 3.042 3.509 3.881 4.015 7.532 3.786 2.550 1.946 2.200 2.848 2.528 2.891 2.944
5.430 5.215 4.965 4.798 4.876 4.799 4.660 4.609 4.553 4.378 4.225 4.109 4.241 4.120 4.099 4.024 3.804 3.505 3.468 3.552 3.666 3.314 8.110 6.169 2.555 2.920 -9999 1.423 1.542 1.909 1.638 1.826 2.020 2.480 2.949 3.021 3.230 3.517 3.673 4.119 4.277 4.778 4.703 5.900 6.023 6.045 6.557 6.626 6.168 5.427 4.890 4.328 4.294 4.015 3.764 3.610 3.436 3.149 2.877 2.632 2.470 2.462 2.511 2.654 2.904 3.184 3.663 4.482 5.259 4.167 3.327 2.238 2.730 2.450 1.624 2.520 1.726
5.441 5.256 4.945 4.677 4.669 4.506 4.320 4.284 4.175 4.047 4.071 4.103 3.986 3.771 3.501 3.332 3.199 3.061 2.994 2.963 3.042 2.755 2.199 3.856 3.358 -9999 5.352 1.760 1.251 1.656 1.524 1.874 2.744 3.428 3.944 4.140 4.421 4.557 4.675 4.442 4.227 4.137 5.118 6.368 5.775 4.999 4.861 4.817 4.545 4.101 3.857 3.623 3.545 3.327 3.192 3.039 3.012 2.955 2.579 2.359 2.314 2.465 2.618 2.609 2.865 3.105 3.502 3.757 6.575 4.724 3.567 2.012 2.286 2.380 2.452 2.065 1.382
4.737 4.638 4.459 4.129 4.055 3.910 3.735 3.685 3.552 3.582 3.605 3.591 3.626 3.295 2.979 2.643 2.501 2.366 2.186 2.085 2.067 2.128 1.901 4.368 4.095 2.136 2.160 3.223 1.990 1.313 1.360 1.864 2.579 3.742 4.885 5.088 5.153 4.838 4.530 4.071 4.187 4.701 5.855 5.726 5.067 4.496 4.323 4.241 3.935 3.709 3.454 2.964 3.132 2.969 2.735 2.586 2.462 2.459 2.258 2.207 2.134 2.404 2.316 2.328 2.565 2.850 3.299 3.291 3.964 4.554 2.916 1.484 1.138 1.109 0.833 0.915 0.888
3.679 3.600 3.592 3.390 3.252 3.000 2.857 2.837 2.777 2.834 2.777 2.732 2.661 2.539 2.308 2.005 1.793 1.573 1.372 1.199 1.070 1.061 1.040 1.076 0.737 1.393 0.710 4.912 3.758 2.627 1.096 1.610 2.377 3.554 5.443 5.219 4.912 4.589 4.130 3.939 4.025 5.075 4.897 5.030 4.936 4.824 4.558 4.561 4.535 4.286 3.874 3.428 3.009 2.701 2.479 2.353 2.302 2.269 2.089 2.046 2.038 2.110 1.844 1.702 1.519 1.665 1.980 1.982 3.162 2.964 -9999 1.146 0.650 0.325 0.203 0.232 0.484
2.487 2.458 2.509 2.332 2.201 2.089 2.049 1.927 2.006 2.136 2.126 2.194 2.113 1.874 1.671 1.486 1.374 1.189 0.971 0.755 0.651 0.571 0.560 0.506 0.387 0.494 0.442 1.427 5.508 3.782 0.970 1.164 2.373 3.932 5.061 4.401 3.609 3.059 3.912 3.830 3.191 3.941 4.141 4.602 5.124 5.222 5.028 4.930 4.742 4.234 3.430 2.732 2.506 2.250 2.161 2.031 1.842 1.732 1.534 1.368 1.225 1.100 0.988 0.937 1.434 1.716 0.936 1.420 1.164 0.914 2.392 0.578 0.209 0.236 0.238 0.642 0.225
1.907 1.871 1.940 1.901 1.862 1.723 1.636 1.574 1.717 1.739 1.717 1.670 1.672 1.379 1.253 1.123 1.051 0.906 0.754 0.596 0.529 0.460 0.418 0.333 0.302 0.243 0.236 0.427 1.886 5.695 1.362 1.014 1.969 2.865 3.027 2.620 2.257 2.151 2.687 3.800 3.259 3.110 3.258 4.132 5.018 5.609 5.334 4.776 4.315 3.413 2.738 2.359 1.985 1.920 1.759 1.620 1.462 1.383 1.102 0.903 0.722 0.577 0.488 0.403 0.479 0.463 0.571 -9999 -9999 -9999 -9999 -9999 0.944 2.655 6.034 -9999 -9999
1.662 1.578 1.620 1.631 1.676 1.592 1.550 1.521 1.554 1.496 1.393 1.280 1.161 0.954 0.918 0.852 0.790 0.675 0.599 0.556 0.575 0.529 0.480 0.368 0.395 0.383 0.355 0.662 1.360 4.128 2.947 1.411 2.707 2.826 2.577 2.087 1.633 1.832 3.048 3.810 3.219 2.041 2.395 3.347 4.348 5.021 5.194 4.444 3.548 2.572 1.966 1.560 1.376 1.267 1.131 1.038 0.939 0.848 0.738 0.618 0.512 0.440 0.379 0.370 0.463 0.292 0.308 -9999 -9999 -9999 -9999 -9999 0.137 -9999 -9999 -9999 -9999
1.656 1.620 1.621 1.637 1.702 1.765 1.773 1.654 1.498 1.270 1.265 1.047 0.885 0.841 0.759 0.718 0.699 0.622 0.584 0.572 0.566 0.558 0.519 0.467 0.499 0.582 0.701 0.796 1.120 4.472 4.389 3.108 5.763 5.765 2.523 2.742 3.173 3.294 3.645 3.504 3.996 4.395 3.925 3.190 4.369 4.994 5.167 4.274 3.358 2.276 1.702 1.347 1.287 1.097 0.958 0.844 0.735 0.647 0.547 0.421 0.358 0.306 0.320 0.364 0.583 0.163 0.085 -9999 -9999 -9999 -9999 -9999 -9999 -9999 -9999 -9999 -9999
1.358 1.439 1.403 1.364 1.375 1.455 1.591 1.566 1.645 5.642 1.075 0.936 0.833 0.817 0.678 0.649 0.601 0.550 0.556 0.552 0.548 0.620 0.704 0.754 0.897 1.117 1.527 1.851 1.876 2.576 2.815 3.572 3.773 9.703 8.835 5.750 5.448 3.689 2.928 2.965 5.986 6.462 5.325 7.925 11.427 12.641 5.024 3.864 3.256 2.236 1.567 1.247 1.193 1.066 0.970 0.808 0.667 0.580 0.483 0.391 0.338 0.301 0.312 0.414 0.733 0.282 0.133 0.162 0.128 -9999 -9999 -9999 -9999 -9999 -9999 -9999 -9999
1.024 1.060 0.982 0.945 0.910 0.929 0.931 0.908 0.849 0.744 0.693 0.636 0.552 0.611 0.607 0.653 0.654 0.652 0.702 0.770 0.851 1.052 1.198 1.494 1.978 2.459 2.905 3.411 3.464 3.174 3.162 2.587 4.492 4.138 6.341 12.225 13.496 10.491 14.950 6.009 5.670 4.954 4.341 3.628 4.336 4.096 3.639 8.477 3.207 2.753 2.266 1.758 1.467 1.426 1.325 1.089 0.898 0.825 0.732 0.669 0.605 0.524 0.550 0.695 1.152 0.641 -9999 -9999 -9999 -9999 -9999 -9999 -9999 -9999 -9999 -9999 -9999
0.995 0.954 0.896 0.857 0.859 0.937 0.960 0.943 0.926 0.874 0.765 0.759 0.728 0.759 0.833 0.912 1.087 1.243 1.429 1.664 2.080 2.592 3.392 4.255 5.215 5.796 6.305 6.872 7.049 6.292 5.596 5.183 4.981 4.715 6.568 11.648 12.879 12.355 21.437 12.257 8.001 5.439 3.713 2.605 2.714 3.141 3.737 4.643 4.877 5.438 4.566 3.674 3.406 3.254 2.980 2.698 2.128 1.958 1.892 2.037 1.834 1.525 1.469 1.800 2.036 2.324 -9999 -9999 -9999 -9999 -9999 -9999 -9999 -9999 -9999 -9999 -9999
1.972 1.936 1.793 1.842 1.953 2.095 2.174 2.211 2.281 2.317 2.351 2.410 2.372 2.434 2.576 2.674 3.101 3.383 3.579 3.980 4.408 4.891 5.899 7.125 8.691 9.795 10.920 11.551 11.912 11.158 9.794 8.509 6.880 6.099 6.177 5.208 6.182 10.010 20.906 11.683 10.264 11.666 12.921 5.719 6.779 8.865 9.403 8.685 3.515 3.596 3.402 3.181 2.942 3.011 2.816 2.652 2.484 2.708 2.857 2.900 2.934 2.737 3.108 3.330 3.776 4.932 5.744 4.356 -9999 -9999 -9999 -9999 -9999 -9999 -9999 -9999 -9999
4.175 4.074 3.992 4.037 4.156 4.555 4.767 4.824 4.934 5.008 5.080 5.176 5.482 5.502 5.661 5.974 6.632 6.837 6.974 6.851 6.999 7.204 7.617 8.385 9.470 11.038 12.754 14.130 15.111 14.675 13.778 12.412 11.548 10.773 9.631 8.022 7.822 10.015 21.721 15.037 25.153 18.438 13.718 9.648 7.264 5.816 5.907 7.257 7.601 2.838 3.485 4.045 4.240 4.879 4.917 4.804 4.657 4.747 5.078 5.340 5.326 5.185 5.266 5.287 5.202 5.684 8.543 7.423 5.195 3.385 2.886 3.028 3.010 2.917 3.231 3.211 3.259
6.393 6.289 6.251 6.277 6.240 6.704 6.811 6.988 6.633 6.685 6.603 6.422 6.373 6.177 5.934 5.729 5.670 5.547 5.488 5.528 5.579 5.841 6.256 6.904 7.760 8.344 8.557 9.557 10.210 10.565 10.516 10.744 11.755 13.208 14.897 17.865 22.408 22.951 17.280 10.906 31.059 88.602 12.106 21.413 7.983 7.418 7.389 6.641 8.271 7.310 7.074 4.508 4.124 5.580 6.552 6.925 6.725 6.882 6.793 6.796 6.674 6.405 5.695 5.197 5.091 5.016 6.015 6.814 6.048 3.990 3.592 3.551 2.946 3.712 5.203 5.736 4.850
