data-raw/precipfiles/21_grid_data_21000BP.asc
ncols 144
nrows 72
xllcorner -180
yllcorner -90
cellsize 2.5
nodata_value -9999
[rows 34 to 67 of 72, columns 0 to 76 of 144]
5.048 4.764 4.559 4.330 4.126 4.145 4.269 4.132 3.856 3.776 3.459 3.311 3.075 2.885 2.770 2.731 2.542 2.467 2.515 2.789 3.047 3.587 3.843 4.076 4.474 4.637 4.749 4.930 5.321 5.843 6.151 7.904 9.968 11.816 13.777 16.206 15.391 10.457 4.899 4.767 14.727 7.793 6.530 8.014 10.254 9.269 7.341 5.432 5.670 6.619 9.151 9.606 3.404 4.198 4.543 5.169 5.833 6.247 6.233 5.802 5.566 5.326 4.960 4.697 4.168 3.740 3.520 3.476 3.897 4.276 3.185 3.486 2.684 3.254 5.116 6.799 5.018
3.229 3.096 2.803 2.368 2.347 2.486 2.303 1.931 1.747 1.724 1.616 1.514 1.333 1.374 1.451 1.565 1.594 1.586 1.748 1.997 2.249 2.300 2.367 2.488 2.767 2.815 2.880 3.055 3.324 3.559 3.697 4.014 4.328 4.179 3.576 3.181 3.010 2.553 1.658 2.020 6.653 6.613 6.804 7.530 7.742 8.888 6.273 5.411 6.082 5.254 5.151 6.589 6.425 2.952 3.262 4.227 5.188 5.157 4.582 3.776 3.266 3.000 2.694 2.606 2.212 1.904 1.641 1.541 1.534 1.702 1.930 2.112 2.281 2.323 2.417 5.310 4.305
3.195 3.252 2.885 2.496 2.379 2.487 2.342 2.023 1.938 1.881 1.875 1.848 1.698 1.736 1.928 1.925 1.837 1.845 1.950 2.159 2.182 2.163 2.118 2.170 2.205 2.104 1.942 1.996 2.067 2.102 2.138 1.943 1.893 1.708 1.416 1.163 1.099 0.997 0.970 2.280 5.218 7.213 7.650 9.540 6.336 6.144 12.946 6.361 5.410 5.661 3.189 3.960 5.262 5.592 5.100 2.911 3.687 3.825 3.274 2.635 2.151 1.875 1.600 1.244 0.923 0.773 0.681 0.649 0.711 0.803 0.983 1.163 1.378 1.506 1.791 3.141 3.654
4.578 4.119 3.648 3.237 3.020 2.819 2.701 2.489 2.359 2.146 2.066 1.948 1.841 1.758 1.788 1.776 1.755 1.740 1.640 1.635 1.669 1.648 1.706 1.587 1.524 1.470 1.373 1.405 1.412 1.355 1.336 1.253 1.055 0.897 0.817 0.808 0.895 0.774 0.627 1.390 4.037 6.082 7.563 11.414 5.735 5.370 7.037 6.019 5.146 5.592 4.599 3.918 4.194 3.936 4.385 3.261 2.907 2.900 2.690 2.480 2.048 1.831 1.326 1.005 0.685 0.548 0.484 0.416 0.394 0.397 0.429 0.516 0.688 0.907 1.183 2.051 2.794
6.559 6.161 5.632 5.236 4.723 4.264 3.878 3.598 3.160 2.727 2.465 2.161 1.963 1.789 1.636 1.448 1.353 1.252 1.161 1.087 1.037 1.065 1.165 1.091 1.091 1.000 0.914 0.837 0.849 0.751 0.709 0.680 0.584 0.544 0.474 0.428 0.437 0.463 0.389 0.480 2.202 4.532 7.053 66.401 30.353 5.418 5.528 5.596 5.446 6.155 9.576 -9999 -9999 -9999 3.527 2.877 3.025 2.507 3.792 1.758 1.286 1.067 0.777 0.535 0.368 0.275 0.227 0.177 0.140 0.123 0.143 0.149 0.205 0.326 0.515 0.796 1.709
7.282 7.145 6.917 6.756 6.091 5.736 5.238 4.807 4.217 3.722 3.258 2.857 2.631 2.246 1.835 1.489 1.232 1.095 0.932 0.764 0.662 0.598 0.576 0.493 0.444 0.363 0.299 0.257 0.241 0.231 0.216 0.192 0.162 0.158 0.150 0.140 0.168 0.212 0.237 0.122 1.271 5.969 5.725 8.873 14.813 19.697 5.585 5.875 5.564 6.877 -9999 -9999 44.629 18.369 3.513 2.454 2.690 3.621 5.057 1.330 0.849 0.561 0.426 0.323 0.235 0.168 0.134 0.107 0.098 0.093 0.096 0.093 0.085 0.095 0.145 0.242 0.506
6.548 6.488 6.432 6.523 6.158 6.131 5.986 5.610 4.955 4.372 3.947 3.528 3.162 2.786 2.351 1.978 1.651 1.440 1.144 0.910 0.757 0.595 0.513 0.424 0.336 0.277 0.202 0.169 0.152 0.143 0.126 0.113 0.091 0.078 0.078 0.090 0.098 0.114 0.128 0.084 0.438 2.342 5.205 7.038 9.508 17.412 118.625 18.101 29.223 42.601 -9999 -9999 52.927 6.226 4.179 3.276 3.521 5.149 1.777 1.101 0.709 0.492 0.387 0.304 0.227 0.178 0.138 0.114 0.106 0.098 0.100 0.097 0.095 0.084 0.076 0.103 0.261
5.066 5.164 5.252 5.269 5.174 5.448 5.652 5.586 5.204 4.806 4.407 4.205 3.697 3.268 2.861 2.659 2.570 2.257 1.954 1.648 1.424 1.163 0.890 0.769 0.649 0.482 0.357 0.281 0.225 0.218 0.222 0.205 0.169 0.140 0.134 0.137 0.140 0.140 0.111 0.088 0.103 0.547 2.109 5.752 6.897 9.136 10.959 11.244 8.359 7.154 7.855 9.059 7.651 7.150 5.195 4.803 6.192 2.510 2.027 1.270 0.799 0.551 0.405 0.322 0.247 0.206 0.161 0.145 0.135 0.129 0.125 0.117 0.114 0.102 0.090 0.095 0.267
3.549 3.773 4.056 4.182 4.356 4.565 4.677 4.684 4.755 4.818 4.704 4.452 4.034 3.708 3.396 3.235 3.190 2.902 2.535 2.201 1.819 1.558 1.138 0.916 0.804 0.628 0.452 0.362 0.297 0.270 0.250 0.224 0.193 0.166 0.156 0.156 0.153 0.161 0.166 0.117 0.092 0.070 0.429 1.007 2.359 7.022 10.043 7.511 6.936 5.878 7.144 6.896 6.984 6.437 5.975 5.865 5.919 2.831 2.389 1.734 1.026 0.736 0.518 0.388 0.300 0.258 0.225 0.196 0.176 0.162 0.155 0.157 0.157 0.145 0.122 0.082 0.167
3.262 3.448 3.703 3.935 4.129 4.091 4.161 4.232 4.297 4.496 4.569 4.428 4.081 3.868 3.662 3.687 3.630 3.166 2.887 2.576 2.272 1.897 1.518 1.280 1.160 1.032 0.695 0.539 0.429 0.388 0.344 0.293 0.266 0.234 0.210 0.203 0.207 0.209 0.184 0.151 0.088 0.089 0.099 0.070 0.653 1.599 3.366 4.912 5.585 5.421 6.169 6.268 6.157 6.259 6.291 6.167 5.424 3.304 2.897 2.141 1.571 1.106 0.727 0.529 0.391 0.349 0.310 0.263 0.212 0.193 0.178 0.180 0.186 0.185 0.142 0.089 0.197
3.573 3.770 3.843 3.945 4.084 4.103 3.940 4.017 4.155 4.254 4.287 4.299 4.381 4.315 4.390 4.440 4.260 3.707 3.297 2.952 2.733 2.409 2.023 1.776 1.579 1.527 1.210 0.911 0.721 0.638 0.568 0.499 0.422 0.352 0.300 0.265 0.238 0.235 0.206 0.178 0.113 0.078 0.068 0.033 0.230 1.131 3.022 2.977 4.870 6.033 6.122 5.059 5.426 6.505 6.456 6.037 3.927 3.923 3.883 3.170 2.533 1.985 1.341 0.938 0.633 0.525 0.446 0.372 0.288 0.230 0.202 0.199 0.191 0.184 0.144 0.104 0.097
3.778 4.063 4.147 4.141 4.284 4.378 4.284 4.298 4.283 4.300 4.213 4.285 4.476 4.702 4.748 4.781 4.640 4.269 3.854 3.556 3.327 3.097 2.811 2.521 2.325 2.241 1.952 1.670 1.421 1.242 1.057 0.905 0.760 0.636 0.470 0.390 0.339 0.287 0.233 0.188 0.154 0.109 0.093 0.034 0.265 1.801 2.475 2.822 4.620 7.518 7.049 5.694 5.143 6.409 6.983 5.033 4.198 4.941 4.589 4.155 3.603 3.060 2.284 1.773 1.271 0.968 0.769 0.622 0.488 0.380 0.298 0.246 0.208 0.178 0.152 0.110 0.082
3.751 4.006 4.182 4.313 4.439 4.599 4.493 4.528 4.443 4.352 4.282 4.431 4.516 4.773 4.973 5.119 4.937 4.754 4.464 4.312 4.020 3.658 3.418 3.143 3.086 3.004 2.762 2.388 2.171 2.061 1.785 1.509 1.299 1.069 0.804 0.646 0.520 0.432 0.310 0.248 0.198 0.174 0.146 0.093 0.353 1.924 2.169 3.175 4.942 6.891 8.225 6.790 5.849 4.306 4.245 4.416 4.700 5.250 5.083 4.759 4.426 3.896 3.238 2.630 2.135 1.684 1.456 1.131 0.856 0.695 0.531 0.410 0.326 0.250 0.216 0.187 0.142
3.345 3.464 3.683 4.074 4.356 4.428 4.376 4.345 4.250 4.179 4.185 4.325 4.493 4.690 4.805 5.072 4.947 4.852 4.790 4.909 4.528 4.106 3.790 3.577 3.492 3.496 3.376 3.130 2.839 2.658 2.400 2.120 1.905 1.647 1.292 1.024 0.823 0.679 0.507 0.404 0.331 0.291 0.242 0.305 0.528 1.032 1.922 3.144 4.759 6.630 7.611 6.213 5.440 4.155 4.226 4.339 4.625 5.071 5.085 4.909 4.791 4.797 4.179 3.594 3.103 2.572 2.054 1.705 1.370 1.130 0.919 0.722 0.572 0.435 0.357 0.328 0.331
2.874 2.827 3.025 3.397 3.654 3.866 4.032 4.015 3.926 3.879 3.758 4.021 4.093 4.333 4.355 4.478 4.463 4.527 4.633 4.788 4.617 4.303 4.109 3.982 3.880 3.661 3.543 3.460 3.321 3.109 2.842 2.589 2.345 2.079 1.811 1.550 1.268 1.081 0.872 0.707 0.565 0.519 0.407 0.981 0.638 1.409 2.272 3.302 4.476 5.595 6.180 5.505 4.697 4.346 4.195 4.215 4.671 5.164 5.153 4.949 4.813 4.729 4.416 3.914 3.588 3.054 2.633 2.480 2.035 1.917 1.570 1.336 1.106 0.873 0.778 0.662 0.660
2.763 2.720 2.752 2.894 3.221 3.528 3.645 3.706 3.749 3.643 3.678 3.793 3.855 3.920 3.894 4.052 4.113 4.298 4.385 4.390 4.420 4.340 4.179 4.080 3.959 3.766 3.689 3.540 3.460 3.252 2.998 2.932 2.769 2.540 2.290 2.048 1.780 1.562 1.311 1.038 0.846 0.728 0.720 2.299 1.511 1.946 2.503 3.066 4.401 5.068 5.430 4.539 4.432 4.272 4.170 4.209 4.548 5.078 5.070 5.040 4.898 4.787 4.622 4.293 4.089 3.599 3.143 2.766 2.618 2.374 2.310 2.122 1.891 1.603 1.401 1.236 1.155
2.490 2.439 2.414 2.516 2.771 3.050 3.234 3.278 3.202 3.200 3.319 3.396 3.378 3.490 3.586 3.583 3.775 3.920 3.960 3.961 3.982 3.982 3.898 3.901 3.841 3.752 3.745 3.711 3.575 3.385 3.145 3.041 2.844 2.732 2.568 2.356 2.085 1.881 1.661 1.422 1.203 1.039 4.120 3.379 1.676 1.896 2.490 3.055 3.555 3.678 4.480 4.268 4.172 4.115 4.096 4.258 4.458 4.849 4.867 4.791 4.749 4.631 4.640 4.474 4.343 4.119 3.700 3.341 3.199 2.944 2.969 2.807 2.691 2.345 2.225 2.047 1.981
2.474 2.372 2.248 2.266 2.561 2.860 2.997 3.079 3.143 3.021 3.050 3.032 2.974 3.059 3.120 3.298 3.520 3.637 3.638 3.597 3.712 3.634 3.571 3.661 3.779 3.783 3.736 3.628 3.546 3.404 3.337 3.328 3.073 2.972 2.809 2.652 2.426 2.230 2.020 1.832 1.629 1.378 4.679 3.495 1.420 1.277 1.611 2.657 3.003 3.837 3.961 3.879 3.996 4.076 4.178 4.420 4.471 4.679 4.621 4.525 4.426 4.394 4.486 4.562 4.553 4.288 4.008 3.924 3.631 3.523 3.470 3.438 3.277 2.981 2.867 2.726 2.751
2.277 2.300 2.340 2.185 2.283 2.476 2.592 2.696 2.619 2.615 2.557 2.556 2.666 2.744 2.739 2.724 2.744 2.959 3.062 3.134 3.217 3.291 3.386 3.457 3.328 3.389 3.241 3.426 3.347 3.335 3.211 3.282 3.145 3.097 2.863 2.898 2.668 2.507 2.289 2.255 2.044 2.412 5.404 3.905 1.198 0.937 1.105 1.694 2.244 2.503 3.023 3.460 3.431 3.297 3.302 3.608 3.573 3.685 3.868 3.951 3.896 4.009 3.761 3.735 3.692 3.794 3.733 3.610 3.445 3.346 3.347 3.355 3.304 3.193 2.952 2.933 2.778
2.209 2.052 2.235 2.217 2.181 2.153 2.234 2.278 2.251 2.245 2.231 2.270 2.276 2.404 2.335 2.268 2.320 2.427 2.465 2.531 2.565 2.595 2.742 2.791 2.687 2.764 2.710 2.775 2.711 2.887 2.776 2.853 2.765 2.772 2.776 2.707 2.658 2.612 2.377 2.420 2.367 2.787 6.239 4.462 0.882 0.823 1.317 1.877 1.893 2.184 2.486 2.699 2.764 2.821 2.867 2.992 2.887 3.072 3.171 3.370 3.360 3.446 3.305 3.262 3.229 3.254 3.306 3.228 3.131 3.090 2.962 3.061 3.128 3.122 2.827 2.949 2.797
2.049 2.187 2.120 2.121 2.090 2.088 2.025 2.075 2.041 2.068 2.026 2.021 2.065 2.090 2.121 2.146 2.152 2.231 2.263 2.244 2.318 2.358 2.367 2.391 2.347 2.343 2.333 2.406 2.414 2.512 2.520 2.556 2.542 2.594 2.489 2.620 2.525 2.690 2.620 2.650 2.709 3.125 4.198 1.476 0.857 0.734 1.689 1.700 1.690 1.938 2.220 2.541 2.688 2.718 2.703 2.797 2.838 2.828 2.936 2.933 2.861 2.845 2.783 2.858 2.913 2.892 2.821 2.778 2.791 2.697 2.717 2.751 2.828 2.827 2.756 2.825 2.798
1.901 2.079 2.085 2.071 2.082 2.047 1.988 2.017 2.023 2.080 1.979 2.026 2.055 2.012 2.062 2.090 2.086 2.098 2.048 2.079 2.120 2.146 2.101 2.146 2.157 2.171 2.181 2.201 2.241 2.298 2.352 2.324 2.290 2.357 2.314 2.349 2.392 2.558 2.667 2.760 2.952 2.723 2.339 1.103 0.841 0.818 1.876 1.785 1.733 1.835 2.083 2.402 2.604 2.617 2.552 2.589 2.615 2.578 2.608 2.636 2.591 2.623 2.610 2.577 2.505 2.546 2.613 2.542 2.496 2.459 2.460 2.460 2.431 2.482 2.476 2.497 2.454
1.975 1.973 1.971 1.974 1.928 1.974 1.975 1.988 1.983 2.052 2.071 2.099 2.071 2.088 2.084 2.060 2.072 2.079 2.050 2.046 2.053 2.065 2.017 2.041 2.052 2.095 2.086 2.143 2.165 2.203 2.190 2.198 2.158 2.190 2.220 2.297 2.342 2.442 2.543 2.710 2.899 3.800 3.845 1.148 0.816 2.081 2.186 2.018 1.758 2.059 2.125 2.278 2.444 2.368 2.349 2.325 2.366 2.370 2.428 2.492 2.527 2.507 2.451 2.428 2.450 2.476 2.432 2.406 2.333 2.367 2.327 2.349 2.330 2.302 2.340 2.359 2.355
2.109 2.120 2.029 2.023 2.002 2.031 2.033 2.104 2.091 2.106 2.135 2.184 2.165 2.199 2.193 2.201 2.150 2.152 2.118 2.130 2.111 2.137 2.059 2.070 2.039 2.058 2.077 2.169 2.175 2.216 2.162 2.131 2.114 2.160 2.173 2.245 2.293 2.328 2.376 2.472 2.692 3.004 4.784 1.983 1.119 1.842 2.472 2.390 2.240 2.257 2.297 2.399 2.475 2.483 2.456 2.397 2.422 2.608 2.527 2.530 2.486 2.494 2.480 2.523 2.533 2.531 2.516 2.476 2.400 2.358 2.350 2.342 2.285 2.257 2.297 2.370 2.363
2.312 2.313 2.207 2.179 2.144 2.196 2.253 2.336 2.301 2.286 2.277 2.286 2.259 2.267 2.292 2.323 2.340 2.324 2.322 2.298 2.255 2.268 2.202 2.165 2.138 2.158 2.147 2.179 2.208 2.252 2.209 2.218 2.222 2.233 2.262 2.325 2.348 2.373 2.317 2.357 2.398 2.487 2.572 2.020 1.876 2.329 2.751 2.639 2.448 2.439 2.442 2.514 2.567 2.618 2.621 2.606 2.597 2.611 2.650 2.660 2.580 2.554 2.574 2.586 2.556 2.559 2.513 2.449 2.434 2.443 2.410 2.367 2.331 2.314 2.358 2.355 2.397
2.304 2.372 2.316 2.277 2.222 2.268 2.299 2.362 2.304 2.263 2.213 2.207 2.175 2.162 2.191 2.251 2.269 2.276 2.265 2.244 2.189 2.159 2.093 2.041 2.012 2.022 2.016 2.045 2.064 2.127 2.138 2.139 2.135 2.170 2.174 2.224 2.238 2.262 2.251 2.244 2.168 2.231 2.199 2.247 2.227 2.343 2.404 2.430 2.361 2.434 2.422 2.451 2.430 2.478 2.420 2.410 2.339 2.295 2.274 2.260 2.192 2.230 2.274 2.261 2.199 2.185 2.139 2.139 2.115 2.132 2.113 2.083 2.047 2.082 2.112 2.132 2.138
1.891 1.976 1.994 1.981 1.951 1.967 1.950 1.933 1.875 1.859 1.815 1.811 1.779 1.761 1.733 1.774 1.815 1.818 1.823 1.784 1.747 1.708 1.675 1.656 1.650 1.672 1.690 1.696 1.722 1.764 1.768 1.767 1.751 1.762 1.770 1.812 1.840 1.920 1.978 1.997 2.039 2.091 2.123 2.165 2.158 2.218 2.219 2.216 2.164 2.181 2.130 2.050 1.901 1.878 1.810 1.736 1.649 1.624 1.581 1.573 1.578 1.628 1.631 1.626 1.597 1.593 1.570 1.599 1.596 1.611 1.641 1.639 1.599 1.611 1.651 1.679 1.694
1.429 1.454 1.454 1.434 1.404 1.401 1.393 1.352 1.335 1.334 1.307 1.322 1.306 1.293 1.287 1.283 1.293 1.306 1.337 1.343 1.339 1.330 1.316 1.330 1.359 1.382 1.388 1.387 1.415 1.432 1.416 1.401 1.385 1.374 1.387 1.425 1.463 1.541 1.619 1.677 1.762 1.819 1.874 1.915 1.900 1.956 2.012 2.136 2.194 2.217 1.804 1.545 1.357 1.279 1.183 1.140 1.098 1.078 1.064 1.091 1.109 1.142 1.139 1.140 1.117 1.116 1.096 1.093 1.085 1.101 1.155 1.171 1.145 1.151 1.128 1.165 1.190
1.015 0.999 1.012 1.010 0.999 0.973 0.974 0.992 0.991 0.981 0.968 0.966 0.992 0.996 1.012 1.017 1.027 1.026 1.049 1.039 1.055 1.055 1.079 1.106 1.152 1.187 1.214 1.215 1.243 1.264 1.267 1.260 1.266 1.252 1.275 1.303 1.344 1.401 1.474 1.494 1.545 1.600 1.661 1.687 1.697 1.889 2.137 2.156 1.952 1.685 1.400 1.247 1.081 1.003 0.923 0.889 0.854 0.857 0.856 0.881 0.869 0.892 0.891 0.897 0.881 0.853 0.845 0.826 0.806 0.800 0.827 0.840 0.834 0.826 0.831 0.871 0.882
0.899 0.903 0.908 0.919 0.896 0.883 0.890 0.906 0.919 0.920 0.915 0.902 0.914 0.924 0.941 0.948 0.948 0.941 0.949 0.959 0.992 0.987 0.994 1.008 1.025 1.055 1.076 1.088 1.116 1.128 1.157 1.153 1.175 1.179 1.203 1.239 1.273 1.325 1.354 1.376 1.407 1.461 1.547 1.658 1.745 1.933 1.983 1.827 1.651 1.472 1.301 1.168 1.014 0.933 0.840 0.803 0.771 0.771 0.749 0.750 0.736 0.746 0.728 0.730 0.714 0.712 0.694 0.689 0.672 0.653 0.621 0.611 0.594 0.602 0.605 0.617 0.639
0.679 0.665 0.685 0.694 0.717 0.717 0.735 0.756 0.786 0.809 0.812 0.809 0.819 0.797 0.804 0.802 0.794 0.781 0.767 0.750 0.702 0.691 0.694 0.692 0.745 0.757 0.803 0.833 0.878 0.904 0.937 0.934 0.961 0.944 0.924 0.956 0.968 0.991 1.026 1.053 1.103 1.276 1.445 1.598 1.411 1.459 1.501 1.540 1.413 1.223 1.170 1.078 0.948 0.879 0.771 0.711 0.652 0.641 0.589 0.576 0.546 0.543 0.510 0.502 0.475 0.505 0.541 0.586 0.601 0.553 0.468 0.409 0.313 0.323 0.312 0.322 0.322
0.522 0.520 0.526 0.549 0.588 0.616 0.663 0.691 0.738 0.764 0.792 0.794 0.780 0.782 0.791 0.766 0.780 0.768 0.731 0.735 0.723 0.715 0.692 0.666 0.707 0.712 0.784 0.786 0.810 0.842 0.895 0.983 1.028 1.026 1.008 1.003 0.899 0.884 0.885 0.900 0.950 1.016 1.028 1.097 1.041 1.131 1.180 1.205 1.113 1.005 0.992 0.920 0.831 0.791 0.702 0.648 0.573 0.542 0.486 0.472 0.432 0.441 0.417 0.420 0.387 0.445 0.424 0.427 0.378 0.450 0.402 0.392 0.298 0.348 0.336 0.378 0.355
0.370 0.387 0.416 0.455 0.524 0.580 0.643 0.683 0.742 0.804 0.875 0.939 1.016 1.081 1.075 1.107 0.988 0.991 0.882 0.796 0.672 0.643 0.599 0.581 0.643 0.673 0.744 0.740 0.731 0.733 0.721 0.739 0.743 0.774 0.771 0.777 0.735 0.729 0.744 0.753 0.771 0.781 0.772 0.773 0.729 0.706 0.697 0.668 0.736 0.730 0.731 0.695 0.640 0.598 0.543 0.512 0.449 0.439 0.396 0.399 0.367 0.374 0.333 0.328 0.260 0.271 0.207 0.212 0.176 0.198 0.146 0.139 0.106 0.105 0.088 0.096 0.084
0.279 0.312 0.360 0.403 0.480 0.528 0.607 0.653 0.692 0.772 0.832 0.844 0.840 0.832 0.810 0.774 0.707 0.645 0.568 0.537 0.476 0.456 0.397 0.381 0.378 0.378 0.392 0.392 0.395 0.402 0.401 0.406 0.393 0.402 0.387 0.395 0.400 0.388 0.394 0.372 0.383 0.378 0.380 0.366 0.381 0.369 0.385 0.376 0.403 0.411 0.416 0.438 0.421 0.398 0.381 0.369 0.350 0.373 0.365 0.367 0.316 0.306 0.249 0.232 0.157 0.151 0.111 0.104 0.080 0.076 0.057 0.058 0.049 0.049 0.044 0.045 0.041
