data-raw/precipfiles/21_grid_data_21000BP.asc
ncols 144
nrows 72
xllcorner -180
yllcorner -90
cellsize 2.5
nodata_value -9999
[rows 0 to 33 of 72, columns 0 to 76 of 144]
0.248 0.256 0.261 0.253 0.236 0.249 0.248 0.252 0.267 0.275 0.258 0.267 0.273 0.280 0.271 0.269 0.281 0.282 0.285 0.281 0.271 0.287 0.288 0.306 0.301 0.298 0.311 0.304 0.311 0.319 0.324 0.318 0.314 0.316 0.331 0.342 0.332 0.341 0.350 0.363 0.377 0.407 0.397 0.403 0.417 0.407 0.413 0.402 0.380 0.385 0.380 0.386 0.389 0.389 0.389 0.376 0.365 0.376 0.371 0.357 0.353 0.358 0.350 0.378 0.377 0.383 0.383 0.360 0.356 0.342 0.349 0.330 0.285 0.262 0.217 0.200 0.209
0.234 0.230 0.233 0.227 0.225 0.219 0.224 0.226 0.225 0.227 0.224 0.225 0.225 0.229 0.230 0.233 0.235 0.237 0.239 0.241 0.240 0.246 0.248 0.255 0.255 0.257 0.251 0.260 0.252 0.260 0.262 0.262 0.257 0.256 0.248 0.253 0.250 0.250 0.256 0.273 0.255 0.259 0.259 0.258 0.265 0.265 0.264 0.265 0.275 0.260 0.264 0.263 0.258 0.262 0.259 0.266 0.258 0.280 0.280 0.269 0.271 0.269 0.275 0.276 0.273 0.277 0.273 0.274 0.272 0.275 0.274 0.268 0.257 0.263 0.260 0.259 0.262
0.192 0.194 0.193 0.186 0.186 0.188 0.186 0.183 0.181 0.182 0.186 0.183 0.187 0.189 0.187 0.192 0.194 0.197 0.201 0.204 0.209 0.208 0.211 0.217 0.214 0.220 0.221 0.224 0.230 0.228 0.227 0.220 0.214 0.214 0.208 0.211 0.215 0.220 0.232 0.237 0.238 0.238 0.244 0.247 0.251 0.259 0.255 0.251 0.225 0.221 0.209 0.216 0.214 0.219 0.236 0.230 0.248 0.265 0.302 0.322 0.326 0.314 0.311 0.283 0.289 0.278 0.295 0.287 0.284 0.278 0.268 0.262 0.273 0.268 0.264 0.277 0.281
0.199 0.197 0.198 0.195 0.194 0.196 0.193 0.190 0.190 0.186 0.188 0.183 0.178 0.180 0.178 0.174 0.177 0.181 0.176 0.180 0.181 0.183 0.181 0.186 0.182 0.194 0.190 0.190 0.193 0.196 0.192 0.195 0.187 0.199 0.210 0.162 0.155 0.151 0.146 0.150 0.139 0.143 0.211 0.188 0.134 0.137 0.143 0.161 0.146 0.143 0.137 0.142 0.143 0.136 0.137 0.128 0.148 0.170 0.208 0.224 0.237 0.247 0.281 0.241 0.306 0.409 0.336 0.296 0.300 0.297 0.291 0.331 0.438 0.523 0.616 0.701 0.663
0.218 0.216 0.217 0.216 0.211 0.211 0.203 0.200 0.193 0.191 0.184 0.179 0.170 0.172 0.166 0.161 0.161 0.160 0.159 0.159 0.156 0.157 0.155 0.149 0.153 0.149 0.156 0.169 0.159 0.161 0.157 0.163 0.158 0.167 0.118 0.118 0.114 0.105 0.114 0.122 0.121 0.123 0.123 0.118 0.118 0.118 0.105 0.105 0.093 0.104 0.091 0.119 0.103 0.101 0.088 0.082 0.088 0.086 0.101 0.102 0.117 0.131 0.167 0.196 0.233 0.177 0.242 0.274 0.311 0.359 0.454 0.589 0.698 0.913 1.073 1.168 1.490
0.258 0.256 0.254 0.252 0.246 0.241 0.233 0.226 0.221 0.210 0.198 0.188 0.178 0.174 0.166 0.160 0.154 0.154 0.154 0.158 0.161 0.165 0.168 0.177 0.155 0.197 0.207 0.195 0.184 0.128 0.152 0.162 0.106 0.112 0.120 0.124 0.123 0.129 0.134 0.134 0.148 0.210 0.216 0.204 0.148 0.140 0.137 0.132 0.128 0.125 0.153 0.145 0.139 0.126 0.103 0.096 0.081 0.073 0.065 0.066 0.083 0.089 0.118 0.154 0.249 0.248 0.331 0.366 0.492 0.667 0.941 1.077 1.092 1.102 1.057 1.079 1.059
0.369 0.385 0.386 0.384 0.366 0.350 0.318 0.291 0.271 0.252 0.227 0.211 0.195 0.187 0.182 0.178 0.174 0.183 0.196 0.210 0.219 0.240 0.323 0.210 0.236 0.266 0.274 0.253 0.215 0.198 0.283 0.280 0.181 0.199 0.183 0.189 0.181 0.161 0.153 0.139 0.153 0.203 0.210 0.223 0.229 0.256 0.283 0.334 0.365 0.240 0.195 0.249 0.213 0.206 0.154 0.154 0.120 0.107 0.099 0.112 0.188 0.130 0.198 0.231 0.362 0.414 0.510 0.616 0.830 1.007 1.104 1.153 1.082 1.026 0.927 0.924 0.911
0.632 0.473 0.661 0.696 0.696 0.665 0.555 0.494 0.338 0.297 0.271 0.247 0.224 0.315 0.323 0.349 0.339 0.356 0.352 0.288 0.317 0.315 0.373 0.470 0.531 0.604 0.540 0.462 0.393 0.331 0.292 0.369 0.367 0.266 0.247 0.217 0.229 0.226 0.201 0.169 0.145 0.155 0.153 0.177 0.242 0.291 0.387 0.478 0.566 0.574 0.409 0.331 0.347 0.361 0.329 0.303 0.236 0.225 0.254 0.264 0.378 0.410 0.553 0.520 0.799 0.820 0.977 1.159 1.309 1.352 1.303 1.330 1.195 1.049 0.986 1.013 0.968
1.845 1.321 1.201 1.320 1.416 1.203 1.066 0.911 0.861 0.745 0.636 0.607 0.560 0.536 0.516 0.528 0.491 0.483 0.425 0.445 0.447 0.590 0.698 0.773 0.952 1.026 0.765 0.643 0.515 0.430 0.416 0.311 0.281 0.276 0.265 0.279 0.299 0.250 0.244 0.207 0.167 0.150 0.138 0.138 0.206 0.302 0.471 0.892 1.143 1.187 0.755 0.544 0.457 0.526 0.523 0.761 1.001 1.186 1.451 1.554 1.406 1.288 1.430 1.833 1.827 1.880 2.042 2.259 2.297 2.287 2.138 2.020 1.859 1.721 1.617 1.614 1.497
2.562 1.992 1.909 1.657 1.425 1.583 1.307 1.170 1.077 0.967 0.993 0.909 0.831 0.723 0.616 0.658 0.706 0.773 0.721 0.657 0.736 0.895 0.918 0.906 0.946 1.011 0.949 0.892 0.711 0.572 0.462 0.404 0.346 0.323 0.301 0.313 0.309 0.299 0.272 0.323 0.305 0.224 0.148 0.113 0.117 0.317 0.945 1.344 1.855 1.958 1.126 0.766 0.543 0.669 0.966 1.420 1.908 1.827 1.839 2.168 2.506 2.741 2.437 1.642 1.354 1.668 3.020 3.186 3.070 2.996 2.803 2.657 2.572 2.543 2.260 2.075 3.749
1.809 2.171 2.165 1.484 1.398 1.237 1.331 1.128 1.062 1.058 1.202 1.391 1.150 1.357 1.101 0.865 0.868 0.902 1.040 0.917 1.063 1.007 0.986 1.009 0.906 0.888 0.856 0.770 0.673 0.603 0.549 0.473 0.385 0.352 0.321 0.296 0.274 0.426 0.337 0.393 0.381 0.268 0.183 0.167 0.173 0.457 1.067 1.715 2.111 2.512 1.929 1.608 1.324 1.396 1.899 2.773 2.373 3.187 3.287 3.600 3.415 3.734 3.865 3.882 4.757 5.082 4.932 4.115 3.885 3.673 3.449 3.330 3.313 3.337 5.213 3.851 3.230
2.211 2.197 1.936 1.717 1.623 1.447 1.282 1.185 1.087 1.451 1.942 2.213 3.860 3.893 3.729 3.861 1.985 0.932 0.821 1.114 1.239 1.110 0.753 0.906 0.802 0.739 0.652 0.606 0.570 0.535 0.486 0.465 0.410 0.360 0.343 0.353 0.410 0.449 0.413 0.386 0.368 0.287 0.264 0.247 0.206 0.478 1.309 1.606 1.955 2.108 2.015 1.643 1.764 1.769 2.933 2.817 3.660 4.168 4.520 4.421 4.265 4.116 4.112 4.118 4.134 4.166 4.151 4.043 3.798 6.817 3.240 3.249 3.330 6.139 5.701 2.208 2.215
2.381 2.397 2.256 2.059 2.007 1.844 1.694 1.696 1.803 1.992 3.779 3.347 5.292 6.518 4.799 9.379 7.926 4.308 3.012 1.163 1.009 0.928 0.804 0.743 0.753 0.681 0.593 0.497 0.468 0.433 0.446 0.384 0.374 0.362 0.374 0.414 0.428 0.451 0.445 0.438 0.372 0.282 0.262 0.286 0.351 0.651 1.171 1.662 2.006 2.388 2.804 3.035 3.029 2.858 3.494 3.313 3.491 3.698 3.728 3.514 3.287 3.304 3.380 3.572 3.812 3.840 3.654 3.310 2.971 4.366 3.108 2.387 2.888 3.148 6.439 4.033 3.257
2.497 2.496 2.488 2.455 2.509 2.644 2.962 2.700 2.054 2.235 4.122 3.719 3.269 3.477 3.668 3.787 3.507 6.307 6.112 3.879 1.901 0.914 0.815 0.715 0.670 0.673 0.628 0.551 0.448 0.411 0.380 0.320 0.320 0.321 0.324 0.356 0.425 0.437 0.391 0.401 0.423 0.347 0.321 0.355 0.446 0.595 1.023 1.978 2.380 2.581 3.433 3.764 3.976 3.433 3.240 3.184 2.985 3.065 2.865 2.713 2.654 2.691 2.893 3.232 3.467 3.517 3.313 3.045 3.847 4.782 3.238 2.299 2.649 3.057 2.956 3.768 2.867
2.586 2.593 2.646 2.708 3.121 3.670 2.973 2.970 2.887 2.900 3.012 3.127 3.249 3.328 3.495 3.588 3.628 3.640 4.819 5.842 4.611 1.307 0.749 1.030 0.878 0.997 0.834 0.670 0.608 0.542 0.458 0.364 0.283 0.254 0.308 0.331 0.346 0.315 0.312 0.440 0.381 0.334 0.376 0.429 0.548 0.783 1.103 1.736 2.457 2.885 3.195 3.739 4.076 3.364 2.966 2.647 2.516 2.476 2.351 2.318 2.270 2.394 2.650 2.946 3.261 3.457 3.255 3.343 3.495 2.705 3.417 2.862 2.347 3.136 3.347 3.483 2.582
2.606 3.412 2.880 2.757 2.783 2.867 2.872 2.939 2.932 3.013 3.033 2.983 2.975 3.011 3.269 3.471 3.744 4.020 3.990 7.183 7.529 3.894 1.496 0.916 1.416 1.035 0.741 0.527 0.469 0.495 0.561 0.636 0.510 0.432 0.461 0.516 0.454 0.389 0.398 0.382 0.382 0.421 0.462 0.593 0.790 1.085 1.263 1.795 2.644 2.763 2.790 3.196 3.509 3.202 3.060 2.872 2.822 2.714 2.687 2.590 2.492 2.507 2.661 2.886 3.119 3.344 3.346 6.948 4.771 3.378 3.846 2.558 2.472 2.973 3.182 3.445 2.677
2.788 2.876 2.905 2.944 2.941 2.936 3.006 3.097 3.141 3.293 3.301 3.229 3.191 3.235 3.252 3.331 3.714 4.078 4.281 4.419 4.168 8.111 4.525 2.738 1.054 1.215 1.001 0.583 0.531 0.440 0.446 0.567 0.690 0.793 0.912 0.998 0.918 0.747 0.675 0.731 0.801 0.864 0.862 1.041 1.147 1.555 1.815 2.256 3.017 3.008 3.277 2.809 3.011 3.041 3.097 3.406 3.433 3.271 3.077 3.083 2.957 2.865 2.850 2.982 3.156 3.254 3.384 3.508 3.297 3.258 3.524 2.971 2.590 2.660 3.365 3.310 3.372
3.186 3.238 3.234 3.226 3.196 3.197 3.284 3.294 3.409 3.715 3.772 3.809 3.762 3.777 3.751 3.744 3.735 3.902 4.143 4.586 4.402 3.941 5.820 3.188 1.291 1.973 1.146 1.019 0.817 0.612 0.587 0.565 0.705 1.021 1.429 1.712 1.542 1.253 1.285 1.297 1.515 1.521 1.660 1.912 1.902 2.156 2.820 3.614 3.162 4.046 3.708 2.978 2.968 3.126 3.373 3.638 3.602 3.422 3.333 3.271 3.171 3.075 2.958 2.922 2.908 3.016 3.247 3.433 3.436 3.233 2.622 3.008 3.056 2.820 3.791 4.067 3.398
3.740 3.715 3.931 3.899 3.947 3.733 3.749 3.827 3.835 4.059 4.278 4.129 4.010 4.085 4.018 3.989 3.900 3.603 3.694 3.816 3.804 4.117 6.735 3.441 1.959 1.778 1.051 1.366 0.821 1.000 1.017 0.895 0.977 1.279 1.734 2.159 2.153 2.011 1.887 2.173 2.374 2.693 2.883 3.018 3.635 3.612 3.894 4.038 4.126 4.009 3.760 3.615 3.533 4.052 4.395 3.892 3.507 3.380 3.356 3.377 3.157 2.994 2.724 2.909 2.997 3.272 3.596 3.661 6.655 4.832 4.059 4.327 3.081 3.307 2.926 2.875 2.753
4.426 4.590 4.798 4.700 4.645 4.409 4.434 4.382 4.461 4.501 4.340 4.261 4.322 4.318 4.217 4.156 3.944 3.932 3.743 3.728 4.002 4.339 7.507 4.148 2.066 1.975 1.440 1.540 1.012 1.482 1.396 1.433 1.547 1.712 2.146 2.406 2.608 2.670 2.716 3.189 3.854 4.028 4.243 4.079 4.378 4.823 5.412 6.125 6.020 6.089 5.409 4.992 4.625 4.591 4.236 3.812 3.668 3.561 3.458 3.154 2.874 2.690 2.749 2.921 2.957 3.433 3.802 3.954 7.405 3.790 2.572 1.939 2.163 2.810 2.524 2.873 2.887
5.484 5.294 5.022 4.834 4.874 4.778 4.644 4.610 4.538 4.344 4.181 4.080 4.228 4.123 4.130 4.046 3.808 3.484 3.453 3.564 3.736 3.393 8.271 6.401 2.747 3.375 -9999 1.498 1.554 1.916 1.621 1.787 1.967 2.421 2.906 2.994 3.226 3.545 3.731 4.224 4.382 4.891 4.774 5.937 6.077 6.069 6.667 6.766 6.321 5.562 4.998 4.402 4.349 4.043 3.785 3.649 3.473 3.176 2.878 2.609 2.437 2.423 2.467 2.596 2.827 3.125 3.604 4.434 5.127 4.108 3.361 2.246 2.701 2.359 1.560 2.451 1.686
5.534 5.337 5.000 4.719 4.703 4.543 4.361 4.334 4.182 4.034 4.034 4.052 3.950 3.764 3.519 3.330 3.172 3.045 2.998 3.018 3.136 2.821 2.264 3.950 3.419 -9999 8.234 1.986 1.290 1.723 1.534 1.849 2.691 3.377 3.929 4.179 4.457 4.623 4.758 4.587 4.366 4.338 5.237 6.472 5.866 5.055 5.002 4.971 4.699 4.239 3.965 3.701 3.592 3.370 3.218 3.077 3.043 2.987 2.589 2.322 2.249 2.407 2.572 2.560 2.825 3.070 3.458 3.686 6.477 4.595 3.557 1.979 2.215 2.244 2.309 1.983 1.333
4.834 4.709 4.497 4.143 4.090 3.950 3.777 3.729 3.572 3.578 3.581 3.561 3.562 3.264 2.967 2.608 2.437 2.327 2.169 2.117 2.117 2.181 1.940 4.475 4.194 2.195 3.151 3.223 2.048 1.321 1.402 1.872 2.572 3.727 4.956 5.215 5.217 4.887 4.647 4.151 4.284 4.837 6.006 5.850 5.205 4.593 4.442 4.364 3.994 3.784 3.499 2.956 3.132 2.960 2.702 2.556 2.426 2.419 2.223 2.145 2.083 2.341 2.273 2.284 2.555 2.830 3.331 3.227 3.914 4.454 2.867 1.420 1.110 1.037 0.799 0.902 0.886
3.762 3.642 3.611 3.403 3.271 3.009 2.867 2.837 2.768 2.818 2.761 2.719 2.627 2.509 2.269 1.946 1.729 1.536 1.356 1.205 1.079 1.067 1.054 1.098 0.745 1.418 0.833 6.164 3.585 2.292 1.113 1.643 2.377 3.563 5.600 5.400 5.010 4.581 4.156 3.986 4.098 5.163 4.980 5.130 5.044 4.926 4.639 4.634 4.570 4.271 3.851 3.397 2.967 2.637 2.390 2.244 2.183 2.141 1.979 1.932 1.937 2.049 1.824 1.708 1.540 1.639 1.915 1.890 2.990 2.742 -9999 1.012 0.556 0.262 0.196 0.291 0.522
2.492 2.452 2.493 2.315 2.172 2.050 2.028 1.935 2.007 2.130 2.133 2.203 2.106 1.856 1.655 1.443 1.304 1.156 0.960 0.763 0.653 0.568 0.555 0.519 0.388 0.491 0.452 1.729 6.721 3.536 0.981 1.205 2.330 3.888 5.200 4.562 3.667 3.053 3.879 3.827 3.190 3.921 4.112 4.596 5.152 5.253 5.036 4.916 4.696 4.153 3.360 2.656 2.414 2.138 2.052 1.942 1.781 1.675 1.508 1.334 1.187 1.074 0.970 0.939 1.432 1.723 0.907 1.321 1.099 0.746 2.699 0.511 0.167 0.202 0.206 0.841 0.226
1.900 1.854 1.927 1.881 1.821 1.703 1.622 1.586 1.730 1.745 1.734 1.697 1.698 1.394 1.253 1.103 1.004 0.873 0.739 0.598 0.517 0.448 0.405 0.329 0.298 0.234 0.225 0.413 1.867 5.714 1.349 1.036 1.953 2.819 3.064 2.637 2.215 2.127 2.674 3.812 3.256 3.086 3.204 4.078 4.991 5.587 5.276 4.689 4.246 3.318 2.665 2.278 1.894 1.823 1.673 1.575 1.437 1.368 1.101 0.894 0.724 0.568 0.484 0.410 0.464 0.449 0.559 -9999 -9999 -9999 -9999 -9999 1.051 4.144 7.966 -9999 -9999
1.649 1.567 1.613 1.615 1.656 1.603 1.572 1.542 1.577 1.509 1.390 1.288 1.182 0.977 0.936 0.858 0.775 0.655 0.584 0.548 0.565 0.515 0.468 0.358 0.372 0.354 0.333 0.634 1.315 4.063 2.903 1.403 2.686 2.787 2.581 2.073 1.591 1.792 3.019 3.789 3.184 2.015 2.351 3.277 4.282 4.968 5.121 4.325 3.431 2.516 1.955 1.551 1.339 1.218 1.088 1.020 0.927 0.835 0.727 0.607 0.508 0.428 0.367 0.351 0.414 0.267 0.305 -9999 -9999 -9999 -9999 -9999 0.125 -9999 -9999 -9999 -9999
1.645 1.601 1.601 1.619 1.708 1.781 1.799 1.665 1.482 1.254 1.246 1.034 0.880 0.852 0.773 0.731 0.704 0.624 0.579 0.557 0.546 0.528 0.499 0.434 0.460 0.540 0.675 0.781 1.105 4.328 4.221 2.927 5.795 5.721 2.502 2.782 3.187 3.294 3.651 3.500 3.972 4.330 3.838 3.144 4.340 4.962 5.081 4.149 3.238 2.228 1.671 1.325 1.256 1.053 0.921 0.827 0.725 0.630 0.532 0.413 0.359 0.302 0.311 0.333 0.511 0.163 0.088 -9999 -9999 -9999 -9999 -9999 -9999 -9999 -9999 -9999 -9999
1.350 1.415 1.388 1.356 1.391 1.482 1.625 1.587 1.634 5.561 1.044 0.902 0.810 0.803 0.676 0.657 0.615 0.559 0.560 0.540 0.524 0.585 0.671 0.717 0.849 1.074 1.504 1.844 1.863 2.517 2.752 3.437 3.635 10.404 9.057 6.020 5.495 3.630 2.814 2.875 5.831 6.383 5.145 7.941 11.451 12.582 4.967 3.762 3.146 2.161 1.516 1.204 1.167 1.045 0.961 0.815 0.680 0.577 0.477 0.387 0.339 0.298 0.304 0.407 0.713 0.302 0.156 0.175 0.128 -9999 -9999 -9999 -9999 -9999 -9999 -9999 -9999
1.013 1.043 0.982 0.957 0.937 0.958 0.956 0.919 0.846 0.729 0.680 0.617 0.532 0.593 0.594 0.647 0.665 0.670 0.720 0.773 0.837 1.023 1.168 1.463 1.950 2.439 2.905 3.420 3.460 3.119 3.101 2.619 4.485 4.118 6.595 13.829 13.798 10.064 13.990 5.489 5.205 4.689 4.199 3.558 4.236 3.994 3.560 8.201 3.053 2.597 2.107 1.652 1.413 1.411 1.337 1.108 0.911 0.832 0.734 0.667 0.607 0.520 0.546 0.639 0.943 0.646 -9999 -9999 -9999 -9999 -9999 -9999 -9999 -9999 -9999 -9999 -9999
0.965 0.927 0.909 0.889 0.898 0.966 0.983 0.950 0.933 0.870 0.756 0.737 0.706 0.734 0.810 0.891 1.061 1.235 1.430 1.671 2.081 2.579 3.373 4.242 5.216 5.828 6.356 6.914 7.027 6.208 5.469 5.103 4.908 4.607 6.334 11.593 13.094 12.220 20.723 11.455 7.286 4.824 3.310 2.362 2.544 2.961 3.537 4.373 4.567 5.067 4.221 3.414 3.188 3.079 2.841 2.608 2.056 1.891 1.859 1.997 1.821 1.544 1.497 1.778 2.026 2.337 -9999 -9999 -9999 -9999 -9999 -9999 -9999 -9999 -9999 -9999 -9999
1.952 1.925 1.793 1.853 1.962 2.107 2.198 2.238 2.296 2.325 2.353 2.420 2.384 2.448 2.580 2.660 3.081 3.386 3.584 4.004 4.421 4.903 5.895 7.145 8.735 9.864 10.980 11.597 11.814 10.961 9.542 8.290 6.724 5.961 6.006 5.084 6.167 9.865 20.216 11.230 9.667 11.022 12.464 5.591 6.779 8.851 9.465 8.678 3.406 3.504 3.332 3.134 2.908 2.954 2.731 2.553 2.398 2.603 2.761 2.837 2.887 2.720 3.108 3.300 3.785 4.914 5.696 4.345 -9999 -9999 -9999 -9999 -9999 -9999 -9999 -9999 -9999
4.160 4.069 3.988 4.032 4.140 4.541 4.771 4.872 4.966 5.022 5.079 5.197 5.517 5.554 5.705 6.017 6.698 6.925 7.070 6.922 7.057 7.261 7.690 8.487 9.593 11.185 12.803 14.052 14.806 14.250 13.289 11.969 11.210 10.497 9.391 7.786 7.519 9.732 20.981 14.495 23.390 17.275 13.388 9.604 7.376 5.938 6.037 7.355 7.573 2.810 3.458 3.998 4.189 4.799 4.791 4.628 4.471 4.550 4.873 5.174 5.187 5.088 5.190 5.250 5.203 5.687 8.537 7.443 5.115 3.295 2.798 2.956 2.942 2.852 3.156 3.152 3.225
6.410 6.302 6.267 6.295 6.256 6.727 6.847 7.054 6.718 6.780 6.707 6.486 6.417 6.182 5.924 5.722 5.693 5.594 5.565 5.642 5.718 5.993 6.418 7.089 7.941 8.471 8.569 9.459 9.940 10.188 10.155 10.470 11.544 13.067 14.772 17.576 21.740 22.150 17.002 10.824 29.726 78.313 10.172 19.216 8.012 7.482 7.466 6.581 8.095 7.115 7.103 4.494 4.081 5.427 6.286 6.599 6.364 6.520 6.414 6.463 6.350 6.111 5.500 5.076 5.034 4.972 5.961 6.682 5.978 3.943 3.562 3.519 2.922 3.687 5.176 5.697 4.813
