data/precipDeviation.asc
ncols        144
nrows        72
xllcorner    -180.000000000000
yllcorner    -90.000000000000
cellsize     2.500000000000
NODATA_value  nan
[rows 48 to 63 of 72, columns 37 to 73 of 144]
1.597499910133137746e-08 1.2874999733014647063e-08 9.7250030250961572165e-09 7.9499971050722706423e-09 7.7499997530594555428e-09 7.1000010315458439436e-09 1.4824997229823111411e-08 1.8250002398190190434e-08 4.3299984042732830858e-08 5.6400001113843245548e-08 5.5375011243086191826e-08 7.1299986359463218832e-08 9.1724992046238185139e-08 8.882497581907955464e-08 5.6824969618674003868e-08 5.4700027618537205853e-08 5.2524995908242999576e-08 5.069997399687053985e-08 4.0349995344968192512e-08 4.207502612985081214e-08 5.3574979119730414823e-08 5.6725014019320951775e-08 5.5849969982091351994e-08 5.2549982143546003499e-08 5.4650008962653373601e-08 5.1699995395892983652e-08 4.6125013142273019184e-08 5.6624998023835360073e-08 6.429999643842165824e-08 6.500000182541043614e-08 6.7149990456982777687e-08 5.4074995148312154924e-08 5.0424997510845059878e-08 3.9475004598443774739e-08 2.9624999342559021898e-08 2.1125002191979547206e-08 1.3724998915165542712e-08
1.8075004604156674759e-08 1.4000004711078872788e-08 1.160000540068040209e-08 1.0175001285972484766e-08 1.074999911310214884e-08 1.3099998419363600988e-08 3.380000990205189737e-08 3.4799988668510195566e-08 4.8875008928916940931e-08 5.7575018530542365625e-08 6.6299996603902400238e-08 8.865001177582598757e-08 1.011999870570434723e-07 7.9599999480706173927e-08 3.8475025831985476543e-08 3.8524998302591484389e-08 6.2400019373853865545e-08 7.5100018648299737833e-08 7.1024999215296702459e-08 4.640002160272160836e-08 3.5024999789357025293e-08 2.9699968706609070068e-08 2.7850008521568270226e-08 2.697500001147545845e-08 2.5800002134701571777e-08 2.8825020592648797901e-08 3.027502160080075555e-08 3.3774959717902675038e-08 3.9374988602958183037e-08 4.2949981349238441908e-08 4.2300005276274532662e-08 4.5774996237923915032e-08 4.4374989016660038033e-08 4.652498830637341598e-08 4.1249993643077687011e-08 3.295000539083048352e-08 2.5174992757115433051e-08
1.8999994466639691382e-08 1.5949996878816818935e-08 1.3650000241227644437e-08 1.4625004318702394812e-08 1.567499552379558736e-08 6.0924996603262115968e-08 5.0800014861351883155e-08 3.3450000103130150819e-08 4.2324998617004894186e-08 4.5425004202570562484e-08 6.137501173952841782e-08 6.9275017722247866914e-08 6.1474977997022506315e-08 5.2224994107064048876e-08 3.4174991725421932642e-08 2.7924990320116194198e-08 4.5150052585540834116e-08 6.7600026909531152342e-08 8.0100008403860556427e-08 5.9150004005914524896e-08 4.9825025882910267683e-08 4.1049968757533861208e-08 3.6649964840762550011e-08 3.2274996897285745945e-08 2.4149990451860503526e-08 2.3225021905659559707e-08 2.0849990178817279229e-08 1.7624998349674569909e-08 2.2150015155375513132e-08 2.4249988683777701226e-08 2.8100012983145461476e-08 3.159999195645468717e-08 3.1075007456138337147e-08 3.772500178911286639e-08 3.5250003804776497418e-08 3.4149998384691571118e-08 2.7025013338288772502e-08
2.0325016336641965609e-08 1.9625014502366866509e-08 1.8150011271700350335e-08 1.9049993582598290232e-08 1.9900005199247061682e-08 7.1650006816526001785e-08 6.017500453481261502e-08 2.4975001622351555852e-08 2.6100000383166843676e-08 3.4075004151645771344e-08 5.6650002022706757998e-08 5.0349992619658223703e-08 5.022500815243802208e-08 5.2575003905985795427e-08 4.3974996088991247234e-08 3.1675011058496238547e-08 3.3599995674649107968e-08 4.7274994585677632131e-08 4.8500023552833226859e-08 3.8425028492383717094e-08 3.425001082746348402e-08 3.2000006200405550771e-08 3.0800020311971820774e-08 2.8649997929619530623e-08 2.6974987576977582648e-08 2.7525020485086315603e-08 2.6674973341300756147e-08 2.385001174332046503e-08 2.0099998110367778281e-08 1.9074994028756009357e-08 2.0050000770766018832e-08 1.8950004232465289533e-08 1.827500994977526716e-08 1.9574994070126194856e-08 2.2199987625981520978e-08 2.4600010917197323579e-08 2.7674991187609521148e-08
1.6850005835067349835e-08 1.8974995796838811657e-08 1.8300003290505628684e-08 1.7149996978105264134e-08 2.6849985346188987023e-08 6.1999990919048286742e-08 4.907500184003765753e-08 1.652500003501700121e-08 1.507499192143768596e-08 2.0299985692417976679e-08 3.1600002614595723571e-08 3.8275025815437402343e-08 2.7125018675633327803e-08 2.69249973428031808e-08 3.104998924641222402e-08 2.225000272915167443e-08 1.9075011792324403359e-08 2.2625011197874300706e-08 2.1175008413365503657e-08 1.8424975323227954505e-08 1.622499823383805051e-08 1.5775031059206412465e-08 1.637499913442752586e-08 1.7350005876437535335e-08 1.8575001092813181458e-08 1.7599981916305296181e-08 1.6575015138187154662e-08 1.4550006532942916238e-08 1.3925015807103591214e-08 1.2225026324585996917e-08 1.3424986455845555611e-08 1.6425007132170321711e-08 1.8225001952032471308e-08 1.9174986931602688855e-08 1.9550007834823190933e-08 1.8824982461751460505e-08 1.974998653508919233e-08
1.2200027654785117193e-08 1.3875007809360795363e-08 1.4525002534071518312e-08 1.4399999415104502987e-08 1.7400008545109812985e-08 4.8025022181263921084e-08 3.7225031945808950695e-08 8.1000015583754247928e-09 1.0324999522026701015e-08 2.1250006199124982231e-08 3.0650003424170790822e-08 2.8800002382922684774e-08 2.5899995037548251275e-08 2.4025005984640301904e-08 2.2650020525816216832e-08 2.1149986650925711729e-08 2.0025002100965139107e-08 1.8249988187335475232e-08 1.7099994309432986483e-08 1.4974999018591006461e-08 1.5374988393546118459e-08 1.5275007925197314762e-08 1.557499196280787146e-08 1.5175002587852759461e-08 1.5575004397305747261e-08 1.4424997196726963011e-08 1.4449989649278904835e-08 1.3975006041277993063e-08 1.4299994965938367386e-08 1.4649987001291719935e-08 1.5249996820898559236e-08 1.7524993012330014608e-08 2.0024984337396745104e-08 2.2249990294653798628e-08 2.245000629841342743e-08 2.3675024607427985757e-08 2.2824984569069783902e-08
1.1974984559515178262e-08 1.1750012518518815341e-08 1.4299988748689429485e-08 1.6600006702560676786e-08 1.8774979793079182855e-08 2.4374998019993654452e-08 1.0574993325462855864e-08 6.2000005129903001944e-09 8.0999997820185853925e-09 2.5350006538360503328e-08 2.9424995773297268897e-08 2.9000007728541277174e-08 2.6199996838727201975e-08 2.4200003778673817578e-08 2.270000543092010048e-08 2.0500003472534444882e-08 1.9200008694042480784e-08 1.7524987683259496407e-08 1.6300010230452244286e-08 1.6724998275208236009e-08 1.7025000076387186709e-08 1.7049998746188066434e-08 1.6100001332119973085e-08 1.5999985336634381383e-08 1.6750014708577509737e-08 1.6974997407714909059e-08 1.7299985444196863682e-08 1.6624998266934198909e-08 1.6225015997406444512e-08 1.592499643265909981e-08 1.6049993334377177234e-08 1.7775017013832439261e-08 1.9925003869047941407e-08 2.2949981470787861326e-08 2.4474990922840333951e-08 2.6024979504768452898e-08 2.64249919723624771e-08
9.1499865462196794397e-09 1.0525000426753194915e-08 1.5925001761729618011e-08 2.0475006579090404557e-08 2.0150018542608449934e-08 1.6699981841838962282e-08 1.029999552315530309e-08 8.8750002902315827669e-09 7.8750055365617299685e-09 2.1950009809756920731e-08 2.7749988973368999723e-08 2.7300012916953164677e-08 2.3274999705336085754e-08 1.7274999208893859759e-08 1.6000003100202775386e-08 1.512499459010996361e-08 1.6725039131415542215e-08 1.5949987997032621934e-08 1.8250000621833351033e-08 2.0475006579090404557e-08 2.054999548306568613e-08 1.9599992739927074581e-08 1.7450028977350484638e-08 1.6499990707075085083e-08 1.7550009445699288335e-08 1.7725014345160161611e-08 1.6700012039905232086e-08 1.5149993259910843335e-08 1.5274983056201563159e-08 1.6100013766617848887e-08 1.7124998308304384409e-08 1.864998289136110543e-08 2.0224987906658498105e-08 2.2774994334895382053e-08 2.4775022922085554455e-08 2.515002428538082313e-08 2.6399993302561597375e-08
1.034999463911390194e-08 1.3725006908771320013e-08 1.8174993954289675457e-08 2.4699998490973484877e-08 3.4974998897041587043e-08 3.5849993196279683616e-08 1.1849999204116556939e-08 9.0250047435347369174e-09 2.3949962013602998923e-08 2.6475007075532630552e-08 2.8375000127311977849e-08 2.62249919558144029e-08 2.4749988725147886726e-08 1.9125009131926162809e-08 1.5074999026865043561e-08 1.1550015166506000241e-08 1.2299978813246070786e-08 1.4725005215154851612e-08 1.8000006818397196184e-08 1.9974988774151825055e-08 2.0874994177688677155e-08 1.9675010065611786558e-08 1.757500811550016806e-08 1.7324989443068261608e-08 1.7774999250264045259e-08 1.7550014774769806536e-08 1.7874997482181242958e-08 1.6174983130667897058e-08 1.6025019533572049113e-08 1.6200006669464528386e-08 1.7499996118885974283e-08 1.8300021054074022686e-08 2.0049995441695500631e-08 2.1224998647539905505e-08 2.2674996102978184354e-08 2.3975008645038542454e-08 2.5299996764260868076e-08
1.8574983329244787456e-08 2.240000362974114978e-08 2.677499644221370545e-08 3.1474989725666091545e-08 3.5900001194022479467e-08 5.8000015457082554349e-08 2.6975005340545976651e-08 1.6699996052693677484e-08 2.7750003184223714925e-08 3.530001535523297207e-08 3.5250003804776497418e-08 3.2325004895028541796e-08 2.9799986478451501171e-08 2.5924999036419649201e-08 2.2149986733666082728e-08 1.9674999407470750157e-08 1.9549990071254796931e-08 2.0075004769637416757e-08 2.1750015122279364732e-08 2.2774994334895382053e-08 2.3600000176315916178e-08 2.0500010577961802483e-08 1.8549997093941783533e-08 1.7824994813508965308e-08 1.797500814859631646e-08 1.7850023681376114837e-08 1.8149984626347759331e-08 1.8024998382770718308e-08 1.8924998457237052207e-08 1.9499999837080395082e-08 1.9624984304300596705e-08 1.8924993128166534007e-08 1.929998383332076628e-08 2.0000005207521098782e-08 2.004998833626814303e-08 2.0675010148352157557e-08 2.204999915988992143e-08
3.2649989378796817618e-08 3.4749977118053720915e-08 3.8800006763040073565e-08 4.284999377546228061e-08 4.8675012465082545532e-08 4.9700002335839599255e-08 4.107502249439676234e-08 3.7250003970257239416e-08 4.495001348914229311e-08 4.9574989446909967228e-08 4.4174992552825642633e-08 3.7650000450639709015e-08 3.1774991526845042245e-08 2.7199989816040215374e-08 2.4250006447346095229e-08 2.1375006653556738456e-08 2.1124995086552189605e-08 2.2224998730280276504e-08 2.2825002332638177904e-08 2.2474997862786949554e-08 2.230000539782395208e-08 2.0324993244003053405e-08 1.9349991831063562131e-08 1.8100005050314393884e-08 1.7999994383899320383e-08 1.8725007322473175009e-08 1.9225007363843360508e-08 2.0125007438309694408e-08 2.124999731734078523e-08 2.1424991558660622104e-08 2.1900010693798321881e-08 2.2399980537102237577e-08 2.2824997003567659704e-08 2.2875005001310455555e-08 2.2275019162520948157e-08 2.1450013321100414032e-08 2.2074985395192925353e-08
3.5624992733573890291e-08 3.6675018577625451144e-08 3.9850025501664276817e-08 4.4099998319779842859e-08 4.8699991594958191854e-08 5.0524985084621221176e-08 5.0150013919392222306e-08 4.7250001244947270607e-08 4.7899991528765895055e-08 4.400000719329000276e-08 4.0099997988818358863e-08 3.5900001194022479467e-08 2.9424995773297268897e-08 2.6725000878968785401e-08 2.4799996722890682577e-08 2.2925007669982733205e-08 2.3099994805875212478e-08 2.2500019625226741482e-08 2.1700017782677605283e-08 2.1274995987141664955e-08 2.0499980379895532678e-08 1.9300001596889160282e-08 1.904998470081409323e-08 1.7850005917807720834e-08 1.9024991360083731706e-08 1.9149988261801809131e-08 1.8900006892863530084e-08 1.9325000266690040007e-08 2.0174997672484096256e-08 2.0500015907032320683e-08 2.1524995119648338004e-08 2.0899987518419038679e-08 2.0874994177688677155e-08 2.0524996813264806406e-08 1.969998564277375408e-08 1.9099998027627407282e-08 1.9574994070126194856e-08
2.2550013412114822131e-08 2.2499987650803632278e-08 2.4049992219943305827e-08 2.69249973428031808e-08 3.2050014198148346622e-08 3.520001712331577437e-08 3.6250014545657904819e-08 3.6324976804280595388e-08 3.612498744587355759e-08 3.3874989924242981942e-08 3.0400009620734635973e-08 2.7275014247152284952e-08 2.5450002993920861627e-08 2.4150008215428897529e-08 2.2500008967085705081e-08 2.0350002571944969532e-08 2.1250022186336536834e-08 2.1200001754095865181e-08 2.1074995970593590755e-08 2.019998746050077898e-08 2.0775011932983034058e-08 2.0999999961190951581e-08 2.0150011437181092333e-08 1.9224986047561287705e-08 1.8600010420755097584e-08 1.8000001489326677984e-08 1.7875001034894921759e-08 1.7875001034894921759e-08 1.7500005000670171285e-08 1.6299996019597529084e-08 1.572499819246786501e-08 1.4850008334121866937e-08 1.4449993201992583636e-08 1.4450002083776780637e-08 1.3674995358314845362e-08 1.3100007301147797989e-08 1.3850003810489397438e-08
2.1224993318469387305e-08 2.1000007066618309182e-08 2.2224993401209758304e-08 2.4049993996300145227e-08 2.6425009735930871102e-08 2.9974998483339732047e-08 3.2574998698464696645e-08 3.2699993823825934669e-08 3.3824996137354901293e-08 3.420001348786172457e-08 3.6299997674404949066e-08 3.5000002895912984968e-08 3.4150005490118928719e-08 2.5850001250660170626e-08 2.124999376462710643e-08 1.8025001935484397109e-08 1.687500095215455076e-08 1.577499730842646386e-08 1.5925001761729618011e-08 1.5375009709828191262e-08 1.5750002191339262936e-08 1.587499909305734036e-08 1.5700001299023824686e-08 1.5100003025736441487e-08 1.4499988765237503685e-08 1.3825011357937455614e-08 1.3675004240099042363e-08 1.3025003298139381513e-08 1.2774995283848511463e-08 1.2199994792183588288e-08 1.130000093496619229e-08 1.110000003023969839e-08 1.1225003149206713715e-08 1.2000000104706032289e-08 1.3225001538330616313e-08 1.3575008672717103764e-08 1.4449998531063101836e-08
2.4749999383288923127e-08 2.5575003448352617852e-08 2.6199996838727201975e-08 2.7049990691807579424e-08 2.9000007728541277174e-08 3.0350001622991840122e-08 3.174999818611468072e-08 3.0424995856037639896e-08 3.3850003688939978019e-08 3.8549995196035524714e-08 3.9599992618377655162e-08 3.6375020329160179244e-08 3.0925001226478343597e-08 2.5700005679141213477e-08 2.3124998804746610404e-08 1.9524994954167596006e-08 1.6974993855001230258e-08 1.5200010139437836187e-08 1.4449997642884682136e-08 1.3850003810489397438e-08 1.3874995374862919562e-08 1.3700003798078341788e-08 1.3474999782658869663e-08 1.2899993073745008587e-08 1.2299992135922366288e-08 1.1350007156352148741e-08 1.1549999179294445639e-08 1.1475001393534967065e-08 1.1600000959788303589e-08 1.1750000972199359239e-08 1.1175004033248114865e-08 1.100000179832250069e-08 1.0874994238463386864e-08 1.2074995225930251763e-08 1.3025005074496220914e-08 1.3799998477281860687e-08 1.4324996300274506211e-08
2.8024988552033391898e-08 2.9375010868193385249e-08 3.0300000730676401872e-08 3.179999552571644017e-08 3.4025003259330333094e-08 3.7125001739468643791e-08 3.8674997426824120339e-08 3.687499372517777374e-08 3.8774999211454996839e-08 3.8324987627902373788e-08 3.6225010546786506893e-08 3.2900011603942402871e-08 2.9074991303446040547e-08 2.7200002250538091175e-08 2.5074994525198235351e-08 2.2174990732537480653e-08 1.9600005174424950383e-08 1.652499825866016181e-08 1.512499103739628481e-08 1.4100002942996070487e-08 1.3900000261912737187e-08 1.2825005057948146714e-08 1.2350004574557260639e-08 1.1749996531307260739e-08 1.140000360777548849e-08 1.110000180659653779e-08 1.1525000509493565914e-08 1.1974996105834634363e-08 1.2999994858375885087e-08 1.3675006016455881763e-08 1.3974997159493796062e-08 1.3625003347783604113e-08 1.3474999782658869663e-08 1.3199998427637638088e-08 1.3350002880940792238e-08 1.4050001162502212537e-08 1.5950003984244176536e-08
