data/precipDeviation.asc
ncols        144
nrows        72
xllcorner    -180.000000000000
yllcorner    -90.000000000000
cellsize     2.500000000000
NODATA_value  nan
[rows 16 to 31 of 72, columns 0 to 36 of 144]
3.0849992782577828621e-08 2.9475009100110582949e-08 2.7899980992174278072e-08 2.79250080836845882e-08 2.8800004159279524174e-08 2.8925018824565995601e-08 2.9150015734558110125e-08 2.7625018717003513302e-08 2.6049995938137726625e-08 2.4874996285007000552e-08 2.2424995194114671904e-08 2.1050011511647426232e-08 2.1999996491217643779e-08 2.1274995987141664955e-08 2.2125011156504115206e-08 2.4925006059106635803e-08 3.0324990518693084596e-08 3.6375009671019142843e-08 4.2300005276274532662e-08 4.5174967766570262029e-08 3.6949966641941500711e-08 7.5349952055603353074e-08 6.5249992076132912189e-08 5.2300013209105600254e-08 2.5625002564311216702e-08 4.1125002070430127787e-08 3.7800013785727060167e-08 2.8699998821934968873e-08 3.3674997013122265344e-08 3.4300001061637885869e-08 3.5474997162054933142e-08 3.7400003094489875366e-08 4.0875004714280294138e-08 5.3475005756808968727e-08 6.4575004898870247416e-08 6.7224988242742256261e-08 6.1200005063710705144e-08
2.4425000688665932103e-08 2.3774992641278913652e-08 2.2149992062736600928e-08 2.1500015989772691682e-08 2.1474981792835023953e-08 2.129999465694254468e-08 2.4225002448474697303e-08 2.4725007818915401003e-08 2.4300003786947854678e-08 2.5525014990535055404e-08 2.3399984172556287376e-08 2.2025012924586917507e-08 2.0674992384783763555e-08 2.2274994293525196554e-08 2.3350018807377637131e-08 2.7174978711741459847e-08 3.0949998119922383921e-08 3.6575013240280895843e-08 4.249999463468157046e-08 4.9050008499307296006e-08 4.4624997030950908083e-08 3.5975002532495636842e-08 4.9050008499307296006e-08 4.2475001293951208936e-08 2.2600001869932384579e-08 4.1474997658497159136e-08 3.6675000814057057141e-08 3.6950005721791967517e-08 3.3675000565835944144e-08 3.1425003044205368496e-08 3.6425007010620902292e-08 3.9200003243422543164e-08 3.902500367303218809e-08 5.7775018547090439824e-08 8.6874983651341608493e-08 9.3824993996349803638e-08 7.3774991449226945406e-08
2.5800007463772089977e-08 2.5850015461514885828e-08 2.5225013189356104704e-08 2.5025004291023833503e-08 2.6900005778429658676e-08 2.7649992517808641423e-08 2.9399991774425870972e-08 3.0075007373397966148e-08 2.7825022286265266303e-08 3.0074989609829572146e-08 3.2975005836988202645e-08 2.9574966475820474443e-08 2.9024988634773762897e-08 3.3750023220591174322e-08 3.5625003391714926693e-08 3.8374970756649418036e-08 4.0225000219606954488e-08 3.8750005870724635315e-08 3.8824985892915719887e-08 4.0074986884519603336e-08 4.017501353814623144e-08 4.0599989148404347361e-08 6.7425027339140797267e-08 4.2599999972026125761e-08 2.8150001440963023924e-08 2.3599996623602237378e-08 1.557499551552155026e-08 2.164999912679377303e-08 1.2224998791054986214e-08 2.3099991253161533677e-08 3.5424999822453173692e-08 4.6349999394124097307e-08 4.3349988487761947908e-08 5.2974986175513549824e-08 6.3600012367714953143e-08 7.1599998818783205934e-08 6.6475003279720112914e-08
2.8700018361860202276e-08 3.2300043528721289476e-08 3.5250021568344891421e-08 3.6100004763284232467e-08 4.1850029219858697616e-08 4.1275001194662763737e-08 4.0274976242926641135e-08 3.8449979200549933012e-08 3.7350009307601794717e-08 4.0374970922130160034e-08 4.1625000335443473887e-08 4.304999734472403361e-08 4.4300012547182632261e-08 4.8524992024567836779e-08 4.9824983250346122077e-08 5.1324992256240875577e-08 5.029997751648807025e-08 5.1399986489286675351e-08 4.6725006086489884183e-08 4.6450001178754973807e-08 5.1499998932058588252e-08 5.6375021983967599226e-08 9.7500027607111405814e-08 5.5749989513742548297e-08 3.4949994898170189117e-08 2.3649999292274515028e-08 1.4875000786673808761e-08 1.762500723145876691e-08 9.450005222788604442e-09 1.080000089359600679e-08 1.6850009387781028636e-08 3.4500001078185960068e-08 4.2050018578265735414e-08 5.0349999725085581304e-08 5.7675002551604848122e-08 6.0850005922929994995e-08 6.077500813717051642e-08
4.3424986273521426483e-08 4.5075022825358246337e-08 4.8299980903721007053e-08 5.0574982424222980626e-08 5.2299998998250885052e-08 4.9424969006395258475e-08 4.5124984637823217781e-08 4.294999911280683591e-08 4.6400010944580571959e-08 4.7050036755535984412e-08 4.7124956381594529375e-08 5.0400007722828377155e-08 5.772498923306557117e-08 6.1675002882566332119e-08 6.4225012863516894868e-08 6.474999736383324489e-08 6.2775001197223900817e-08 5.4875016530786524527e-08 5.3724999560245123575e-08 5.430000271644530585e-08 6.0050020067592413398e-08 5.5825012168497778475e-08 1.4467502751358551905e-07 1.0847502096567041008e-07 5.4325003162603024975e-08 2.5015000915118434932e-07 nan 2.380001262736186618e-08 2.1450013321100414032e-08 2.0700001712725679681e-08 1.9800010520043542783e-08 2.7500000499003363075e-08 3.2824988949187172693e-08 4.7924988422209935379e-08 6.2725014515763177769e-08 6.6750004634741344489e-08 7.1824992176061641658e-08
5.3050015935696137603e-08 5.5999983317178703146e-08 5.3374993314037055825e-08 5.129997759922844125e-08 4.8699988042244513053e-08 4.6099984274405869655e-08 4.6450001178754973807e-08 4.8700016463953943457e-08 4.6500002071070412057e-08 4.7600018149296374759e-08 4.8974996502693102229e-08 5.6924985614159595571e-08 6.0849991712075279793e-08 6.087500992180139292e-08 5.4449994735250584199e-08 5.34499946525102132e-08 5.4675020066952129127e-08 4.8750006698128345306e-08 4.897500360812045983e-08 5.3749989348261806299e-08 5.9525007145566632971e-08 5.480000453417233075e-08 4.2399989297337015159e-08 7.9575016798116848804e-08 6.9549997760987025686e-08 nan 1.4060249213798670098e-06 4.5499998435616362258e-08 2.3025002349186252104e-08 2.6875007108628778951e-08 2.3049995689916613628e-08 3.3499997442731910269e-08 4.9424986769963652478e-08 6.4350004436164454091e-08 7.2000013062734069536e-08 8.0149995085321279475e-08 9.1274998226253956091e-08
4.9099995180768019054e-08 4.7350013687719183508e-08 4.4949970856578147504e-08 4.2774988884275444434e-08 4.3600035581903284765e-08 4.4275004995597555535e-08 4.2575020842150479439e-08 4.1625003888157152687e-08 4.1875011902448022738e-08 4.4899998385972139658e-08 4.9199979201830501552e-08 5.1650022925286975806e-08 6.0250002320572093595e-08 5.4974996999135328224e-08 4.7350003029578147107e-08 4.2600010630167162162e-08 4.4124981002369167982e-08 4.0724987826479264186e-08 4.0474997575756788137e-08 4.2774992436989123235e-08 4.6900005656880239258e-08 4.9900002352387673454e-08 4.2024996815825943486e-08 1.0784998494273168035e-07 1.0332497879517177353e-07 4.942500453353204648e-08 6.1989999267098028213e-07 2.4560000611018040217e-07 7.6500008105995220831e-08 3.9299997922626062064e-08 3.2124997773053109995e-08 3.6625003474455297692e-08 3.797500269797637884e-08 5.8475031039506575326e-08 6.7849981633116840385e-08 7.7275004173316119704e-08 8.6150002687190863071e-08
4.1500008762795914663e-08 4.0924994948454695987e-08 4.4499994800162312458e-08 4.2724995097387363785e-08 4.0699976722180508659e-08 3.642499279976618709e-08 3.6249996782089510816e-08 3.5950005639051596518e-08 3.932500547421113879e-08 4.1974995923510505236e-08 4.0000003309614839964e-08 3.6075000764412834542e-08 4.0324973582528400584e-08 4.3025004003993672086e-08 3.9724987743738893187e-08 3.5525008712511407793e-08 3.360000633279014437e-08 2.7150004910936331726e-08 2.7900000532099511474e-08 2.7174992922596175049e-08 2.5925002589133328001e-08 2.4725011371629079804e-08 2.3850004637893107429e-08 2.3700005513660471479e-08 1.5850002199613300036e-08 3.194999820266275492e-08 3.7700001342955147265e-08 5.7470003866910701618e-07 2.0169999004338023951e-07 1.6400001356942084385e-07 2.5375003431804543652e-08 3.6775006151401612442e-08 3.7025014165692482493e-08 5.6274991777627292322e-08 7.9225003446481423452e-08 9.3874987783237884287e-08 9.1674948521358601283e-08
3.0150001606443765922e-08 3.6250018098371583619e-08 3.9975024179739193642e-08 4.0474976259474715334e-08 3.7749998682556906715e-08 3.570001894104279927e-08 3.6349980803151993314e-08 3.2175009323509584647e-08 3.5549998500528090517e-08 3.7424982224365521688e-08 3.4875004217838068143e-08 3.3825006795495937695e-08 3.9725005507307287189e-08 3.9200003243422543164e-08 3.2949994732689447119e-08 3.1174995029914498446e-08 2.9949990931754655321e-08 2.1175001307938146056e-08 1.7424998333126495709e-08 1.4150002947133089037e-08 1.2799999282719909388e-08 9.7999990344987963908e-09 7.1250023658819827688e-09 8.3750011370398169674e-09 7.7999988690180543927e-09 1.2924999737151665613e-08 1.8375001076265107258e-08 1.6677500980222248472e-07 4.9762502385419793427e-07 1.4775000067857035901e-07 2.1350004431042179931e-08 2.3150002803618008329e-08 2.7100000465907214675e-08 4.7849976425595741603e-08 9.3449997962125053164e-08 9.8524985503445350332e-08 9.192499561549993814e-08
3.7799992469444987364e-08 4.1825011010132584488e-08 4.450000545830334886e-08 4.3500005375562977861e-08 4.3125002235910869786e-08 3.0875000334162905347e-08 2.7974987659717953647e-08 2.5950004811647886527e-08 2.9624992237131664297e-08 3.0874996781449226546e-08 3.300000628314592177e-08 3.0125004712999725598e-08 3.6175002549043711042e-08 3.0300004283390080673e-08 2.8550001474059172324e-08 2.5874999920461050351e-08 2.7574994732049162849e-08 2.0674995937497442355e-08 1.5675000852866105561e-08 1.1575001401809004165e-08 8.5750002654094714671e-09 7.1249974809006744181e-09 9.0249994144642187166e-09 9.7750012528763363662e-09 1.124999915447233434e-08 1.0675003103699509666e-08 1.0250000848088802741e-08 1.3499996676102909987e-08 5.5700002832281825249e-08 2.3120000491871905979e-07 3.3999999260458935169e-08 2.2324996962197474204e-08 2.1350004431042179931e-08 3.742499288250655809e-08 7.0399998719494760735e-08 6.9725011542232095962e-08 6.2725007410335820168e-08
3.5774998963233883842e-08 3.6874997277891452541e-08 3.7774992023287268239e-08 3.5050003788228423218e-08 3.1000002564951500972e-08 2.6350001292030356126e-08 3.1249996368387655821e-08 3.4549994865074040717e-08 3.8674997426824120339e-08 3.5674990073175649741e-08 2.8599998813660931773e-08 2.2599998317218705779e-08 2.1325007537598139606e-08 2.1474997780046578555e-08 2.4524993591512611602e-08 2.6350001292030356126e-08 2.707499646703581675e-08 1.9025000241867928708e-08 1.6499999588859282085e-08 1.5749998638625584135e-08 1.4275000737029586162e-08 1.1799998311801118689e-08 1.1124998700040578115e-08 1.1874998762095856364e-08 1.7624998349674569909e-08 2.1424996887731140305e-08 1.8524998424140903808e-08 2.1774997804868689855e-08 3.0799995442976069171e-08 9.0349992376559384866e-08 5.3274987976692500524e-08 3.7449996881377956015e-08 3.7099979977028851863e-08 4.5274997972910568933e-08 6.9350001297152630286e-08 5.6350003774241486099e-08 4.2525009291694004787e-08
2.1374985337274665653e-08 2.3050004571700810629e-08 2.6675003539367025951e-08 2.9850010463405851624e-08 3.1925001309218714596e-08 4.3925002302103166585e-08 5.3474995098667932325e-08 5.3674995115216006525e-08 4.5700005557591794059e-08 3.6199995889774072566e-08 3.3599995674649107968e-08 2.5074996301555074751e-08 2.1474992450976060354e-08 2.4125005992914339004e-08 2.5925000812776488601e-08 2.7275008918081766751e-08 2.6099995054096325475e-08 1.9100001580341086083e-08 1.682500183619595191e-08 1.7650002348545967834e-08 2.094999373980499513e-08 2.1675001349308331555e-08 2.160000001083517418e-08 2.8525001027901453199e-08 3.1774998632272399846e-08 3.5124998021274222992e-08 3.0549990981398877921e-08 2.71249991357080944e-08 2.5125002522941031202e-08 1.2729996967664192198e-07 1.1064996385812264634e-07 6.8174990985880867811e-08 1.2407501515099284006e-07 1.2917499248032981995e-07 6.0024987647011585068e-08 8.6900023177349794423e-08 1.1439999525464372709e-07
2.7950006753485467925e-08 3.7550009324149868917e-08 4.2775003095130159636e-08 4.2925002219362795586e-08 5.1825001179395258077e-08 6.3300007013822323643e-08 7.202500995617810986e-08 8.1524987649572722148e-08 9.0800007512825686717e-08 2.8202498469909187406e-07 5.2499999014798959251e-08 4.8549999576152913505e-08 4.2774995989702802035e-08 4.4225000550568438484e-08 4.440000367367247236e-08 3.8724994766425879789e-08 3.5325001590535975993e-08 2.9000000623113919573e-08 2.5700009231854892278e-08 2.5024998961953315302e-08 3.1424999491491689696e-08 3.9899997972270284663e-08 4.3200007127097705961e-08 4.4775003260610901634e-08 4.9724988571142603178e-08 5.4674988092529019923e-08 5.4125003146054950776e-08 4.9699998783125920454e-08 3.3924990816558420192e-08 2.8325015222208094201e-08 5.842499106734067027e-08 6.434999733073709649e-08 9.8374997037353750784e-08 3.9969998510969162453e-07 2.4420003796876699198e-07 2.1069999434075725731e-07 2.2135000676826166455e-07
3.4174995278135611443e-08 4.455000635061878711e-08 4.8625008020053428481e-08 5.1999993644358255551e-08 5.0024990372321553878e-08 5.5474995264148674323e-08 6.2699989200609707041e-08 6.2449998949887230992e-08 5.9525007145566632971e-08 5.5849994851087103598e-08 5.2375003889437721227e-08 4.7449994156067987205e-08 3.9624993064535374288e-08 3.8449996964118327014e-08 3.5775002515947562642e-08 3.4849996666252991417e-08 3.5399999376295454567e-08 3.6499997690953023266e-08 3.6949991510937252315e-08 4.1599999889285754762e-08 4.6574996304116211832e-08 5.6350003774241486099e-08 6.7800009162510832539e-08 7.5375005792466254206e-08 8.6299984047855105018e-08 8.7775006818446854595e-08 8.2699997960844484624e-08 7.7800002884487184929e-08 5.9049988010428933194e-08 4.5249993974039171007e-08 5.6350000221527807298e-08 6.0224991216273338068e-08 1.2842500041188031901e-07 1.7250000894364347914e-07 3.3117501629931211937e-07 7.2410000484524061903e-07 7.1922499955690000206e-07
4.2550002632424366311e-08 5.7250002072350980598e-08 5.4625001411068296875e-08 5.8624998189316102071e-08 6.1550004204491415294e-08 6.6875003312816261314e-08 7.2375001991531462409e-08 7.8499994060621247627e-08 7.630000453673346783e-08 7.4275000372381327907e-08 6.5549997430025541689e-08 6.3449995479913923191e-08 5.6300006434639726649e-08 5.5724989067584829172e-08 5.4574993413325501024e-08 5.4275002270287586725e-08 6.4675013788928481517e-08 7.4750005296664312482e-08 8.1100004933887248626e-08 8.1225010717389523052e-08 7.750001174144927063e-08 8.8150002852671605069e-08 1.0892502899650935433e-07 1.3447504443320212886e-07 1.5872500114255672088e-07 1.5590001112286699936e-07 1.464250516391985002e-07 1.3519999697564344388e-07 1.0594998656188181485e-07 9.2700005893675552215e-08 9.4049951826491451357e-08 1.043000068534638558e-07 1.3212503802151331911e-07 1.6877496022971172351e-07 3.0502499726026144344e-07 6.7282502413945621811e-07 8.2060000750061590225e-07
4.3849990305488972808e-08 4.6249997609493220807e-08 4.6349988735983060906e-08 5.4499981416711307247e-08 6.3900003510752867442e-08 6.8475010550628212513e-08 6.7974987416619114811e-08 6.715001177326485049e-08 7.4500007940514478832e-08 8.142500007579656085e-08 7.9400003016871778527e-08 7.1750001495729520684e-08 6.332502522354843677e-08 6.697497667573770741e-08 6.5349986755336431088e-08 7.1099989895628823433e-08 7.9724998158781090751e-08 8.7200014320387708722e-08 1.0905002056915691355e-07 1.0675000794435618445e-07 1.0457501531391244498e-07 1.1655001941335285665e-07 1.3259999320780480048e-07 1.7029999810347362654e-07 2.0944996492744394345e-07 2.205000129151812871e-07 2.2334999982831504894e-07 2.4440006995973817538e-07 2.6534991093285498209e-07 2.4662506348249735311e-07 2.2492498885640088702e-07 1.9654996208373631816e-07 1.7117497463914332911e-07 1.6449997986001108075e-07 2.0742500339565594913e-07 2.2342500471950188512e-07 3.4477500321372644976e-07
