data/precipDeviation.asc
ncols        144
nrows        72
xllcorner    -180.000000000000
yllcorner    -90.000000000000
cellsize     2.500000000000
NODATA_value  nan
[rows 32 to 47 of 72, columns 0 to 36 of 144]
6.4649988473775010789e-08 6.9550011971841740888e-08 7.6075004074027674505e-08 8.5150027473446243675e-08 1.0137502925999797299e-07 1.1037496250310141477e-07 1.1017498735554909217e-07 1.1267497512790214387e-07 1.2044998243254667614e-07 1.2755000966535590123e-07 1.2519996062110294588e-07 1.0557497631680234917e-07 9.7900006323925481411e-08 9.2475055168961262098e-08 9.1849983618885744363e-08 8.9924967028309765738e-08 9.4125006455669790739e-08 9.7424958767078351229e-08 9.9449977142285206355e-08 1.0275001471882205806e-07 1.0214996137847265345e-07 1.0862501653718936723e-07 1.3762510775450209621e-07 1.5507507100664952304e-07 1.9155004338244907558e-07 2.426249636755528627e-07 3.1932501087794662453e-07 3.9372494597955665085e-07 4.8689992127037839964e-07 4.7517505663563497365e-07 4.4657505782197404187e-07 3.8557504922209773213e-07 3.6119993751526635606e-07 3.3177502700709737837e-07 2.8510007155091443565e-07 2.9912499144302273635e-07 3.6805002423534460831e-07
7.9074979453253035899e-08 8.5199999944052251521e-08 9.0075019443247583695e-08 9.9900020700260938611e-08 1.1272505417991851573e-07 1.1797498444821030716e-07 1.1474999439542443724e-07 1.074999929073783278e-07 1.0514998649568951805e-07 1.0397501171155454358e-07 9.4249990922889992362e-08 9.5825029688967333641e-08 9.8824962435628549429e-08 9.3200000605975219514e-08 8.8525034414033143548e-08 9.5475030548186623491e-08 1.1502499575044566882e-07 1.0235005731829005526e-07 1.0390001392579506501e-07 9.9375007778235158185e-08 8.527495509724758449e-08 8.5049961739969148766e-08 1.0607499945081144688e-07 1.4747502063983120024e-07 2.07999960366578307e-07 2.5477498866166570224e-07 3.0239991133385046851e-07 3.790499931710655801e-07 4.3395002080615086015e-07 4.4527504883262736257e-07 4.533249295946006896e-07 4.7730003416290855967e-07 5.2002502570758224465e-07 5.5014993449731264263e-07 5.6380002888545277528e-07 7.2434994535797159187e-07 1.0636250635798205622e-06
6.6950022414857812691e-08 5.9100006666312765446e-08 6.1075041912772576325e-08 6.8125032726129575167e-08 7.2874996703831129707e-08 7.2374987780676747207e-08 7.267501445085144951e-08 7.5349987582740141079e-08 7.3174987846869044006e-08 7.207501084849354811e-08 7.0724993861404072959e-08 6.7699978956170525635e-08 6.590000367623360944e-08 6.1574986887080740416e-08 5.9774990290861751419e-08 6.5475006749693420716e-08 6.0849984606647922192e-08 5.4524992521010062774e-08 5.4699999196827775449e-08 6.6725000635869946564e-08 7.2649982030270621181e-08 8.8124998853800207144e-08 1.1572500824286180432e-07 1.3845001944901014213e-07 1.7187501555326889502e-07 2.0687500068561348598e-07 2.3974999407982977573e-07 2.7824998483083618339e-07 3.1387500598611950409e-07 3.4149996963606099598e-07 3.3792497333706705831e-07 4.3542496541704167612e-07 5.6622502597747370601e-07 6.18474985003558686e-07 6.5917498659473494627e-07 7.4599995514290640131e-07 7.0450005296152085066e-07
2.1674996730780549115e-07 2.0215001939050125657e-07 1.8522499090067867655e-07 1.5900000960300531005e-07 1.7617502123812300852e-07 2.6742497993836877868e-07 3.1580000836584076751e-07 2.7357498311175731942e-07 2.0342500306469446514e-07 1.7864999790617730469e-07 1.340249724535169662e-07 1.0532499317150723073e-07 8.504999016167857917e-08 8.4950009693329775473e-08 8.4850000803271541372e-08 8.5224989732068934245e-08 8.0074997299561800901e-08 8.3450004240148700774e-08 1.0110000658869466861e-07 1.1567499313969165087e-07 1.3817499677770683775e-07 1.4395000391687062802e-07 1.4634998990459280321e-07 1.4942499149128707359e-07 1.6510000477865105495e-07 1.587499980360007612e-07 1.5842500999951880658e-07 1.7057499235306750052e-07 1.7920000061621976783e-07 1.8377500055066775531e-07 1.8805000934207782848e-07 2.1130000504854251631e-07 2.3019998707241029479e-07 2.0195000161038478836e-07 1.5097499783678358654e-07 1.2157501316778507316e-07 1.1435001567861036165e-07
1.5777499129399075173e-07 1.9949999341406510212e-07 1.4409998527753486997e-07 1.3797499320844508475e-07 1.6462500695979542797e-07 2.3604998489190620603e-07 2.6137499276046582963e-07 2.155000089487657533e-07 1.6387500068049121182e-07 1.4379999413449695567e-07 1.2249999770119757159e-07 1.1432501878516632132e-07 1.0145000572947537876e-07 1.0642499859159215703e-07 1.1760000262484027189e-07 1.1442500635894248262e-07 1.0992499710482661612e-07 1.2059999221492034849e-07 1.3909999552197405137e-07 1.5515000484356278321e-07 1.5367498917839839123e-07 1.5479999149192735786e-07 1.5477499459848331753e-07 1.5514999063270806801e-07 1.5150000365338200936e-07 1.3157499267890671035e-07 1.0892500768022728153e-07 1.0572500741545809433e-07 1.0254997562242351705e-07 9.052499194694973994e-08 8.7349988575624593068e-08 7.9150005660721944878e-08 7.9824999943411967251e-08 6.787498563198823831e-08 4.5075005061789852334e-08 2.9750001573347617523e-08 2.4824998945405241102e-08
7.8349984278247575276e-08 7.3925015442455332959e-08 6.5475006749693420716e-08 5.8650009293614857597e-08 5.3400011523763168952e-08 5.0675016183276966331e-08 5.0174993049267868628e-08 4.6599996750273930957e-08 3.9950002417299401714e-08 3.4674986437721599941e-08 3.6925005275634248392e-08 4.2400007060905409162e-08 4.2825014645586634288e-08 4.2574992420441049035e-08 4.2875001327047357336e-08 4.3549995609737379709e-08 4.5549999327931800508e-08 5.19499856466154597e-08 5.0524999295475936378e-08 4.8725009804684304981e-08 4.6450001178754973807e-08 4.9649997890810482204e-08 5.3900002683349157451e-08 4.7900012845047967858e-08 4.5949999361027948908e-08 4.1075008283542047138e-08 3.5924998087466519792e-08 3.6200006547915108968e-08 3.229999734344346507e-08 3.3899993923114379868e-08 3.360000633279014437e-08 3.4625006861688234494e-08 2.8949996178084802523e-08 2.270000365456326108e-08 2.1175001307938146056e-08 2.4174996227088740852e-08 2.5499996780808942276e-08
7.4399984839601529529e-08 6.9350001297152630286e-08 6.0375008104074368021e-08 5.0100005921649426455e-08 3.9399981943688544561e-08 3.7824989362889027689e-08 3.3175002300822598045e-08 3.4174991725421932642e-08 2.66249955416242301e-08 2.65249973097070324e-08 3.2949984074548410717e-08 3.6725015917227210593e-08 3.8399999624516567565e-08 3.9524994832618176588e-08 4.0675004697732219938e-08 3.867500097953779914e-08 3.5649989627017930616e-08 3.204999643457995262e-08 2.737500004457160685e-08 2.2299996516039755079e-08 1.9875006529446181958e-08 1.8900001563793011883e-08 2.0025000324608299707e-08 1.9274997598017762357e-08 2.0799998168286037981e-08 2.0925003951788312406e-08 1.9724998523429349007e-08 1.9375002935362317658e-08 2.0999999961190951581e-08 1.9300003373245999683e-08 1.9750002522300746932e-08 2.2325000514911153005e-08 1.9799998085545666981e-08 1.8450004191095104034e-08 2.1099999969464988681e-08 2.2599998317218705779e-08 2.2825002332638177904e-08
3.4824992667381593492e-08 3.5224996253191420692e-08 3.2275007555426782346e-08 2.9174971771794844244e-08 2.6474964442968484946e-08 2.3699998408233113878e-08 2.6624965343557960296e-08 3.5125005126701580593e-08 4.012501264583079319e-08 4.525001173760756501e-08 4.9099995180768019054e-08 5.4324988951748309773e-08 5.8899974675341582042e-08 5.6699992256881159847e-08 4.882499737846046628e-08 4.3050004450151391211e-08 4.0025000203058880288e-08 4.1324998534264523187e-08 3.9074997459920268739e-08 3.4874997112410710542e-08 2.8575003696573730849e-08 2.5299998540617707476e-08 2.4574999812898568052e-08 2.4024998879212944303e-08 2.3675001514789073553e-08 2.1225000423896744906e-08 1.9399999828806357982e-08 1.8199996176804233983e-08 1.8925000233593891608e-08 1.7125000084661223809e-08 1.7475002778155612759e-08 1.6599999597133319185e-08 1.3499998452459749387e-08 1.3624999795069925312e-08 1.3349998440048693737e-08 1.1674998745547782164e-08 1.642500180309980351e-08
3.6899994171335492865e-08 3.7799988916731308564e-08 3.5874961668014293537e-08 3.4450042818434667424e-08 3.6125015867582987994e-08 3.0625010083440429298e-08 2.8725015255304242601e-08 3.3375012975511708646e-08 3.5624992733573890291e-08 3.9575027699356724042e-08 4.4499998352875991259e-08 4.7574996386856582831e-08 5.3774993347133204225e-08 5.6324996222656409373e-08 5.0750006863609087304e-08 4.8000000418824129156e-08 4.6900002104166560457e-08 4.927500185658573173e-08 4.6699994982191128656e-08 4.0500001574628186063e-08 3.7475004432963032741e-08 3.3900001028541737469e-08 3.340000276352839137e-08 3.0999999012237822171e-08 2.5874999920461050351e-08 2.1300003538726741681e-08 1.4575000761851697462e-08 1.2975001517645523563e-08 1.1849998315938137239e-08 1.044999908828003754e-08 1.0124999505478626816e-08 8.4750002571354343672e-09 6.3499983049553065939e-09 5.1999995420715094951e-09 4.9249995193179074704e-09 4.3999990317900028458e-09 5.450000006845812095e-09
3.9150034325530214119e-08 3.9425039233265124494e-08 3.4149980621123177116e-08 3.3024988965735246893e-08 3.380000634933821857e-08 3.5050000235514744418e-08 3.204999998729363142e-08 3.335000187121295312e-08 3.2000006200405550771e-08 3.300000273043224297e-08 3.6050010976396151818e-08 4.3625032475347325089e-08 4.6149988719434986706e-08 4.502497219505130488e-08 4.1400014083592395764e-08 4.2925012877503831987e-08 4.6875012316149877734e-08 4.8899988058792587253e-08 4.922500096427029348e-08 4.4800000154054941959e-08 4.6874998105295162532e-08 5.1624997610133505077e-08 5.4074998701025833725e-08 5.9999997858994902344e-08 6.4674999578073766315e-08 4.4899998385972139658e-08 2.6249999507399479626e-08 1.6724998275208236009e-08 1.059999998886951289e-08 9.975001269424410566e-09 8.5750002654094714671e-09 6.9250005729770691687e-09 4.374999917899913271e-09 3.4999996234574837217e-09 2.7499988952683906973e-09 2.8500002358100573474e-09 3.4249998392965608218e-09
3.6199981678919357364e-08 3.8174967187387665035e-08 3.872500542456691619e-08 3.757499555945287284e-08 3.5525012265225086594e-08 3.6299969252695518662e-08 3.6500001243666702067e-08 3.9425028575124088093e-08 3.6675011472198093543e-08 3.9649986405265735812e-08 4.5350027733093156712e-08 4.5874987364413755131e-08 4.9074984076469263528e-08 4.4749974392743752105e-08 3.5900026063018231071e-08 3.0225010050344280899e-08 3.3275000532739795744e-08 4.0474997575756788137e-08 3.9549998831489574513e-08 3.5600013603698243969e-08 3.5525005159797728993e-08 4.1425000318895399687e-08 4.0449990024171711411e-08 3.8850004102641833015e-08 4.0699994485748902662e-08 3.1499997277251168271e-08 2.0325002125787250407e-08 1.3975000712207474862e-08 1.0674999550985830865e-08 8.9249994061901816167e-09 7.1500001475044427934e-09 5.6250000213253770198e-09 4.0250012212084129715e-09 2.8999991297240512722e-09 2.1749995138264921479e-09 2.1500006219810074981e-09 2.0499999475731556231e-09
4.6525006069941809983e-08 4.6099973616264833254e-08 3.9399989049115902162e-08 3.842500362338796549e-08 4.1274986983808048535e-08 4.3249990255844750209e-08 4.2099987496158064459e-08 4.3224943624409206677e-08 4.0574978044105591835e-08 4.627498384479622473e-08 5.6325031749793197378e-08 5.9749972081135638291e-08 6.057493351363518741e-08 5.8825023074859927874e-08 5.5499981499451678246e-08 5.1174986026580882026e-08 4.4399971699249363155e-08 3.515001623100033612e-08 2.9599993567330784572e-08 2.6024984833838971099e-08 2.7724999185352316999e-08 2.9524999334284984798e-08 2.9824988700966059696e-08 2.9574989568459386646e-08 3.1925008414646072197e-08 3.3674993460408586543e-08 2.4274999788076456753e-08 1.7999999712969838583e-08 1.5125001695537321211e-08 1.3150000199857458938e-08 1.019999906759494479e-08 7.5750010708475201682e-09 5.800002256250991195e-09 4.9249990752286976203e-09 3.7499998661871813965e-09 3.224999822748486622e-09 2.4249993124669799727e-09
6.6999987780036462937e-08 6.017500453481261502e-08 4.9150006731224493706e-08 4.8349999559604839305e-08 5.6400001113843245548e-08 6.1474992207877221517e-08 6.0224977005418622866e-08 5.3525017307265443378e-08 4.9325038276037957985e-08 4.6850036738987910212e-08 6.107500638563578832e-08 6.6274964183321571909e-08 7.3824999446969741257e-08 7.7450025059988547582e-08 7.8100022449234529631e-08 7.5499976048831740627e-08 6.1749958035761665087e-08 4.635002071040617011e-08 4.2250007936672773212e-08 4.2425007507063128287e-08 4.0324998451524152188e-08 3.5674993625889328541e-08 2.9049996186358839623e-08 2.9700002457389018673e-08 3.2125004878480467596e-08 3.9699997955722210463e-08 3.5849996748993362417e-08 2.8749996161536728323e-08 2.3649999292274515028e-08 2.099999640847727278e-08 1.7750002356820004934e-08 1.3849997593240459537e-08 9.4250003357387868164e-09 6.7750023369228529191e-09 5.4749986766466918198e-09 5.2000017625175587455e-09 3.6499991917793295215e-09
6.3925007509624265367e-08 5.9449995148952439195e-08 5.1625008268274541479e-08 4.8524992024567836779e-08 5.2224983448923012475e-08 5.7050012713943942799e-08 5.9724989398546313168e-08 6.2925003874170215568e-08 6.2024952285355539061e-08 5.9275006236703120521e-08 5.590001350697093585e-08 5.8300006600120468647e-08 6.392502882590633817e-08 6.1225030378864175873e-08 5.9424973386512647266e-08 6.0299996107460174244e-08 6.1674988671711616917e-08 5.5900002848829899449e-08 4.9274980540303658927e-08 4.5374989099400409032e-08 4.4824993494785303483e-08 4.0400010448138345964e-08 3.370000811742102087e-08 3.4250028591031878022e-08 3.6124994551300915191e-08 4.1250007853932402213e-08 4.2400003508191730361e-08 3.9049989908335192013e-08 3.4774998880493512843e-08 3.3225003193138036295e-08 3.0774991444104671245e-08 2.4999998515795596177e-08 1.7525003670471051009e-08 1.2949998406952545338e-08 9.0499989724435181415e-09 7.7999997571964740928e-09 6.1999991807226706442e-09
5.3449966230800782796e-08 5.702498029336311447e-08 5.5850016167369176401e-08 5.6799997594225715147e-08 5.7975043432634265628e-08 6.0399983681236335542e-08 5.9524989381998238969e-08 6.0674999247112282319e-08 6.1975029552741034422e-08 6.2049970495081652189e-08 5.4274977401291835122e-08 5.5699992174140788848e-08 6.3100003444560570642e-08 6.4799991150721325539e-08 6.3399973271316412138e-08 5.9024955589848104864e-08 5.7775032757945155026e-08 5.477503606243772083e-08 5.7625008764716767473e-08 5.3424979995497778873e-08 4.88499658501950762e-08 4.2374992403892974835e-08 3.6200010100628787768e-08 3.0124972738576616393e-08 3.5074972259963033139e-08 4.1974978159942111233e-08 4.0125005540403435589e-08 3.9250004135737981414e-08 3.8549991643321845913e-08 4.0375006449266948039e-08 4.1149998963874168112e-08 3.9799989082212050562e-08 3.4150005490118928719e-08 2.5125002522941031202e-08 1.647499914270156296e-08 1.2125000559137788514e-08 1.0324999522026701015e-08
4.059997849026331096e-08 4.4749988603598467307e-08 4.4475001459431950934e-08 4.875003156712409691e-08 5.2750028345371902105e-08 5.6925035352151098778e-08 5.7774997230808367021e-08 5.3225015506086492678e-08 5.4649998304512337199e-08 5.4600025833906329353e-08 5.1474987827759832726e-08 5.092501709214047878e-08 5.580000816962638055e-08 6.0575047200472909026e-08 6.2725042937472608173e-08 6.7475021126028877916e-08 6.630001081475711544e-08 5.7450009194326412398e-08 5.0725041944588156184e-08 5.2950024809206297505e-08 5.2175046505453792633e-08 4.6724952795784702175e-08 4.1249979432222971809e-08 3.2575005803892054246e-08 3.3475011207428906346e-08 4.1574978126845962834e-08 4.2600007077453483362e-08 3.5624992733573890291e-08 3.6974984851667613839e-08 4.0074979779092245735e-08 4.2325002169718572986e-08 4.5250004632180207409e-08 4.4124995213223883184e-08 3.7899990701362185064e-08 2.63249955168021188e-08 1.752500722318472981e-08 1.4274998072494327062e-08
