data/precipDeviation.asc
ncols        144
nrows        72
xllcorner    -180.000000000000
yllcorner    -90.000000000000
cellsize     2.500000000000
NODATA_value  nan
[rows 16 to 31 of 72, columns 74 to 110 of 144]
5.8574986638859627419e-08 5.70500198193713004e-08 6.3675003048047074117e-08 6.7524986491207528161e-08 5.4275005823001265526e-08 6.3399994587598484941e-08 5.5300002799185676849e-08 7.4850007081295188982e-08 6.2074988704807765316e-08 5.8749993314677340095e-08 5.7774997230808367021e-08 5.7074998949246946722e-08 5.2224990554350370076e-08 5.3650005327199323801e-08 4.385000096363000921e-08 3.7149998632912684116e-08 3.174999818611468072e-08 2.175000091142464953e-08 1.592499998537277861e-08 1.7350000547367017134e-08 2.1224998647539905505e-08 1.9375004711719157058e-08 1.4000002934722033388e-08 1.0324999522026701015e-08 1.4249998514515027637e-08 1.3050003744297100639e-08 1.6799996060967714584e-08 1.7125000084661223809e-08 1.5375000828043994261e-08 1.4800000336379071086e-08 1.9675001183827589557e-08 2.2574999647417826054e-08 2.0924986188219918404e-08 9.0500016369787772419e-09 7.2250010418883903185e-09 8.3499989145252584422e-09 9.7749950356273984653e-09
8.5724991549795959145e-08 9.8524978398017992731e-08 8.5224989732068934245e-08 1.1642504915698737022e-07 8.8025011280024045845e-08 6.570000721239921404e-08 5.4525003179151099175e-08 6.7124993563538737362e-08 6.8049992307805950986e-08 6.0400012102945765946e-08 5.8299995941979432246e-08 5.2425008334466838278e-08 5.0974996668173844228e-08 5.8625012400170817273e-08 5.349999199211197265e-08 4.4324991677058278583e-08 3.0199995393331846572e-08 2.3400000159767841978e-08 1.5324999935728556011e-08 1.3349999328227113438e-08 1.6100003108476812486e-08 1.552499639956295141e-08 1.1925001430768134014e-08 1.1849994763224458438e-08 1.3249996655417817237e-08 1.5299999489570836886e-08 1.6250002232709448435e-08 1.7049998746188066434e-08 1.4175002505112388462e-08 1.9374999382648638857e-08 2.2025009371873238706e-08 1.4249994073622929136e-08 1.2649999270308853738e-08 1.7624996573317730508e-08 1.5424999944002593111e-08 1.3424998890343431412e-08 1.2550000150213236338e-08
5.6975000717329749023e-08 5.7275016729363414925e-08 5.3249983977821102599e-08 5.490000276608952845e-08 7.0424995612938801059e-08 8.3325005562073783949e-08 6.0350004105202970095e-08 5.992500007323542377e-08 6.8525004337516293162e-08 5.1624994057419826277e-08 6.0674999247112282319e-08 6.0374979682364937617e-08 3.9674990404137133737e-08 6.6649995744683110388e-08 9.789999921849812381e-08 7.6050007180583634181e-08 5.0475001955874176929e-08 3.7449993328664277215e-08 1.7400003216039294784e-08 1.572499641611102561e-08 1.8749998886846697133e-08 1.4675001658304154262e-08 1.105000269063793894e-08 1.3000001075624822988e-08 1.3124999753699739813e-08 2.0950002621589192131e-08 1.9200006917685641383e-08 3.0000006034924808773e-08 4.0000003309614839964e-08 6.6200016135553596541e-08 4.4799996601341263158e-08 3.204999998729363142e-08 2.9399997103496389173e-08 1.9925000316334262607e-08 2.104999730079271103e-08 2.1024996854634991905e-08 1.140000183141864909e-08
4.1775017223244503839e-08 5.4725003195699173375e-08 5.9625008930197509471e-08 7.3875028760994609911e-08 5.7024990951504150871e-08 8.2500008602437446825e-08 6.0974983284722839016e-08 5.1999997197071934352e-08 6.1875006451828085119e-08 6.5925021885959722567e-08 8.3575002918223617598e-08 5.9749993397417711094e-08 4.4475001459431950934e-08 4.0224993114179596887e-08 8.5450004405629442772e-08 7.3524994093077111756e-08 7.0324993828307924559e-08 5.9325010681732237572e-08 1.9349998936490919732e-08 1.3875001592111857462e-08 1.4974997242234167061e-08 1.4774997225686092861e-08 3.3424996104258752894e-08 nan 2.3575001506515036453e-08 2.5949999482577368326e-08 3.4450000185870521818e-08 5.0149999708537507104e-08 3.2274996897285745945e-08 2.9500002440840944473e-08 1.2500001922433057189e-08 9.4500016700749256415e-09 6.5499992096818004939e-09 6.0999987283594236942e-09 7.0249996930726865685e-09 6.8750001247508407687e-09 1.060000087704793259e-08
4.2700008862084359862e-08 7.0874989432923030108e-08 5.3775004005274240626e-08 6.3200012334618804744e-08 7.6899993928236654028e-08 6.9349979980870557483e-08 7.2474989565307623707e-08 4.3925005854816845385e-08 5.8824987547723139869e-08 5.1299988257369477651e-08 1.0877500500328096678e-07 9.729999561614022241e-08 3.3539998867126996629e-07 4.9699991677698562853e-08 5.2350006995993680903e-08 4.4825004152926339884e-08 5.0250005045882062404e-08 5.937500091590663942e-08 5.912499290161576937e-08 3.1050003457266939222e-08 4.8750003145414666506e-08 4.5475001542172321933e-08 nan nan 3.8724998319139558589e-08 6.8099993200121389236e-08 7.0225006254531763261e-08 2.4124995334773302602e-08 1.1399997390526550589e-08 6.1000000606270532444e-09 3.7499994220979715465e-09 3.0999995903613353221e-09 3.350000499224847772e-09 5.3250008846816854202e-09 4.8249999551330802205e-09 4.5250008184893886209e-09 8.0749993358608662675e-09
8.8824990029934269842e-08 8.1650000538502354175e-08 5.0824990438513850677e-08 5.52500090122975962e-08 5.0225004599724343279e-08 4.0700005143889939063e-08 6.5524986325726786163e-08 6.3700007046918472042e-08 5.2775007475247548427e-08 6.229998206208620104e-08 8.2049986360743787372e-08 5.1549999824374026502e-08 2.8859997769359324593e-07 8.4524998555934871547e-08 3.6450007456778621417e-08 5.470000630225513305e-08 5.41499964867853123e-08 5.4124981829772877973e-08 7.4049999909675534582e-08 6.2975004766485653818e-08 3.7050000400995486416e-08 4.7474998154939385131e-08 nan nan nan 1.2104999314033193514e-07 2.2384999454061471624e-07 9.182499383086906164e-08 2.8674998375777249748e-08 1.4624999877810296312e-08 9.749999918540197541e-09 8.7000016080196473922e-09 1.0874999567533905065e-08 1.105000269063793894e-08 1.1499996510622167989e-08 8.8750002902315827669e-09 9.8749985966151143657e-09
4.0300001558080111863e-08 5.339999731290845375e-08 4.3924998749389487784e-08 4.7350010135005504708e-08 3.3925005027413135394e-08 2.5324997210418587201e-08 3.7525001772564792191e-08 2.8825002829080403899e-08 2.8025000986531267699e-08 2.78250062990537117e-08 3.3925001474699456594e-08 3.8324987627902373788e-08 2.8324992129569181998e-08 nan nan 1.2807501548195432406e-07 1.1617499495741867577e-07 8.8124991748372849543e-08 5.8174993711190836621e-08 nan nan nan nan nan 9.5074994987953687087e-08 8.3450004240148700774e-08 1.7169999466659646714e-07 2.8279998787184013054e-07 1.362249690828321036e-07 7.0899993431794428034e-08 7.3825006552397098858e-08 8.4899994590159622021e-08 6.7299986028501734836e-08 6.9549983550132310484e-08 5.49500072111186455e-08 4.5925002467583908583e-08 3.867500453225147794e-08
1.2999998411089563888e-08 2.3400000159767841978e-08 3.219999911152626737e-08 2.0499998143463926681e-08 1.9349998936490919732e-08 2.1824996920827288704e-08 2.71250009120649338e-08 1.7400003216039294784e-08 1.3600004677982724388e-08 1.1674999633726201864e-08 6.1499991765856520942e-09 1.4824995453466272011e-08 2.2799994781053101178e-08 nan nan nan 1.7807501251354551641e-07 1.5947499321100622183e-07 2.0767500075180578278e-07 1.6890000154035078594e-07 2.950750115360278869e-07 1.3047500146967649926e-07 5.8999997776254531345e-08 5.9449998701666117995e-08 1.7009999453421187354e-07 6.1629998526768758893e-07 nan nan 3.1834997571422718465e-07 2.7527502766133693513e-07 1.132000022607826395e-07 5.6325003328083766974e-08 6.6224998818142921664e-08 6.9800002222564216936e-08 7.8600002950679481728e-08 9.5524995913365273736e-08 5.4975004104562685825e-08
3.0225002944916923298e-08 4.1025000285799251287e-08 1.5424999944002593111e-08 1.4149999394419410237e-08 1.075000088945898824e-08 1.130000093496619229e-08 6.9750005771140877187e-09 1.1875001426631115464e-08 7.3249997178947978682e-09 8.3499998027036781423e-09 3.149999594498353872e-09 5.8250000378734512196e-09 nan nan nan nan nan 6.0174997429385257419e-08 nan nan nan nan nan 9.3925002886408037739e-08 3.1227500585373491049e-07 nan 1.2803999425159418024e-06 nan 5.9299996024719803245e-08 1.6472499453357158927e-07 2.0074993756225012476e-07 1.2462503207189001841e-07 8.7949985072555136867e-08 4.892499916309134278e-08 4.3025014662134708487e-08 8.8249997531875123968e-08 6.3449995479913923191e-08
3.6154997928861121181e-07 nan nan nan 3.2174998665368548245e-08 nan nan nan nan nan 8.10750009350158507e-08 6.469999647151780664e-08 nan nan nan nan 1.3550000232953607338e-07 1.6449999407086579595e-07 5.6424998007287285873e-08 nan nan 1.2600000331985938828e-07 2.1997499288772814907e-07 5.3732497917735599913e-07 3.5044999435740464833e-07 nan nan nan 5.9674995611658232519e-08 6.7925007840585749364e-08 5.4649991199084979598e-08 6.3000008765357051743e-08 7.8525019375774718355e-08 1.611499982345776516e-07 1.5124996366466803011e-07 7.4775016400963068008e-08 8.7724998820704058744e-08
nan nan nan nan nan nan nan nan nan nan 2.8799998830209005973e-08 1.080000089359600679e-08 7.8250002033541932178e-09 nan nan nan 1.8774997556647576857e-07 2.1940750229987315834e-06 1.3227500517132284585e-07 1.4052498897854093229e-07 2.2622499784574756632e-07 9.0025004340077430243e-08 4.5700002004878115258e-08 8.1799996110021311324e-08 4.4575003244062827434e-08 2.2949999234356255329e-08 9.312500282021574094e-08 nan 4.2460001736799313221e-07 9.3624990427088050637e-08 5.7049984292234512395e-08 4.2750006201686119311e-08 6.8224991878196306061e-08 9.5050026516219077166e-08 2.1812496697748429142e-07 1.2742502519813569961e-07 8.1125008932758646552e-08
nan nan nan nan nan nan nan nan nan 8.0264999269274994731e-07 nan nan 1.9025000241867928708e-08 8.0699997795363742625e-08 3.9561500670970417559e-06 nan 2.0952499824034021003e-07 nan nan nan nan 8.3300001563202386023e-08 3.290000094580136647e-08 2.4775001605803481652e-08 4.6350002946837776108e-08 4.2999992899694916559e-08 7.1350008568060729885e-08 2.407250008218397852e-07 1.1432500457431160612e-07 1.0487499935152300168e-07 7.7049982394328253577e-08 5.95500360134337825e-08 1.4842500206668773899e-07 9.2249976546554535162e-08 1.8112501720679574646e-07 1.4987499241669866024e-07 8.2724994854288524948e-08
nan nan nan nan nan nan 4.2599999972026125761e-08 nan nan 7.5900004503637319431e-08 nan nan 3.0300000730676401872e-08 nan 2.5874999209918314591e-07 nan nan nan 3.1025003011109220097e-08 2.9224999309462873498e-08 3.1424999491491689696e-08 3.0374994963722201646e-08 1.5000004793819243787e-08 1.5424998167645753711e-08 2.3349999267452403728e-08 4.5699998452164436458e-08 6.4725000470389204565e-08 3.2742502753535518423e-07 9.4925006521862087538e-08 8.6049979586277913768e-08 7.9274997233369504102e-08 6.2050006022218440194e-08 4.7275012349246026133e-08 5.0224976178014912875e-08 5.937500091590663942e-08 9.9075016635197243886e-08 9.0099987914982193615e-08
nan nan nan nan nan nan nan nan nan nan nan 3.6675000814057057141e-08 6.7525007807489600964e-08 1.1382500986201193882e-07 9.2100002291317650815e-08 1.151000077470598626e-07 4.4049997427464404609e-08 3.1500000829964847071e-08 2.2025004042802720505e-08 1.6299997795954368485e-08 1.4950000348790126736e-08 1.1650000075746902439e-08 1.1749999195842519839e-08 1.3924997155356777512e-08 1.9900001646533382882e-08 2.8924995731927083398e-08 4.254999197428332991e-08 1.4375002876931830542e-07 5.5224990802571483073e-08 5.8024998139671879471e-08 6.0975004601004911819e-08 4.9224990306129257078e-08 4.7024993676814119681e-08 4.7800039482126521762e-08 5.590001350697093585e-08 7.8974984774049517e-08 1.0974998332358154585e-07
nan nan nan nan nan nan nan nan nan nan 1.2299997464992884488e-08 3.2274996897285745945e-08 1.4700000861012085807e-07 1.2561000630739727058e-06 4.5080003019393188879e-07 1.1597499849358428037e-07 2.6874994674130903149e-08 9.224996766477033816e-09 1.105000091428109954e-08 1.7499997895242813684e-08 1.4424997196726963011e-08 1.1374997832547251164e-08 1.1774999642000238964e-08 1.682500183619595191e-08 2.5649997681398417626e-08 3.5450003821324571618e-08 4.5975006912613025634e-08 1.6890002996206021635e-07 5.917499734664488642e-08 7.4775009295535710407e-08 5.4874991661790772923e-08 5.1874994966283338726e-08 5.6449991348017647397e-08 6.5775012103586050216e-08 8.50750225822594075e-08 1.2352504086265980732e-07 1.0342501610693943803e-07
nan nan nan nan nan nan nan nan nan nan 2.3350001043809243129e-08 2.7499982735434969072e-08 4.7949999526508690906e-08 9.6700020435491751414e-08 1.9907500359295227099e-07 4.0052501049103739206e-07 7.082500275146230706e-08 1.6699996052693677484e-08 9.1250011990950952168e-09 1.1700000968062340689e-08 1.7325000101209298009e-08 1.8699999770888098283e-08 2.0124998556525497406e-08 2.6749994219699146925e-08 2.9674993129447102547e-08 3.5724990965491087991e-08 4.6150006483003380708e-08 1.0004996653378839255e-07 7.5474964944532985101e-08 7.6850000141348573379e-08 5.0424986852704023477e-08 4.0950013158180809114e-08 4.757498928142922523e-08 8.8349999316506000469e-08 1.1727502169378567487e-07 1.6102499955650273478e-07 9.2174992971649771789e-08
