data-raw/tempfiles/01_grid_data_1000BP.asc
ncols 144
nrows 72
xllcorner -180
yllcorner -90
cellsize 2.5
nodata_value -9999
[rows 0 to 31 of 72, columns 71 to 141 of 144]
-18.558 -18.661 -18.707 -18.837 -18.857 -18.922 -18.768 -18.689 -18.665 -18.743 -18.713 -18.745 -18.739 -18.703 -18.655 -18.708 -18.686 -18.693 -18.742 -18.759 -18.763 -18.822 -18.848 -18.903 -18.962 -18.951 -18.885 -18.915 -18.944 -18.978 -19.037 -19.017 -19.043 -19.088 -19.127 -19.139 -19.166 -19.147 -19.150 -19.037 -19.058 -19.090 -19.122 -19.121 -19.109 -19.107 -19.091 -19.061 -19.066 -19.066 -19.060 -19.041 -18.985 -18.940 -18.981 -18.957 -18.936 -18.975 -18.980 -18.980 -18.981 -18.959 -18.927 -18.927 -18.930 -18.918 -18.890 -18.853 -18.841 -18.825 -18.791
-17.733 -17.732 -17.697 -17.622 -17.558 -17.567 -17.570 -17.542 -17.576 -17.608 -17.603 -17.614 -17.603 -17.636 -17.665 -17.720 -17.758 -17.778 -17.814 -17.872 -17.900 -17.962 -18.046 -18.100 -18.153 -18.154 -18.144 -18.170 -18.194 -18.214 -18.244 -18.249 -18.268 -18.299 -18.336 -18.330 -18.342 -18.357 -18.372 -18.411 -18.452 -18.487 -18.509 -18.525 -18.542 -18.564 -18.550 -18.534 -18.550 -18.557 -18.556 -18.524 -18.529 -18.495 -18.468 -18.478 -18.458 -18.439 -18.411 -18.376 -18.356 -18.296 -18.236 -18.199 -18.192 -18.156 -18.126 -18.125 -18.119 -18.120 -18.116
-16.590 -16.518 -16.346 -16.259 -16.249 -16.215 -16.156 -16.152 -16.208 -16.295 -16.365 -16.421 -16.503 -16.635 -16.785 -16.937 -17.084 -17.194 -17.335 -17.471 -17.582 -17.659 -17.716 -17.743 -17.784 -17.804 -17.852 -17.894 -17.934 -17.978 -18.028 -18.059 -18.067 -18.062 -18.066 -18.065 -18.065 -18.077 -18.083 -18.087 -18.053 -18.033 -18.029 -18.031 -18.052 -18.076 -18.083 -18.097 -18.111 -18.142 -18.172 -18.186 -18.237 -18.221 -18.179 -18.161 -18.138 -18.079 -18.029 -17.986 -17.932 -17.855 -17.802 -17.723 -17.651 -17.547 -17.458 -17.351 -17.130 -17.072 -17.062
-13.973 -13.466 -12.968 -12.625 -12.592 -12.573 -12.755 -12.943 -13.429 -13.965 -14.500 -14.678 -14.950 -15.318 -15.645 -15.895 -16.151 -16.271 -16.345 -16.434 -16.521 -16.602 -16.642 -16.629 -16.640 -16.797 -16.987 -17.145 -17.299 -17.452 -17.522 -17.602 -17.631 -17.638 -17.673 -17.671 -17.836 -18.184 -19.626 -19.093 -17.803 -17.395 -17.420 -17.540 -17.614 -17.619 -17.634 -17.618 -17.619 -17.663 -17.708 -17.709 -17.753 -17.714 -17.667 -17.672 -17.632 -17.583 -17.545 -17.449 -17.321 -17.206 -17.073 -16.875 -16.642 -16.393 -16.280 -16.313 -16.413 -16.512 -16.562
-9.961 -8.872 -8.042 -7.633 -8.002 -9.522 -11.797 -13.667 -13.799 -13.199 -13.500 -13.362 -13.446 -13.738 -14.052 -14.274 -14.511 -14.633 -14.601 -14.539 -14.481 -14.431 -14.363 -14.271 -14.231 -14.244 -14.387 -14.533 -14.803 -15.072 -15.360 -15.686 -15.950 -16.203 -16.469 -16.698 -16.879 -17.161 -18.120 -18.896 -18.296 -19.057 -18.770 -17.294 -17.142 -17.423 -17.470 -17.454 -17.494 -17.525 -17.559 -17.572 -17.505 -17.460 -17.444 -17.443 -17.466 -17.474 -17.438 -17.399 -17.265 -17.140 -17.003 -16.791 -16.493 -16.141 -15.780 -15.630 -15.770 -15.824 -15.828
-7.303 -6.602 -6.109 -5.881 -5.895 -6.213 -6.880 -8.243 -9.181 -9.591 -9.738 -9.781 -9.775 -9.915 -10.239 -10.557 -10.760 -10.796 -10.714 -10.693 -10.796 -10.920 -10.931 -11.262 -11.902 -12.106 -12.313 -12.480 -12.417 -12.569 -13.015 -13.529 -13.970 -14.420 -14.757 -15.064 -15.499 -15.895 -16.518 -16.895 -17.238 -18.211 -18.923 -18.611 -18.989 -19.064 -17.591 -17.164 -17.315 -17.376 -17.325 -17.249 -17.230 -17.126 -17.005 -17.107 -17.979 -17.826 -17.574 -16.962 -16.909 -16.863 -16.643 -16.370 -15.958 -15.428 -14.664 -14.423 -14.489 -14.491 -14.362
-5.580 -4.980 -4.481 -4.203 -4.022 -3.986 -4.060 -4.129 -4.305 -4.390 -4.600 -4.605 -4.558 -4.737 -5.098 -5.607 -6.054 -6.298 -6.466 -6.802 -7.378 -8.271 -9.932 -11.531 -10.968 -10.709 -10.593 -10.758 -10.992 -11.387 -11.471 -11.905 -12.462 -13.665 -14.442 -14.762 -15.524 -16.025 -16.486 -16.678 -16.652 -16.529 -16.499 -16.595 -16.886 -17.099 -16.962 -17.213 -17.162 -16.872 -16.791 -16.907 -16.529 -16.261 -16.317 -16.326 -16.439 -16.648 -16.390 -16.067 -16.100 -16.042 -15.931 -15.802 -15.617 -15.389 -15.002 -14.441 -13.972 -13.630 -13.378
-2.194 -1.477 -0.956 -0.554 -0.183 0.055 0.242 0.496 0.496 0.115 -0.619 -1.519 -2.051 -1.278 -1.350 -1.889 -2.375 -3.055 -3.929 -4.871 -5.909 -7.384 -9.445 -9.771 -9.641 -9.561 -9.642 -9.860 -11.369 -11.505 -10.557 -11.609 -12.545 -12.814 -12.959 -12.941 -13.058 -13.489 -13.917 -14.175 -14.395 -14.663 -15.050 -15.546 -15.843 -15.635 -15.375 -15.306 -15.406 -15.871 -16.282 -16.808 -16.461 -15.601 -16.193 -16.013 -15.769 -16.072 -15.708 -15.518 -15.542 -15.098 -14.802 -14.713 -14.622 -13.822 -13.614 -13.394 -12.879 -12.371 -12.158
0.732 1.418 1.983 2.423 2.813 3.057 2.796 0.010 -3.046 -3.796 -3.406 -3.220 -3.251 -2.838 -2.407 -1.944 -1.320 -1.865 -3.387 -4.370 -5.474 -6.285 -7.101 -7.770 -8.297 -9.049 -9.499 -9.003 -9.250 -9.715 -8.841 -9.537 -10.067 -10.509 -10.588 -10.632 -11.328 -12.764 -14.239 -14.826 -14.580 -13.601 -13.128 -13.646 -14.220 -14.065 -13.411 -13.062 -13.445 -13.544 -13.513 -14.605 -15.880 -15.183 -15.289 -15.196 -16.234 -15.727 -14.315 -13.788 -13.904 -13.373 -12.617 -11.892 -11.730 -11.673 -12.206 -12.545 -11.899 -11.861 -12.746
2.644 3.293 3.746 3.978 4.205 3.776 -0.302 -2.555 -2.651 -1.671 -1.557 -2.134 -2.412 -2.167 -1.798 -1.686 -1.886 -2.220 -2.334 -2.803 -3.877 -4.395 -5.074 -5.357 -6.137 -6.946 -7.134 -7.087 -7.068 -7.286 -7.647 -8.219 -8.166 -7.946 -8.073 -7.957 -8.723 -9.798 -10.787 -11.869 -12.072 -11.691 -11.268 -11.307 -11.474 -11.682 -11.726 -11.490 -11.552 -11.581 -11.494 -13.196 -14.463 -13.761 -14.135 -14.183 -15.007 -14.565 -13.856 -13.495 -12.033 -10.898 -11.155 -10.784 -10.817 -10.809 -10.634 -10.899 -10.859 -10.323 -9.630
4.345 4.860 5.347 5.107 3.728 1.216 -0.625 -0.223 0.224 0.931 0.535 -0.233 -0.585 -0.579 -0.411 -0.606 -0.477 -0.718 -1.099 -1.640 -2.156 -2.506 -2.633 -2.987 -4.687 -4.430 -4.247 -4.508 -4.918 -5.459 -5.924 -6.161 -6.117 -5.801 -5.749 -5.929 -6.897 -7.905 -8.144 -8.545 -8.731 -8.829 -8.762 -8.829 -8.988 -9.316 -9.369 -9.084 -9.161 -9.214 -9.261 -9.864 -11.149 -11.915 -12.467 -12.765 -13.741 -13.502 -13.194 -12.860 -12.087 -11.192 -10.741 -10.332 -10.459 -9.435 -8.963 -8.591 -8.027 -7.700 -7.281
5.927 6.238 6.325 1.728 -0.844 0.640 0.926 2.054 3.195 2.534 1.740 1.794 1.665 1.669 1.364 0.867 0.405 0.261 0.125 -0.042 -0.336 -0.689 -0.908 -1.273 -2.405 -1.472 -1.586 -2.008 -2.540 -3.032 -3.603 -3.763 -3.790 -4.124 -4.372 -4.399 -4.401 -5.064 -5.888 -6.403 -6.370 -6.418 -6.661 -6.604 -6.620 -6.733 -6.467 -6.314 -6.585 -7.050 -7.347 -7.914 -8.624 -9.270 -9.896 -10.563 -11.324 -10.130 -9.549 -9.147 -9.158 -9.223 -8.987 -6.124 -3.745 -4.341 -4.449 -4.380 -4.608 -4.270 -1.705
7.291 7.227 7.196 4.623 4.239 5.142 4.133 4.393 5.028 4.793 4.309 3.599 3.638 3.222 2.510 2.094 1.942 1.634 1.495 1.435 1.153 0.545 0.542 0.360 -0.345 0.656 0.506 -0.180 -0.680 -1.178 -1.541 -1.891 -2.075 -2.254 -2.507 -2.577 -2.491 -2.708 -3.570 -3.958 -3.893 -3.977 -4.679 -5.013 -4.852 -5.146 -6.034 -6.520 -5.693 -5.935 -6.565 -7.267 -7.570 -7.755 -7.678 -8.027 -7.504 -3.811 -2.318 -2.197 -1.919 -2.143 -2.305 -0.665 -1.592 -3.396 -0.410 1.104 1.636 1.902 2.029
8.318 8.393 8.170 7.946 7.619 7.084 5.865 6.477 6.571 6.138 5.134 4.714 4.442 4.038 3.543 3.468 3.424 3.248 3.157 2.935 2.544 2.417 2.303 2.006 1.180 1.772 1.485 0.960 0.586 0.138 -0.224 -0.592 -0.714 -0.709 -0.543 -0.331 -0.438 -0.566 -1.031 -1.248 -1.552 -2.249 -2.816 -3.351 -4.801 -6.512 -6.743 -6.855 -7.269 -6.276 -6.196 -6.414 -7.198 -8.009 -6.674 -5.419 -3.419 -1.613 -0.954 -0.473 0.059 0.725 1.298 -0.623 -2.901 -1.615 2.022 2.816 3.055 3.297 3.471
8.662 9.267 9.187 9.005 8.762 8.609 8.504 8.044 7.494 7.172 6.304 5.544 5.248 4.887 4.669 4.381 4.362 4.413 3.966 3.720 3.760 3.556 2.929 2.518 1.606 2.529 2.448 2.040 1.739 1.758 1.674 1.414 1.276 1.295 1.500 1.217 0.042 0.126 -1.253 -3.262 -3.276 -1.560 -1.304 -2.229 -2.942 -4.866 -4.133 -4.207 -4.192 -3.926 -3.307 -2.911 -3.519 -4.785 -4.856 -2.687 -1.875 -1.236 -0.723 0.188 1.061 1.895 2.480 0.536 -0.578 2.673 3.744 3.995 4.311 4.533 4.641
9.660 10.062 9.867 9.364 8.679 8.411 8.657 8.370 8.180 7.771 7.554 7.043 6.759 6.532 6.113 6.073 6.035 5.967 5.671 5.675 5.733 5.213 4.667 3.749 3.204 3.324 3.314 3.063 2.614 2.785 2.845 3.250 3.520 2.771 1.034 -0.876 -3.514 -2.601 -2.031 -2.943 -4.983 -4.077 -1.617 -0.467 -0.742 -1.464 -0.648 -1.071 -1.821 -2.615 -1.993 -1.139 -1.086 -2.882 -4.242 -1.897 -1.366 -0.179 -0.053 0.535 1.434 2.329 2.858 2.789 3.562 4.467 4.810 5.068 5.265 5.452 5.571
11.003 10.530 10.334 9.583 9.177 8.250 7.919 8.800 8.224 8.116 7.145 7.609 8.127 8.106 7.867 7.785 7.753 8.023 8.037 7.923 7.785 7.572 7.284 5.851 4.990 5.444 5.523 4.409 3.878 3.816 2.945 2.758 3.251 3.249 2.563 -0.878 -4.727 -2.943 -0.260 -2.767 -3.617 -1.074 0.701 0.223 -1.726 -0.314 1.379 1.688 0.646 -0.079 1.672 1.083 0.958 0.753 0.912 0.263 -1.078 1.447 1.434 1.599 2.350 2.943 3.310 3.856 4.696 5.243 5.597 5.863 5.972 6.174 6.374
12.481 11.465 10.491 8.111 7.145 6.878 8.224 9.884 10.886 10.389 8.223 8.519 10.495 10.587 10.516 10.899 10.949 10.499 10.131 10.149 9.728 10.105 9.977 8.568 7.527 7.960 8.307 7.752 7.659 6.999 6.670 7.062 6.364 4.872 4.467 5.974 4.436 -0.037 0.086 -0.727 -1.234 -0.470 2.080 2.203 2.326 2.481 2.108 2.707 1.752 3.468 5.019 3.668 2.984 3.773 3.292 1.202 3.577 4.567 3.593 3.342 3.617 4.117 4.671 5.257 5.889 6.351 6.561 6.646 6.640 6.928 7.324
13.302 11.846 12.799 11.947 14.093 13.146 13.566 12.137 9.898 10.766 10.973 11.536 12.324 12.731 12.746 12.911 12.792 9.511 8.790 10.551 11.782 12.151 11.890 11.093 10.615 11.315 11.538 11.374 10.732 9.414 7.975 6.639 4.186 2.788 2.073 2.862 5.719 5.812 5.013 4.771 4.907 4.934 4.683 5.342 6.053 5.306 4.387 3.486 5.066 7.682 6.860 5.419 4.192 5.317 4.336 5.294 6.934 7.080 5.910 5.409 5.697 6.338 7.081 7.604 7.958 8.166 8.205 8.275 8.225 8.403 9.048
12.518 14.151 16.056 16.524 16.111 16.369 15.348 15.417 14.721 11.440 12.404 13.503 14.107 12.914 11.655 12.598 12.051 9.513 6.967 9.131 12.479 13.951 14.863 14.622 14.608 14.377 14.542 13.670 12.717 7.843 2.477 -0.632 1.969 6.879 8.824 8.795 9.683 10.590 9.077 5.943 7.505 8.654 7.844 7.543 6.542 5.585 5.258 6.358 8.140 9.239 7.953 5.779 5.439 8.270 8.119 9.030 9.862 9.445 9.140 8.371 8.921 9.654 10.207 10.456 10.495 10.525 10.633 10.821 11.000 11.183 11.284
15.027 17.595 17.872 17.982 17.717 17.827 17.645 17.434 17.827 15.496 16.587 16.738 14.208 11.903 11.959 10.053 10.648 9.956 7.276 9.160 13.308 15.779 17.491 16.496 16.650 16.759 16.918 14.214 9.321 0.289 -5.419 4.235 11.440 11.540 11.491 9.317 5.178 4.093 3.446 -2.280 -1.460 5.122 8.730 8.872 8.553 8.037 9.460 13.103 11.934 10.779 10.243 9.790 10.989 11.835 11.979 12.444 12.151 11.781 12.566 12.808 13.288 13.674 13.742 13.673 13.605 13.607 13.667 13.824 13.985 14.094 14.099
17.646 17.592 17.455 17.451 18.003 18.882 18.456 19.054 19.078 18.580 18.345 18.674 18.141 17.396 17.087 17.800 18.434 19.236 16.892 11.144 10.317 13.658 14.753 15.080 13.663 16.738 15.152 12.254 10.012 0.959 -3.161 -6.897 -3.607 0.033 -2.078 -6.590 -7.113 -5.166 -0.203 1.087 -0.791 2.199 7.035 8.974 10.425 11.089 12.934 14.657 13.570 12.875 12.491 12.248 12.829 14.320 14.750 13.853 12.569 15.237 16.021 16.346 16.397 16.688 16.595 16.451 16.340 16.324 16.360 16.346 16.388 16.430 16.444
16.365 16.671 18.632 21.336 21.379 21.120 20.244 19.982 19.958 19.889 19.778 19.710 20.008 20.253 20.621 18.255 19.464 21.486 23.335 18.627 12.488 14.141 18.462 19.683 16.763 17.431 11.679 7.842 8.742 17.082 13.608 -0.405 -7.541 -7.107 -5.012 -5.023 -5.019 -4.838 -3.229 -2.178 -1.713 0.765 5.644 11.269 13.114 14.211 16.005 16.045 15.460 14.642 14.640 15.116 16.006 16.075 16.522 16.974 17.721 18.454 18.912 18.998 18.771 18.930 18.923 18.774 18.702 18.683 18.659 18.667 18.661 18.626 18.633
20.338 20.360 21.620 22.390 21.962 21.375 21.992 22.101 21.656 22.460 22.210 21.631 21.687 21.638 21.322 20.169 21.232 22.590 24.562 25.619 23.497 13.882 15.726 17.593 21.417 21.797 21.173 17.396 16.645 24.098 23.692 18.228 2.615 -4.637 -3.627 -2.822 -2.284 -2.143 -2.267 -0.912 0.900 3.296 11.282 16.984 15.403 15.987 17.281 17.064 17.225 16.653 16.740 18.167 19.215 19.099 20.128 20.283 20.345 20.623 20.752 20.743 20.641 20.465 20.778 20.762 20.673 20.670 20.671 20.646 20.589 20.570 20.532
23.408 22.900 22.584 22.954 22.719 22.175 22.072 22.372 23.098 23.701 22.930 22.794 22.991 22.967 22.675 21.805 22.915 23.168 24.378 25.385 26.157 23.427 19.476 18.737 22.587 21.031 22.729 20.312 23.932 26.065 25.876 24.271 22.488 16.248 6.104 0.635 0.840 1.874 7.228 8.584 5.630 7.546 14.537 17.603 16.987 17.809 18.613 19.027 18.300 18.080 19.151 20.714 21.498 21.867 22.019 22.223 22.359 22.338 22.339 22.393 22.392 22.224 22.448 22.534 22.461 22.456 22.449 22.444 22.361 22.343 22.274
24.104 25.179 24.264 22.601 22.841 23.267 23.073 23.350 23.919 23.817 23.312 22.566 22.963 24.280 25.813 25.844 24.441 24.235 25.400 25.603 26.896 26.424 26.324 27.175 26.257 25.111 24.885 25.157 26.180 27.049 25.369 25.108 24.989 24.694 24.154 22.238 20.122 18.911 20.225 19.991 14.148 14.504 14.702 17.635 18.648 19.265 19.971 20.008 20.102 20.733 22.272 23.052 23.234 23.300 23.590 23.952 24.049 23.983 23.938 23.988 23.959 23.987 24.103 24.118 24.007 24.011 24.025 24.047 23.932 23.888 23.813
25.486 25.612 24.576 21.354 21.987 22.214 22.374 23.508 23.449 22.932 23.704 22.479 24.479 25.708 26.960 26.121 27.403 26.382 25.863 25.892 27.345 28.200 27.717 27.647 27.441 26.197 25.822 25.910 26.522 27.175 26.331 25.916 24.956 24.542 24.388 24.576 24.180 23.602 21.890 22.874 18.819 18.261 18.438 21.012 21.858 21.581 22.209 22.167 22.989 22.472 24.738 24.938 24.832 24.811 25.005 25.327 25.491 25.490 25.484 25.441 25.382 25.402 25.479 25.433 25.305 25.231 25.241 25.230 25.149 25.065 25.009
26.827 26.312 25.616 25.525 24.326 24.789 24.954 23.321 21.744 23.963 23.984 23.807 25.416 26.990 28.337 27.759 28.313 26.032 26.361 26.980 27.852 28.342 28.794 29.276 28.157 26.014 26.038 26.167 26.481 27.024 26.459 26.222 25.921 25.668 25.718 26.023 26.103 25.933 23.802 24.095 21.967 21.785 21.489 23.903 23.846 23.890 24.296 24.873 25.688 26.055 26.215 26.140 26.151 26.234 26.309 26.415 26.528 26.577 26.582 26.507 26.453 26.482 26.450 26.377 26.275 26.201 26.195 26.146 26.103 25.950 25.862
27.900 27.545 27.200 27.195 24.997 25.720 26.718 27.439 27.601 26.846 25.103 25.637 26.985 28.706 29.953 28.900 28.497 27.531 23.957 26.943 28.020 28.196 27.827 27.795 26.268 26.318 26.566 26.906 27.200 27.585 25.777 26.634 26.989 26.182 26.168 27.540 27.263 27.202 26.254 25.839 25.172 25.152 23.847 24.880 25.296 25.719 26.366 26.867 27.306 27.167 27.335 27.128 27.162 27.273 27.283 27.220 27.302 27.438 27.243 27.161 27.238 27.209 27.167 27.099 27.038 26.923 26.857 26.809 26.749 26.575 26.505
28.821 29.033 28.325 27.929 27.574 27.224 27.774 28.929 29.654 28.644 26.100 26.072 28.048 29.298 30.313 29.686 27.326 29.422 24.433 26.275 25.912 26.708 26.243 26.520 26.488 26.596 26.796 27.163 27.442 27.841 26.280 26.918 27.311 27.887 27.966 27.800 27.459 27.231 27.172 27.543 26.843 27.244 27.237 25.676 26.471 27.141 27.492 27.830 27.994 26.480 27.683 27.544 27.816 27.842 27.722 27.689 27.762 27.862 27.691 27.607 27.694 27.691 27.617 27.515 27.380 27.259 27.161 27.085 27.000 26.902 26.798
28.238 28.340 28.278 27.483 27.438 28.532 29.029 29.408 29.682 28.087 25.961 26.927 28.210 29.275 29.069 26.256 21.973 29.454 26.361 26.132 27.439 27.495 26.983 26.844 26.885 26.986 27.157 27.497 27.716 27.973 27.339 25.382 26.725 28.197 28.041 27.855 27.666 27.482 27.551 27.905 27.118 27.979 27.943 27.129 26.288 27.810 28.068 28.217 28.363 27.849 27.814 27.881 28.099 28.184 28.027 28.006 28.052 28.026 27.795 27.794 27.869 27.839 27.726 27.602 27.450 27.354 27.266 27.232 27.209 27.168 27.066
27.877 28.125 27.759 26.571 25.838 27.781 28.361 28.648 28.079 27.706 27.067 27.499 27.277 27.411 27.238 22.684 19.331 27.508 27.861 27.770 27.168 27.430 26.974 27.124 27.393 27.520 27.681 27.881 27.894 28.119 28.047 26.037 27.758 28.095 28.320 28.054 27.878 27.669 27.684 27.917 27.681 28.066 27.589 27.394 26.811 28.097 28.334 28.388 28.353 27.965 27.784 28.045 28.345 28.261 28.090 28.039 28.072 28.081 27.955 27.943 27.907 27.899 27.809 27.683 27.539 27.497 27.485 27.531 27.596 27.513 27.315
