data-raw/tempfiles/01_grid_data_1000BP.asc
ncols 144
nrows 72
xllcorner -180
yllcorner -90
cellsize 2.5
nodata_value -9999
[rows 32 to 63 of 72, columns 71 to 141 of 144]
27.353 26.702 26.580 26.971 26.326 26.787 26.834 27.317 27.667 27.288 26.090 26.490 26.833 26.746 25.373 19.552 18.316 22.468 23.993 26.051 26.712 27.007 26.984 27.262 27.576 27.758 27.957 28.160 28.212 28.283 28.316 27.580 28.167 28.146 28.353 28.144 28.021 27.873 27.930 28.086 28.000 28.258 28.208 27.903 28.034 28.205 28.335 28.507 28.390 28.276 27.320 27.405 28.098 28.059 27.948 27.896 27.961 28.039 28.027 27.881 27.903 28.017 27.891 27.735 27.704 27.732 27.754 27.825 27.934 27.787 27.543
26.728 26.977 26.808 26.658 25.870 24.102 24.117 25.473 26.425 26.107 26.003 26.313 26.173 26.324 26.721 22.841 20.279 25.267 27.636 28.027 27.904 26.923 27.186 27.373 27.597 27.710 27.841 27.968 28.047 28.140 28.206 28.265 28.092 27.516 28.311 28.243 28.221 28.131 28.091 27.630 28.247 27.271 28.063 28.252 28.241 28.173 28.263 26.951 27.809 28.138 27.577 27.492 27.981 27.915 27.847 27.816 27.840 27.793 27.535 27.721 28.069 28.026 27.996 27.856 27.902 27.965 27.933 27.911 27.961 27.856 27.683
26.944 26.975 26.970 26.610 25.781 24.663 24.169 24.957 25.649 25.344 24.922 25.086 24.602 24.961 25.852 28.354 24.881 27.343 28.173 28.515 27.146 27.155 27.284 27.400 27.530 27.613 27.747 27.834 27.925 27.960 27.985 27.955 27.952 27.975 28.044 28.074 28.096 28.078 27.991 26.200 26.439 27.136 27.867 28.325 28.191 27.775 27.043 25.469 27.666 28.048 27.942 27.820 27.845 27.828 27.722 27.399 27.341 27.645 27.856 28.039 28.177 28.151 28.081 27.922 27.910 27.966 27.898 27.871 27.941 27.992 27.944
26.566 26.580 26.587 26.530 26.459 24.752 24.611 25.467 25.680 25.535 25.210 24.578 22.992 22.652 23.370 23.661 26.407 28.773 28.230 27.328 27.097 27.075 27.190 27.345 27.471 27.561 27.681 27.754 27.810 27.856 27.879 27.825 27.788 27.782 27.831 27.879 27.899 27.793 27.635 27.456 26.329 27.137 27.886 28.259 27.903 27.544 26.066 25.425 27.369 26.984 27.361 27.703 27.400 27.722 27.628 27.840 27.841 27.947 27.979 28.027 28.172 28.247 28.103 27.900 27.837 27.853 27.851 27.893 28.001 28.124 28.129
25.894 25.940 25.995 25.990 26.272 25.221 24.740 25.713 25.594 25.525 25.150 24.216 21.888 21.464 22.290 21.039 25.774 27.768 27.068 27.138 27.101 27.102 27.167 27.297 27.371 27.400 27.457 27.540 27.666 27.742 27.724 27.659 27.625 27.652 27.680 27.663 27.619 27.544 27.435 27.288 26.995 25.921 27.446 27.920 27.883 27.542 27.160 26.909 26.924 25.930 27.538 27.816 27.593 27.001 26.183 27.355 27.375 27.732 27.825 27.845 28.071 28.245 28.176 27.931 27.817 27.855 27.874 27.931 27.991 28.066 28.187
25.599 25.596 25.671 25.757 26.174 25.239 24.639 25.521 25.787 25.607 25.286 24.797 22.315 22.867 24.062 22.959 25.311 26.828 27.163 27.290 27.067 27.022 27.041 27.134 27.182 27.185 27.212 27.261 27.384 27.585 27.609 27.514 27.461 27.481 27.492 27.489 27.417 27.409 27.388 27.197 27.232 26.796 26.425 27.851 28.078 28.396 27.893 27.591 27.204 26.434 27.911 27.435 27.318 27.449 26.561 23.454 22.761 24.682 26.511 27.709 28.086 27.641 27.987 27.927 27.750 27.791 27.840 27.843 27.882 27.966 28.093
25.039 24.928 24.905 25.104 25.434 25.431 25.169 24.635 24.484 25.116 25.162 25.330 24.193 23.666 23.521 23.029 25.103 26.758 27.117 27.182 26.996 26.849 26.871 26.934 26.988 27.016 27.038 27.061 27.191 27.387 27.460 27.389 27.349 27.267 27.305 27.359 27.348 27.357 27.353 27.329 27.493 27.409 27.150 27.100 27.446 27.972 28.213 28.336 28.335 28.361 28.188 27.919 27.801 27.752 27.744 27.537 26.929 25.075 20.801 22.769 26.822 26.860 27.883 27.554 27.655 27.662 27.734 27.739 27.733 27.795 27.928
24.194 23.934 23.777 24.017 24.451 25.076 25.765 24.047 23.731 23.849 23.949 24.515 23.354 22.671 22.063 22.403 24.998 26.612 26.878 27.014 26.833 26.698 26.731 26.773 26.825 26.851 26.839 26.853 27.017 27.179 27.250 27.124 27.155 27.137 27.103 27.156 27.213 27.254 27.262 27.296 27.375 27.404 27.455 27.373 27.287 27.305 27.295 27.782 28.007 28.074 27.961 27.730 28.083 28.032 28.103 28.016 27.847 27.364 26.518 24.800 25.164 27.414 27.751 27.657 27.454 27.216 27.553 27.552 27.559 27.594 27.699
23.102 22.914 22.703 22.664 23.063 23.959 24.135 21.616 22.688 23.409 23.456 22.938 23.329 22.613 21.880 23.018 24.176 26.715 27.164 27.084 26.737 26.599 26.627 26.657 26.646 26.621 26.635 26.634 26.764 26.846 26.893 26.648 26.828 26.857 26.888 26.904 26.937 27.002 27.048 27.082 27.060 27.041 26.983 27.195 27.294 27.559 27.763 27.924 28.202 28.361 28.362 28.321 28.109 28.359 28.290 28.312 28.215 27.656 26.822 26.743 26.428 27.055 27.407 27.444 27.303 27.167 27.272 27.234 27.222 27.299 27.435
22.247 22.120 21.878 21.641 21.590 22.498 24.321 22.272 22.375 23.331 23.990 23.493 22.867 23.636 22.621 23.184 24.103 26.715 26.933 26.873 24.887 26.243 26.635 26.497 26.384 26.340 26.337 26.323 26.353 26.363 26.318 26.159 26.327 26.415 26.462 26.480 26.454 26.458 26.498 26.547 26.451 26.457 26.538 26.635 26.748 26.961 27.279 27.589 27.983 28.226 28.324 28.171 28.423 28.847 28.448 28.654 28.324 27.856 26.591 26.538 26.691 26.880 27.030 27.044 26.906 26.879 26.831 26.643 26.685 26.859 27.077
21.797 21.610 21.334 20.938 20.392 22.742 25.134 24.827 24.042 24.375 24.968 23.670 23.763 24.055 25.372 24.773 25.770 26.773 26.545 26.658 23.510 25.994 26.424 26.219 26.038 25.972 25.921 25.866 25.810 25.746 25.612 25.674 25.683 25.703 25.673 25.653 25.621 25.565 25.524 25.566 25.475 25.494 25.583 25.649 25.968 26.288 26.684 27.142 27.596 27.784 28.341 27.729 28.935 28.836 28.294 27.996 27.672 27.785 26.490 25.494 26.255 26.315 26.400 26.349 26.250 26.256 26.204 25.913 25.859 26.101 26.398
21.604 21.263 21.077 20.674 19.899 20.411 23.697 23.744 23.530 24.385 24.884 24.239 22.861 21.451 23.997 25.984 26.340 26.440 25.807 22.848 22.965 26.180 26.206 25.821 25.413 25.323 25.253 25.192 25.082 25.000 24.825 24.876 24.853 24.687 24.597 24.619 24.507 24.439 24.329 24.275 24.156 24.204 24.126 24.514 24.870 25.384 25.999 26.641 26.833 27.720 28.404 28.424 27.677 27.851 27.702 27.565 27.360 27.546 24.956 24.212 25.535 25.498 25.530 25.384 25.260 25.291 25.316 25.116 24.866 25.028 25.356
21.358 20.978 20.678 20.479 20.006 18.996 21.670 21.751 21.240 23.244 24.453 24.044 23.350 24.755 25.541 25.609 26.015 25.706 25.254 22.435 24.338 25.620 25.620 25.103 24.831 24.500 24.397 24.280 24.180 24.070 24.009 23.876 23.733 23.583 23.454 23.408 23.290 23.182 22.939 22.939 22.769 22.737 22.746 23.175 23.562 24.193 25.301 26.829 26.653 26.889 27.159 26.968 26.538 25.839 25.423 25.751 25.984 26.208 25.067 24.563 24.077 24.449 24.622 24.386 24.199 24.217 24.124 23.750 23.915 23.962 24.183
21.023 20.715 20.288 19.852 19.724 18.721 19.035 21.732 21.697 22.247 22.607 22.585 22.383 24.385 26.310 25.135 25.105 24.946 24.694 22.739 24.777 24.873 24.689 24.358 24.024 23.689 23.520 23.359 23.292 23.166 22.928 22.788 22.601 22.437 22.276 22.185 22.097 21.889 21.618 21.661 21.309 21.233 21.303 21.779 22.358 22.981 25.079 25.544 25.233 25.836 26.528 26.139 25.090 23.905 23.657 25.187 25.690 25.588 24.805 23.525 23.111 23.119 23.677 23.508 23.219 23.154 23.216 23.157 22.960 22.922 22.989
20.490 20.264 19.947 19.612 19.580 18.933 18.281 21.404 21.704 22.205 20.943 19.755 18.959 21.366 24.704 24.092 23.959 23.926 24.330 24.067 23.927 23.493 23.315 23.178 22.849 22.587 22.380 22.233 22.181 22.024 21.666 21.602 21.487 21.278 21.071 20.736 20.484 20.304 20.290 20.184 19.587 19.630 19.727 20.288 20.904 21.615 23.486 24.064 23.946 24.288 24.399 23.683 22.025 21.958 23.436 24.551 24.794 24.451 23.785 22.706 21.633 21.294 22.307 22.632 22.248 22.108 21.987 21.855 21.687 21.653 21.738
19.712 19.418 19.228 19.153 19.076 18.839 18.035 20.187 21.133 21.071 19.498 18.596 16.578 21.258 23.340 22.983 22.908 22.741 22.725 22.595 22.381 21.863 21.324 20.971 21.125 20.873 20.879 20.522 20.680 20.643 20.506 20.236 19.954 19.195 18.054 17.418 17.318 17.339 17.753 17.829 17.451 17.588 18.388 18.947 19.420 20.172 21.412 22.115 21.567 22.050 22.086 22.450 21.562 21.443 22.137 23.253 23.255 23.411 23.288 22.494 21.787 18.920 20.904 21.696 21.293 20.966 20.748 20.456 20.306 20.325 20.409
18.536 18.332 18.335 18.340 18.267 18.296 18.217 18.083 19.822 19.210 18.595 17.466 18.686 21.839 21.835 21.467 21.412 21.246 21.109 20.974 20.585 19.531 19.515 19.437 19.605 19.556 19.348 18.853 18.558 19.093 18.975 18.317 16.816 16.055 15.929 15.875 15.788 15.699 15.560 15.565 15.593 15.732 16.630 17.428 17.754 18.493 19.590 19.940 19.625 19.991 20.874 21.637 21.025 20.628 20.627 20.867 20.429 21.210 21.103 20.630 19.665 17.336 20.473 20.632 20.296 19.957 19.649 19.336 19.092 18.936 18.972
16.797 16.666 16.767 16.971 16.930 17.085 17.336 17.437 18.203 18.930 19.626 20.058 20.035 20.024 19.877 19.583 19.573 19.478 19.357 18.702 18.009 18.024 18.211 18.088 17.707 17.664 17.049 16.550 16.523 17.135 16.721 15.304 14.504 14.431 14.429 14.288 14.143 14.027 14.004 13.957 13.975 14.171 14.701 15.460 16.044 16.851 17.928 18.217 18.368 18.527 18.442 17.457 17.309 17.365 18.064 19.271 19.037 19.770 19.559 18.513 16.585 18.677 19.649 19.306 18.957 18.619 18.288 18.049 17.684 17.386 17.321
15.138 15.066 14.942 14.909 15.018 15.338 15.820 16.474 17.101 17.672 17.990 18.268 18.186 18.042 17.872 17.865 17.793 17.599 17.292 16.636 16.420 16.502 16.372 16.184 15.970 16.125 15.876 15.484 15.194 14.257 13.737 13.209 13.415 13.666 13.245 12.645 12.524 12.597 12.902 12.871 12.691 12.958 13.458 13.816 14.305 14.841 15.546 15.960 15.946 15.661 15.470 15.458 15.533 15.693 15.895 16.296 16.842 17.296 16.969 15.930 14.607 17.393 17.939 17.742 17.485 17.149 16.843 16.610 16.339 16.080 15.659
12.827 13.001 12.939 12.952 13.028 13.387 14.020 14.795 15.572 15.779 15.915 15.700 15.459 15.365 15.346 15.070 14.991 14.829 14.617 14.726 14.864 14.864 15.012 14.918 14.975 14.887 14.725 14.242 13.683 12.790 12.163 12.898 13.423 13.343 13.177 12.805 12.266 12.072 11.923 11.267 11.361 11.914 12.290 12.407 12.599 12.801 13.215 13.650 13.603 13.551 13.567 13.621 13.812 13.984 14.095 14.482 14.920 15.494 15.651 15.183 15.579 15.804 15.948 15.869 15.667 15.390 15.180 15.143 15.173 15.172 14.287
10.584 10.690 10.746 10.766 10.763 11.066 11.493 12.171 12.737 12.696 12.749 12.664 12.648 12.734 12.544 12.432 12.260 11.986 11.784 11.904 11.995 12.038 12.532 12.901 13.269 13.354 13.189 12.772 12.437 11.962 11.429 10.953 10.992 11.324 11.423 11.238 11.201 11.197 11.032 10.769 10.926 10.995 10.885 10.858 10.836 10.862 10.961 11.182 11.414 11.678 11.760 11.669 11.784 12.165 12.301 12.590 13.009 13.415 13.586 12.764 13.631 14.085 14.118 14.035 13.908 13.734 13.706 13.785 14.011 12.678 12.281
8.882 8.702 8.711 8.473 8.641 8.701 8.987 9.177 9.267 9.524 9.600 9.699 9.849 9.977 9.818 9.596 9.476 9.113 8.983 8.980 8.955 9.026 9.488 10.183 10.767 11.116 11.172 10.748 10.370 10.318 10.193 10.023 9.606 9.314 9.182 9.146 9.354 9.369 9.234 9.246 9.319 9.399 9.371 9.458 9.564 9.575 9.590 9.596 9.802 10.191 10.306 10.302 10.355 10.541 10.642 10.887 11.285 11.562 11.930 12.176 12.358 12.359 12.228 12.153 12.174 12.184 12.349 12.190 9.680 9.372 11.852
6.901 6.866 6.750 6.381 6.176 6.140 6.328 6.596 6.781 6.813 6.721 6.903 7.334 7.472 7.420 7.256 7.265 7.259 7.163 7.045 6.882 6.880 7.119 7.500 7.916 8.202 8.203 7.883 7.668 7.639 7.736 7.808 7.650 7.503 7.590 7.833 7.737 7.246 7.180 7.039 6.969 7.124 7.415 7.490 7.599 7.785 7.905 8.090 8.117 8.418 8.821 8.952 9.065 9.275 9.361 9.342 9.706 9.971 10.148 10.406 10.454 10.447 10.383 10.402 10.501 10.718 11.027 10.435 9.178 10.822 10.938
4.920 4.941 4.940 4.801 4.641 4.502 4.454 4.534 4.506 4.534 4.497 4.722 5.130 5.368 5.467 5.421 5.394 5.499 5.556 5.556 5.503 5.482 5.427 5.459 5.579 5.686 5.701 5.577 5.353 5.452 5.349 5.273 5.302 5.350 5.518 5.507 5.335 5.559 5.788 5.357 5.120 5.334 5.506 5.459 5.357 5.635 5.958 6.203 6.353 6.504 6.991 7.281 7.487 7.696 7.858 7.910 7.956 8.265 8.349 8.480 8.653 8.744 8.792 8.882 9.002 9.251 9.511 9.664 9.619 9.400 9.264
2.918 3.007 2.989 2.887 2.738 2.602 2.606 2.611 2.603 2.588 2.641 2.818 3.118 3.426 3.624 3.716 3.827 3.837 3.847 3.901 3.945 3.975 3.860 3.744 3.742 3.759 3.856 3.916 3.862 3.846 3.607 3.414 3.332 3.363 3.438 3.584 3.622 3.843 3.915 3.655 3.348 3.394 3.553 3.637 3.633 3.605 3.848 4.083 4.362 4.609 4.973 5.415 5.735 5.802 5.778 6.067 6.169 6.282 6.392 6.512 6.771 7.004 7.185 7.283 7.465 7.683 7.928 8.093 8.161 8.077 7.902
1.012 1.066 1.075 1.019 0.884 0.799 0.850 0.945 0.985 1.046 1.169 1.383 1.708 2.023 2.239 2.395 2.421 2.408 2.334 2.291 2.407 2.459 2.361 2.272 2.208 2.337 2.417 2.448 2.369 2.267 1.965 1.678 1.459 1.432 1.645 1.925 2.019 2.199 2.097 1.896 1.866 2.032 2.016 1.943 1.927 1.830 2.109 2.438 2.724 3.012 3.308 3.631 3.834 3.956 4.056 4.297 4.314 4.295 4.338 4.490 4.759 5.089 5.351 5.392 5.443 5.899 6.318 6.656 6.785 6.754 6.611
-0.859 -0.861 -0.889 -0.933 -0.968 -0.904 -0.785 -0.581 -0.460 -0.315 0.052 0.403 0.707 0.950 1.077 1.261 1.247 1.220 1.216 1.063 1.009 0.950 0.813 0.734 0.640 0.689 0.712 0.703 0.637 0.479 0.191 -0.107 -0.319 -0.332 -0.167 0.113 0.303 0.370 0.380 0.351 0.264 0.238 0.241 0.316 0.383 0.431 0.601 0.873 1.071 1.376 1.578 1.779 1.891 2.112 2.411 2.580 2.694 2.626 2.504 2.572 2.717 2.985 3.334 3.433 3.373 3.685 4.430 4.968 5.296 5.385 5.322
-2.605 -2.602 -2.622 -2.760 -2.709 -2.467 -2.289 -2.114 -1.878 -1.497 -1.145 -0.861 -0.546 -0.563 -0.591 -0.471 -0.527 -0.518 -0.549 -0.702 -0.792 -0.882 -1.110 -1.354 -1.428 -1.312 -1.312 -1.259 -1.478 -1.842 -2.204 -2.497 -2.606 -2.555 -2.400 -1.922 -1.601 -1.615 -1.798 -1.777 -1.681 -1.609 -1.439 -1.310 -1.109 -0.920 -0.734 -0.593 -0.314 -0.135 0.026 0.251 0.428 0.558 0.852 0.935 0.909 1.129 1.072 0.897 0.979 1.040 1.181 1.473 1.527 1.696 2.348 2.910 3.314 3.536 3.531
-3.965 -3.831 -3.759 -4.053 -4.095 -3.808 -3.676 -3.453 -3.228 -3.109 -2.939 -2.696 -2.582 -2.623 -2.541 -2.534 -2.471 -2.500 -2.617 -2.719 -2.904 -3.264 -3.619 -3.879 -4.072 -3.966 -4.074 -4.151 -4.410 -4.583 -4.727 -4.788 -4.653 -4.579 -4.557 -4.432 -4.224 -4.187 -4.188 -4.155 -3.997 -3.782 -3.480 -3.235 -3.033 -2.794 -2.478 -2.341 -2.026 -1.837 -1.587 -1.323 -1.092 -0.953 -0.927 -0.957 -1.053 -0.952 -0.963 -1.088 -1.144 -1.211 -1.206 -0.791 -0.553 -0.430 -0.024 0.281 0.540 0.800 1.132
-5.108 -4.959 -4.797 -4.733 -4.824 -4.972 -5.115 -5.083 -5.021 -4.944 -4.877 -4.817 -4.836 -4.829 -4.776 -4.832 -4.653 -4.667 -4.867 -5.006 -5.420 -5.906 -6.221 -6.632 -7.036 -6.924 -7.207 -7.476 -7.615 -7.610 -7.463 -7.427 -7.251 -7.111 -7.205 -7.372 -7.404 -7.355 -7.293 -7.392 -7.350 -7.119 -6.663 -6.231 -5.838 -5.622 -5.515 -5.392 -4.973 -4.544 -4.301 -4.253 -4.158 -4.090 -4.233 -4.355 -4.470 -4.461 -4.385 -4.466 -4.443 -4.370 -4.378 -4.174 -4.182 -4.030 -3.659 -3.330 -3.017 -2.734 -2.507
-6.629 -6.246 -6.190 -6.167 -6.120 -6.423 -6.890 -7.060 -7.097 -6.970 -7.048 -7.082 -7.054 -7.058 -6.982 -6.836 -6.913 -7.105 -7.383 -8.200 -9.246 -12.750 -15.638 -12.968 -11.125 -11.143 -11.234 -10.673 -10.626 -10.825 -10.467 -10.611 -10.036 -9.786 -11.221 -12.458 -12.779 -12.628 -12.946 -15.001 -14.447 -14.722 -14.920 -12.543 -10.403 -11.788 -12.057 -10.172 -9.096 -9.520 -10.466 -11.087 -10.750 -12.828 -13.819 -13.147 -12.969 -11.477 -9.977 -9.080 -8.592 -8.425 -8.244 -7.794 -7.720 -7.270 -6.942 -6.283 -6.243 -6.041 -5.777
-9.114 -8.682 -8.075 -7.863 -7.642 -7.803 -8.603 -8.761 -8.617 -8.605 -8.706 -8.678 -8.626 -9.250 -10.767 -10.100 -9.467 -12.728 -17.884 -20.526 -22.092 -25.202 -27.351 -26.527 -25.486 -24.003 -22.172 -18.639 -16.268 -14.421 -12.460 -11.764 -14.673 -18.791 -21.367 -23.199 -24.208 -25.466 -26.576 -27.117 -26.764 -26.763 -27.376 -26.885 -25.173 -23.357 -22.119 -21.387 -21.303 -22.425 -24.175 -25.033 -25.315 -26.433 -28.040 -28.492 -27.636 -25.078 -21.790 -19.078 -17.934 -16.522 -15.917 -14.507 -12.741 -11.081 -10.880 -10.067 -9.553 -9.163 -9.102
