data-raw/tempfiles/01_grid_data_1000BP.asc
ncols 144
nrows 72
xllcorner -180
yllcorner -90
cellsize 2.5
nodata_value -9999
[rows 32 to 63 of 72, columns 0 to 70 of 144]
27.353 27.069 27.048 27.016 26.954 26.882 26.874 26.809 26.768 26.654 26.576 26.515 26.459 26.388 26.325 26.265 26.249 26.204 26.155 26.138 26.172 26.183 26.205 26.274 26.354 26.405 26.478 26.539 26.652 26.761 26.786 26.846 26.947 27.079 27.209 27.182 27.157 27.184 26.004 26.195 26.386 26.130 26.395 24.908 27.175 27.846 27.451 26.713 26.975 27.151 27.166 27.123 27.052 26.839 26.712 26.484 26.374 26.147 26.138 26.110 26.115 26.173 26.206 26.221 26.546 27.105 27.282 25.955 25.097 26.129 26.942
27.496 27.269 27.202 27.158 27.097 27.032 26.987 26.982 27.022 26.937 26.788 26.693 26.625 26.529 26.467 26.421 26.413 26.356 26.279 26.219 26.230 26.207 26.150 26.154 26.171 26.186 26.206 26.230 26.267 26.267 26.286 26.363 26.469 26.569 26.598 26.628 26.732 26.874 26.985 26.922 26.101 23.000 21.804 25.275 26.895 23.584 24.552 24.231 25.494 26.814 26.948 27.083 27.106 27.016 26.953 26.827 26.721 26.504 26.433 26.483 26.564 26.602 26.582 26.556 26.756 27.144 27.699 26.855 25.754 25.942 26.368
27.457 27.375 27.309 27.318 27.229 27.146 27.176 27.223 27.308 27.265 26.984 26.756 26.725 26.621 26.457 26.511 26.446 26.287 26.281 26.185 26.017 26.003 25.923 25.816 25.808 25.727 25.677 25.728 25.685 25.666 25.681 25.726 25.826 25.948 26.023 26.112 26.236 26.224 26.246 26.241 25.918 22.752 23.697 26.453 25.844 23.623 23.601 25.792 25.872 26.235 26.346 26.512 27.102 27.055 27.155 27.108 26.898 26.681 26.573 26.686 26.812 26.760 26.640 26.480 26.497 26.618 26.951 27.021 26.838 26.707 26.887
27.450 27.468 27.404 27.334 27.220 27.091 27.036 27.129 27.225 27.096 26.781 26.538 26.370 26.284 26.190 26.169 26.100 25.906 25.793 25.723 25.551 25.402 25.281 25.161 25.027 24.946 24.837 24.827 24.822 24.736 24.688 24.703 24.723 24.671 24.709 24.838 25.006 25.025 25.230 25.417 23.146 22.814 25.591 25.894 25.885 25.326 25.589 26.344 25.744 26.424 26.560 26.296 27.053 27.205 27.354 27.257 27.104 26.909 26.779 26.815 26.783 26.645 26.453 26.241 26.084 26.058 26.241 26.386 26.522 26.529 26.571
27.639 27.580 27.571 27.519 27.384 27.236 27.140 27.154 27.160 27.034 26.819 26.636 26.475 26.368 26.334 26.271 26.134 25.994 25.882 25.764 25.659 25.498 25.305 25.118 24.955 24.812 24.699 24.655 24.628 24.561 24.461 24.339 24.258 24.110 24.041 23.981 24.151 23.971 23.976 24.185 19.764 26.420 27.097 26.565 26.426 26.063 25.860 26.733 26.732 27.051 27.151 27.489 27.372 27.174 27.391 27.453 27.290 27.113 26.912 26.864 26.776 26.608 26.396 26.140 25.916 25.823 25.799 25.845 25.965 26.023 25.967
27.919 27.765 27.866 27.804 27.638 27.524 27.413 27.384 27.364 27.173 27.018 26.925 26.769 26.719 26.760 26.576 26.426 26.362 26.225 26.126 26.087 25.899 25.781 25.665 25.425 25.306 25.221 25.010 24.930 24.936 24.762 24.664 24.580 24.352 24.246 24.123 24.019 23.718 23.246 23.728 21.903 26.119 27.301 27.053 26.662 25.293 25.863 26.818 27.668 26.938 26.617 27.028 27.372 26.825 28.533 28.561 27.835 27.544 27.120 26.972 26.906 26.704 26.475 26.215 26.010 25.913 25.820 25.760 25.760 25.787 25.708
28.090 27.868 28.081 28.122 27.889 27.725 27.712 27.652 27.572 27.425 27.302 27.225 27.173 27.113 27.042 26.860 26.719 26.593 26.524 26.436 26.328 26.230 26.087 25.978 25.853 25.676 25.535 25.358 25.230 25.103 24.933 24.762 24.643 24.484 24.292 24.088 23.931 23.699 23.203 23.388 20.685 24.445 26.484 27.390 27.390 26.205 26.127 26.345 27.063 26.192 25.629 26.172 27.333 27.616 28.250 28.544 28.667 27.224 27.062 27.042 26.927 26.702 26.451 26.200 25.975 25.849 25.671 25.397 25.225 25.195 25.140
28.169 27.969 28.250 28.335 28.088 27.943 27.934 27.913 27.774 27.529 27.377 27.319 27.321 27.318 27.200 27.002 26.851 26.749 26.687 26.575 26.442 26.278 26.102 25.954 25.826 25.670 25.531 25.370 25.147 24.923 24.714 24.506 24.285 24.040 23.746 23.489 23.368 23.289 22.907 22.167 19.526 19.828 25.763 25.730 26.620 26.719 26.723 26.541 26.462 26.014 25.886 26.469 27.747 27.677 28.248 28.015 27.449 25.557 26.912 26.896 26.759 26.523 26.199 25.903 25.623 25.386 25.107 24.694 24.290 24.238 24.255
27.958 27.735 27.968 28.125 27.978 27.924 27.897 27.806 27.655 27.445 27.328 27.326 27.405 27.409 27.270 27.111 26.945 26.776 26.702 26.538 26.354 26.190 26.001 25.803 25.695 25.523 25.346 25.209 24.928 24.659 24.424 24.101 23.729 23.424 23.065 22.794 22.608 22.482 22.265 21.987 21.080 14.688 21.440 24.992 25.818 26.742 26.387 26.388 26.091 26.405 26.591 27.205 27.560 26.172 27.222 25.732 25.882 26.658 26.786 26.525 26.289 26.044 25.702 25.365 24.999 24.686 24.381 23.984 23.625 23.305 23.194
27.493 27.302 27.436 27.452 27.458 27.438 27.432 27.381 27.266 27.144 27.158 27.241 27.319 27.326 27.206 27.056 26.891 26.643 26.421 26.269 26.120 25.921 25.748 25.578 25.382 25.186 24.969 24.747 24.530 24.261 23.948 23.634 23.231 22.844 22.410 21.879 21.531 21.464 21.559 21.437 20.994 18.600 12.009 12.646 21.796 26.030 25.908 25.675 25.280 26.317 26.480 27.262 26.463 25.472 26.262 24.606 25.809 26.638 26.420 26.039 25.715 25.436 25.067 24.689 24.325 24.128 23.882 23.489 23.036 22.665 22.428
26.819 26.718 26.789 26.705 26.625 26.670 26.764 26.823 26.766 26.729 26.804 26.904 26.944 26.925 26.850 26.748 26.568 26.262 26.034 25.872 25.750 25.562 25.381 25.177 25.011 24.812 24.588 24.347 24.069 23.815 23.554 23.199 22.675 22.150 21.826 21.216 21.051 20.950 20.779 20.639 20.405 20.548 18.206 11.654 11.323 20.673 24.763 24.855 25.749 26.596 25.889 26.075 24.842 25.041 25.202 24.759 25.943 26.347 26.107 25.701 25.367 25.017 24.597 24.169 23.784 23.723 23.556 23.140 22.768 22.347 22.015
25.796 25.687 25.721 25.650 25.554 25.630 25.823 25.928 25.924 25.908 25.921 25.918 25.938 26.006 26.010 26.052 25.954 25.656 25.395 25.223 25.125 24.995 24.825 24.683 24.528 24.335 24.143 23.910 23.656 23.424 22.890 22.388 21.832 21.868 21.728 21.336 20.849 20.664 20.308 20.149 19.919 19.888 19.929 19.457 10.092 12.148 21.183 24.901 25.537 26.001 25.049 24.812 24.593 23.544 23.668 25.160 25.927 25.891 25.657 25.350 25.050 24.722 24.297 23.849 23.439 23.397 23.339 22.894 22.592 22.256 21.935
24.540 24.370 24.312 24.256 24.250 24.369 24.499 24.557 24.598 24.613 24.620 24.594 24.671 24.793 24.896 24.997 24.976 24.720 24.445 24.315 24.255 24.217 24.107 23.975 23.833 23.688 23.541 23.367 23.163 22.898 22.182 21.743 21.598 21.686 21.460 21.125 20.730 20.414 20.020 19.619 19.335 19.200 18.877 19.276 12.169 8.578 20.442 24.793 25.137 23.964 24.444 24.596 23.704 21.922 22.020 24.600 25.389 25.313 24.989 24.762 24.527 24.238 23.919 23.570 23.122 23.037 22.937 22.640 22.385 22.112 21.729
23.108 22.981 22.915 22.886 22.894 22.938 22.983 22.988 23.053 23.126 23.122 23.160 23.281 23.396 23.471 23.571 23.549 23.406 23.269 23.179 23.155 23.158 23.110 23.016 22.882 22.806 22.730 22.718 22.562 22.041 21.579 21.344 21.358 21.270 21.048 20.745 20.442 20.166 19.750 19.313 18.940 18.638 18.241 18.899 11.568 7.783 22.119 24.249 23.800 22.993 22.996 21.963 21.554 22.637 23.986 24.568 24.506 24.294 24.000 23.840 23.751 23.565 23.326 23.093 22.788 22.583 22.496 22.225 21.993 21.777 21.410
21.586 21.527 21.504 21.520 21.517 21.499 21.504 21.472 21.489 21.555 21.624 21.677 21.777 21.852 21.900 21.984 21.971 21.904 21.912 21.894 21.896 21.920 21.905 21.857 21.823 21.772 21.889 21.926 21.589 20.949 21.183 20.932 20.832 20.608 20.415 20.137 19.925 19.649 19.295 18.767 18.492 18.050 17.610 18.281 6.190 11.459 22.241 22.991 22.685 21.984 20.879 19.319 21.564 22.824 23.330 23.329 23.094 22.891 22.729 22.655 22.639 22.548 22.366 22.216 22.048 21.819 21.693 21.509 21.257 21.043 20.761
20.171 20.169 20.182 20.169 20.096 20.082 20.052 20.019 20.034 20.050 20.101 20.138 20.202 20.242 20.282 20.353 20.348 20.378 20.412 20.414 20.455 20.463 20.454 20.484 20.513 20.557 20.879 20.822 20.198 20.087 20.125 20.024 19.845 19.577 19.490 19.260 19.120 18.856 18.485 18.027 17.849 17.437 16.997 16.294 8.521 18.640 21.609 21.382 20.998 21.062 19.855 19.143 21.038 22.018 22.058 21.784 21.587 21.477 21.366 21.333 21.280 21.226 21.111 20.989 20.892 20.749 20.586 20.428 20.333 20.231 19.976
18.931 18.913 18.897 18.818 18.732 18.654 18.576 18.546 18.558 18.583 18.590 18.599 18.638 18.684 18.708 18.743 18.756 18.801 18.880 18.898 18.898 18.894 18.883 18.884 18.925 19.166 19.585 19.294 18.979 18.968 18.851 18.732 18.642 18.474 18.376 18.175 18.063 17.872 17.623 17.363 17.141 16.702 16.199 13.518 13.376 19.940 19.263 19.693 19.595 19.222 19.154 20.256 20.519 20.739 20.519 20.206 20.026 19.914 19.857 19.866 19.793 19.705 19.630 19.576 19.497 19.396 19.336 19.178 18.918 18.630 18.709
17.594 17.624 17.554 17.436 17.298 17.199 17.130 17.059 17.021 17.047 17.035 17.000 16.999 17.028 17.039 17.113 17.128 17.173 17.223 17.204 17.151 17.158 17.093 17.075 17.243 17.513 17.759 17.391 16.962 17.104 17.188 17.167 17.206 17.069 17.014 16.938 16.846 16.736 16.603 16.410 16.182 15.814 15.295 13.025 13.142 18.057 18.413 18.018 18.122 17.880 18.318 18.669 19.162 19.095 18.873 18.657 18.455 18.309 18.170 18.076 18.006 17.897 17.793 17.791 17.721 17.617 17.667 17.506 17.351 17.070 16.910
16.284 16.286 16.168 16.061 15.911 15.794 15.688 15.612 15.574 15.557 15.518 15.490 15.423 15.434 15.480 15.549 15.572 15.586 15.605 15.593 15.550 15.482 15.379 15.528 15.351 15.638 15.514 15.385 15.260 14.971 15.236 15.448 15.483 15.546 15.421 15.455 15.540 15.505 15.359 15.191 15.091 14.651 14.256 11.837 14.007 17.605 16.840 15.921 16.566 16.539 16.793 17.287 17.717 17.507 17.252 17.081 16.907 16.666 16.474 16.277 16.111 15.977 15.895 15.837 15.800 15.724 15.654 15.488 15.329 15.189 15.073
15.081 15.129 14.911 14.766 14.573 14.444 14.333 14.255 14.210 14.157 14.122 14.068 14.008 13.961 13.946 13.992 14.047 14.075 14.101 14.095 14.026 13.935 13.927 13.904 13.512 13.512 13.578 13.518 13.429 12.991 13.515 13.725 13.770 13.832 13.847 13.950 14.038 14.132 14.147 14.062 13.963 13.765 13.023 10.346 15.423 16.797 16.180 15.448 14.916 14.258 14.855 15.787 15.943 15.652 15.402 15.265 15.089 14.876 14.691 14.497 14.269 14.122 14.004 13.915 13.816 13.716 13.632 13.496 13.289 13.043 12.824
13.636 13.703 13.523 13.367 13.181 13.025 12.916 12.820 12.767 12.706 12.639 12.588 12.516 12.467 12.424 12.410 12.448 12.481 12.473 12.477 12.406 12.304 12.214 12.005 11.962 11.842 12.024 11.744 11.799 11.682 12.052 12.113 12.112 12.128 12.138 12.285 12.365 12.517 12.680 12.708 12.651 12.595 11.757 9.338 11.614 14.646 15.447 14.208 12.700 12.247 12.927 13.889 13.833 13.427 13.159 12.961 12.789 12.639 12.535 12.437 12.321 12.202 12.131 11.968 11.825 11.674 11.623 11.558 11.269 10.894 10.646
11.990 12.201 12.181 12.069 11.909 11.716 11.605 11.502 11.429 11.370 11.307 11.196 11.106 11.032 10.987 10.930 10.906 10.892 10.865 10.861 10.812 10.762 10.707 10.461 10.384 10.362 10.216 10.169 10.287 10.491 10.633 10.648 10.556 10.479 10.511 10.607 10.747 10.923 11.136 11.215 11.328 11.399 10.163 8.160 12.006 14.119 13.127 11.809 10.813 10.784 11.510 11.944 11.743 11.292 10.974 10.766 10.568 10.360 10.232 10.111 10.021 9.991 9.977 9.933 9.803 9.549 9.408 9.338 9.193 8.954 8.938
10.302 10.638 10.787 10.783 10.676 10.523 10.410 10.288 10.184 10.080 9.979 9.857 9.756 9.670 9.593 9.512 9.475 9.427 9.386 9.359 9.365 9.333 9.301 9.069 9.139 8.889 8.737 8.890 9.132 9.217 9.163 9.084 8.994 9.008 9.078 9.098 9.190 9.358 9.515 9.650 9.838 9.856 6.694 6.794 11.142 11.978 11.055 10.091 9.307 9.251 9.695 9.893 9.737 9.382 9.169 9.002 8.724 8.406 8.127 7.871 7.711 7.671 7.695 7.755 7.694 7.420 7.149 6.981 6.873 6.854 6.905
9.104 9.376 9.585 9.603 9.505 9.414 9.312 9.224 9.101 8.977 8.872 8.763 8.633 8.512 8.391 8.317 8.288 8.240 8.190 8.168 8.121 8.025 7.977 7.609 7.537 7.474 7.582 7.842 7.816 7.787 7.701 7.660 7.651 7.662 7.743 7.756 7.759 7.900 8.113 8.312 8.475 8.201 3.646 6.138 10.062 10.508 9.437 8.748 8.071 7.791 7.745 7.577 7.430 7.192 6.973 6.817 6.518 6.211 5.956 5.728 5.522 5.495 5.524 5.641 5.676 5.543 5.263 4.989 4.767 4.700 4.802
7.948 8.098 8.211 8.177 8.078 8.035 7.976 7.916 7.847 7.745 7.615 7.485 7.364 7.254 7.199 7.154 7.100 7.053 7.027 7.002 6.951 6.598 6.366 6.379 6.161 6.015 6.418 6.552 6.487 6.482 6.414 6.424 6.473 6.461 6.447 6.499 6.575 6.691 6.856 6.997 7.124 7.257 4.774 6.521 8.185 7.951 7.604 7.306 7.040 6.333 5.782 5.426 5.157 4.825 4.454 4.184 3.964 3.812 3.653 3.516 3.455 3.484 3.583 3.751 3.769 3.714 3.504 3.208 2.903 2.788 2.748
6.766 6.791 6.799 6.728 6.590 6.499 6.443 6.350 6.264 6.124 5.930 5.742 5.569 5.518 5.563 5.581 5.575 5.550 5.521 5.535 5.443 5.326 5.352 5.147 5.028 5.182 5.311 5.338 5.354 5.367 5.364 5.347 5.229 5.251 5.283 5.331 5.403 5.463 5.531 5.506 5.718 6.043 5.657 5.016 5.413 6.062 5.967 5.747 5.597 5.054 4.447 4.010 3.564 3.113 2.669 2.385 2.211 2.012 1.952 1.703 1.599 1.661 1.796 1.955 2.009 2.007 1.859 1.663 1.337 1.141 0.989
5.483 5.319 5.211 5.054 4.909 4.751 4.629 4.472 4.241 4.032 3.748 3.439 3.188 3.122 3.223 3.391 3.516 3.543 3.459 3.394 3.408 3.494 3.644 3.758 3.784 3.861 3.927 3.988 4.032 4.049 4.055 4.032 3.967 3.924 3.951 3.965 3.984 4.024 4.041 4.104 4.301 4.607 4.735 4.789 4.722 4.542 3.984 3.533 3.250 2.920 2.498 2.111 1.666 1.279 0.951 0.775 0.722 0.617 0.382 0.033 -0.235 -0.310 -0.035 0.180 0.200 0.121 -0.028 -0.244 -0.486 -0.715 -0.937
3.724 3.317 3.241 3.126 2.943 2.786 2.634 2.354 2.102 1.783 1.458 1.176 0.899 0.803 0.876 1.000 1.061 1.033 1.069 1.138 1.343 1.525 1.810 1.966 2.037 2.135 2.239 2.370 2.372 2.381 2.395 2.404 2.379 2.414 2.444 2.451 2.497 2.583 2.670 2.750 2.874 2.882 2.974 3.006 2.771 2.452 1.775 1.351 0.930 0.537 0.062 -0.399 -0.888 -1.167 -1.483 -1.647 -1.735 -1.889 -2.089 -2.275 -2.484 -2.493 -2.048 -1.910 -2.057 -2.293 -2.537 -2.695 -2.758 -2.784 -2.741
1.790 1.294 1.158 0.971 0.764 0.575 0.346 0.044 -0.201 -0.383 -0.894 -1.097 -1.460 -1.649 -1.741 -1.830 -1.545 -1.123 -0.892 -0.758 -0.588 -0.376 -0.045 0.198 0.335 0.501 0.584 0.618 0.550 0.576 0.588 0.583 0.624 0.670 0.659 0.715 0.796 0.920 1.049 1.108 1.158 0.974 0.866 0.693 0.292 -0.107 -0.432 -0.801 -1.405 -2.025 -2.748 -3.462 -4.270 -4.806 -4.930 -4.334 -4.304 -4.274 -4.277 -4.336 -4.426 -4.361 -4.192 -4.179 -4.262 -4.415 -4.458 -4.435 -4.405 -4.288 -4.126
-1.074 -1.482 -1.736 -1.880 -2.162 -2.448 -2.752 -3.108 -3.221 -3.327 -3.555 -3.774 -3.975 -4.014 -3.935 -3.731 -3.506 -3.334 -3.121 -2.946 -2.763 -2.348 -1.935 -1.741 -1.580 -1.469 -1.438 -1.438 -1.413 -1.383 -1.336 -1.257 -1.191 -1.172 -1.208 -1.185 -1.089 -1.035 -1.008 -1.019 -1.089 -1.239 -1.317 -1.636 -1.905 -2.274 -3.127 -5.126 -5.553 -5.132 -5.460 -6.264 -7.137 -7.763 -7.533 -6.454 -5.867 -5.804 -5.727 -5.697 -5.769 -5.783 -5.791 -6.028 -6.259 -6.193 -5.951 -5.852 -5.765 -5.622 -5.319
-5.179 -5.168 -5.303 -5.385 -5.554 -5.708 -5.836 -5.989 -6.063 -6.064 -6.183 -6.237 -6.161 -6.038 -5.907 -5.844 -5.834 -5.659 -5.386 -5.213 -5.081 -4.966 -4.913 -4.835 -4.637 -4.408 -4.315 -4.285 -4.222 -4.027 -3.802 -3.637 -3.509 -3.499 -3.555 -3.606 -3.632 -3.627 -3.693 -3.682 -3.775 -3.807 -3.738 -3.829 -4.302 -7.634 -8.912 -8.415 -6.718 -7.370 -7.927 -8.482 -8.869 -9.231 -9.243 -8.815 -8.231 -8.009 -7.497 -7.261 -7.310 -7.305 -7.349 -7.642 -7.822 -7.929 -7.633 -7.481 -7.387 -7.142 -6.873
-9.014 -8.478 -8.397 -8.328 -8.330 -8.265 -8.276 -8.351 -8.357 -8.366 -8.394 -8.355 -8.258 -8.177 -8.046 -7.920 -7.747 -7.568 -7.456 -7.482 -7.548 -7.604 -7.584 -7.488 -7.240 -7.031 -7.007 -7.068 -6.971 -6.759 -6.537 -6.324 -6.140 -6.118 -6.150 -6.280 -6.332 -6.422 -6.475 -6.334 -6.206 -6.305 -6.423 -7.380 -7.828 -11.446 -12.315 -10.843 -9.277 -9.357 -9.598 -9.865 -10.348 -10.790 -10.919 -10.990 -10.963 -10.751 -10.179 -9.940 -9.814 -9.600 -9.396 -9.340 -9.291 -9.399 -9.422 -9.405 -9.328 -9.326 -9.085
