data-raw/tempfiles/01_grid_data_1000BP.asc
ncols 144
nrows 72
xllcorner -180
yllcorner -90
cellsize 2.5
nodata_value -9999
[rows 0 to 31 of 72, columns 0 to 70 of 144]
-18.465 -18.626 -18.691 -18.705 -18.678 -18.664 -18.668 -18.682 -18.696 -18.719 -18.709 -18.724 -18.744 -18.762 -18.749 -18.761 -18.749 -18.789 -18.826 -18.825 -18.871 -18.841 -18.855 -18.926 -18.933 -18.881 -18.872 -18.898 -18.965 -19.040 -19.067 -19.039 -19.106 -19.084 -19.150 -19.176 -19.168 -19.145 -19.243 -19.226 -19.300 -19.434 -19.369 -19.385 -19.434 -19.434 -19.448 -19.595 -19.474 -19.470 -19.429 -19.361 -19.257 -19.171 -19.023 -19.052 -19.002 -18.923 -18.902 -18.907 -18.869 -18.874 -18.977 -18.892 -18.814 -18.769 -18.627 -18.570 -18.522 -18.515 -18.520
-17.960 -18.082 -18.094 -18.085 -18.062 -17.997 -17.901 -17.809 -17.714 -17.622 -17.517 -17.439 -17.451 -17.453 -17.483 -17.527 -17.575 -17.663 -17.781 -17.873 -17.952 -17.944 -18.037 -18.148 -18.224 -18.290 -18.335 -18.406 -18.487 -18.589 -18.660 -18.665 -18.719 -18.732 -18.753 -18.748 -18.691 -18.621 -18.637 -18.585 -18.560 -18.606 -18.536 -18.518 -18.540 -18.585 -18.603 -18.650 -18.739 -18.757 -18.751 -18.777 -18.712 -18.675 -18.608 -18.577 -18.553 -18.493 -18.471 -18.461 -18.409 -18.374 -18.387 -18.280 -18.164 -18.127 -18.106 -18.009 -17.922 -17.839 -17.779
-16.819 -16.806 -16.839 -16.892 -16.953 -16.901 -16.910 -16.990 -17.055 -17.089 -17.063 -17.037 -17.017 -17.001 -17.011 -16.979 -16.981 -16.994 -17.037 -17.051 -17.118 -17.168 -17.256 -17.386 -17.502 -17.631 -17.754 -17.922 -18.121 -18.323 -18.497 -18.635 -18.776 -18.843 -18.849 -18.836 -18.790 -18.747 -19.085 -19.506 -19.402 -19.496 -19.503 -19.446 -19.351 -19.141 -18.863 -18.695 -18.767 -18.820 -18.805 -18.757 -18.875 -19.237 -19.643 -20.396 -21.231 -21.597 -21.709 -21.758 -21.098 -20.230 -18.734 -17.978 -17.775 -17.791 -17.696 -17.451 -17.163 -16.940 -16.743
-16.583 -16.520 -16.569 -16.646 -16.715 -16.796 -16.813 -16.857 -16.887 -16.859 -16.796 -16.755 -16.689 -16.709 -16.744 -16.724 -16.734 -16.753 -16.844 -16.922 -16.983 -17.140 -17.255 -17.346 -17.457 -17.504 -17.575 -17.703 -17.763 -17.867 -18.011 -17.953 -18.259 -19.303 -22.292 -22.835 -23.043 -22.449 -22.814 -23.341 -23.157 -23.193 -23.326 -22.555 -20.770 -19.861 -19.733 -20.806 -21.106 -21.167 -21.208 -21.288 -21.641 -22.337 -22.889 -23.509 -23.700 -23.379 -23.370 -23.388 -23.087 -22.745 -22.151 -20.930 -20.505 -18.311 -16.566 -15.695 -15.178 -14.789 -14.415
-15.808 -15.673 -15.661 -15.656 -15.623 -15.616 -15.681 -15.808 -15.867 -15.864 -15.848 -15.839 -15.936 -16.072 -16.191 -16.285 -16.369 -16.512 -16.710 -16.950 -17.145 -17.340 -17.394 -17.415 -17.433 -17.411 -17.661 -18.177 -17.696 -17.565 -18.301 -18.492 -17.527 -18.382 -21.443 -22.035 -21.060 -19.871 -20.362 -22.161 -20.840 -17.906 -15.894 -16.009 -17.221 -17.654 -18.990 -20.248 -21.415 -22.425 -23.495 -24.381 -25.202 -26.040 -26.566 -26.693 -26.349 -25.508 -24.297 -22.692 -20.792 -19.017 -17.886 -17.519 -15.978 -15.173 -14.290 -13.785 -13.067 -12.254 -11.215
-14.076 -14.002 -13.972 -13.959 -13.954 -13.987 -14.050 -14.138 -14.265 -14.393 -14.467 -14.554 -14.749 -14.940 -15.183 -15.409 -15.695 -16.008 -16.299 -16.492 -16.610 -16.625 -16.486 -16.680 -17.176 -17.037 -17.046 -16.628 -16.489 -16.374 -16.659 -17.693 -17.752 -17.189 -17.174 -17.268 -18.053 -19.612 -19.959 -19.264 -15.783 -13.370 -12.876 -13.107 -14.229 -14.212 -13.973 -14.356 -15.720 -17.700 -20.223 -22.822 -24.517 -25.819 -26.574 -26.801 -26.523 -25.958 -25.229 -24.155 -22.329 -19.700 -17.433 -15.877 -13.718 -12.872 -12.255 -11.326 -10.373 -9.313 -8.236
-13.080 -12.850 -12.701 -12.607 -12.579 -12.577 -12.696 -12.803 -13.007 -13.160 -13.340 -13.486 -13.665 -13.774 -13.869 -13.953 -14.090 -14.244 -14.337 -14.370 -14.202 -14.012 -15.516 -16.401 -16.752 -16.384 -15.584 -15.462 -15.407 -15.464 -14.813 -15.864 -16.837 -15.881 -17.638 -16.657 -16.388 -16.320 -16.465 -16.137 -15.061 -13.615 -12.947 -12.881 -12.827 -12.622 -12.242 -11.549 -9.947 -10.558 -13.612 -18.269 -21.570 -23.909 -25.293 -26.265 -26.780 -26.780 -25.898 -23.536 -20.487 -17.400 -15.564 -13.340 -10.813 -9.371 -8.535 -7.536 -6.976 -6.700 -6.238
-11.878 -11.063 -10.695 -10.511 -10.391 -10.416 -10.548 -10.952 -11.823 -12.109 -12.054 -11.611 -11.598 -11.685 -11.863 -12.231 -12.360 -12.355 -12.268 -12.211 -12.017 -11.825 -13.159 -13.646 -13.471 -14.503 -14.623 -15.193 -15.502 -15.303 -14.509 -14.399 -15.323 -16.070 -16.410 -14.418 -15.565 -16.481 -16.523 -16.029 -15.030 -15.079 -14.958 -14.133 -12.300 -11.642 -11.564 -10.398 -9.303 -7.605 -8.624 -11.615 -16.139 -20.355 -22.736 -24.318 -25.641 -25.907 -24.036 -20.192 -16.888 -14.676 -12.825 -9.381 -7.576 -6.088 -5.147 -4.552 -4.152 -3.627 -2.962
-11.172 -9.359 -8.625 -8.377 -7.976 -7.706 -8.900 -10.843 -11.196 -11.555 -11.736 -11.450 -11.455 -11.518 -11.372 -11.147 -10.416 -9.704 -9.561 -9.684 -10.310 -11.075 -11.998 -12.725 -11.885 -11.431 -12.440 -13.781 -13.992 -13.862 -13.963 -13.465 -13.298 -13.439 -13.980 -14.299 -13.501 -13.274 -13.896 -12.205 -11.306 -11.284 -11.368 -12.692 -12.419 -11.099 -10.281 -9.303 -8.230 -6.465 -5.678 -6.534 -11.571 -16.898 -20.223 -21.945 -22.931 -21.761 -16.811 -14.381 -12.056 -8.644 -5.576 -3.849 -2.988 -2.406 -2.004 -1.777 -1.439 -0.824 -0.038
-8.489 -7.798 -7.353 -6.595 -5.576 -5.302 -5.704 -6.343 -6.168 -5.767 -6.108 -6.162 -5.935 -5.594 -5.470 -6.259 -7.524 -7.371 -6.781 -6.526 -6.387 -6.916 -7.718 -8.716 -9.488 -9.521 -10.273 -11.173 -11.445 -11.995 -12.276 -12.641 -12.938 -13.198 -13.577 -13.536 -12.928 -12.137 -12.163 -10.995 -10.571 -10.268 -9.833 -9.746 -9.699 -10.545 -11.411 -8.777 -6.686 -4.479 -4.151 -7.538 -11.971 -16.634 -18.705 -16.008 -11.592 -9.650 -4.529 -1.470 -0.635 0.130 -0.186 -1.162 -2.107 -1.716 0.097 0.774 0.877 1.280 1.888
-3.998 -3.161 -3.811 -3.508 -3.149 -2.705 -2.874 -3.127 -2.599 -1.983 -2.522 -3.610 -3.919 -4.309 -4.974 -4.623 -4.505 -5.045 -5.825 -7.042 -7.703 -6.101 -4.482 -4.636 -5.269 -6.051 -7.347 -8.195 -8.515 -8.854 -9.281 -9.831 -10.275 -10.693 -11.139 -10.823 -10.054 -9.967 -9.876 -9.030 -8.478 -8.070 -7.622 -8.200 -9.711 -9.970 -7.683 -6.076 -4.374 -2.591 -1.402 -3.424 -11.070 -17.443 -16.414 -6.157 -0.158 0.548 0.870 1.515 2.150 2.622 2.715 1.703 -0.251 0.715 2.782 3.280 3.328 3.479 3.837
-0.963 -0.686 -0.947 -1.036 -1.074 -0.895 -0.843 -1.200 -1.509 -0.877 -2.723 -0.656 -1.322 -1.584 -3.271 -6.298 -5.686 -3.442 -3.449 -4.183 -4.812 -5.058 -3.228 -2.472 -2.986 -2.795 -3.419 -3.922 -5.198 -5.907 -6.630 -7.634 -8.225 -8.461 -8.509 -8.608 -8.612 -8.483 -8.137 -7.598 -6.925 -7.871 -8.009 -6.980 -6.259 -5.714 -4.941 -3.710 -2.151 -1.020 -0.206 0.296 -3.208 -6.935 -7.223 1.044 2.276 2.841 3.573 3.964 4.403 4.615 4.967 5.268 5.649 5.895 5.907 5.947 5.866 5.813 5.793
1.857 1.793 1.391 1.015 0.718 0.765 1.035 0.678 0.976 0.656 2.008 4.025 4.590 5.379 5.508 4.793 2.751 0.432 -0.904 -2.325 -2.604 -2.928 -1.455 -0.592 -0.963 -1.487 -1.572 -1.403 -2.402 -3.244 -4.037 -4.802 -5.782 -6.065 -6.463 -6.970 -7.352 -7.416 -7.147 -6.599 -5.713 -5.801 -5.999 -5.621 -4.476 -4.265 -5.050 -2.857 -1.079 0.414 1.477 2.000 2.464 2.742 2.579 3.361 3.968 4.438 5.097 5.570 6.022 6.390 6.879 7.166 7.393 7.605 7.696 7.703 7.593 7.275 6.996
3.618 3.694 3.661 3.433 3.291 3.342 3.587 3.544 3.552 4.143 4.747 5.395 5.751 5.798 6.167 6.447 6.710 6.635 5.785 2.014 -0.168 -0.937 -0.369 0.967 1.452 1.190 0.761 0.434 -0.267 -1.113 -1.727 -2.243 -2.826 -3.198 -3.559 -4.304 -5.368 -5.422 -5.562 -5.470 -4.541 -3.500 -4.069 -3.995 -3.185 -3.064 -3.266 -1.942 -0.895 0.465 1.835 3.045 4.043 4.745 5.164 5.550 5.864 6.373 6.878 7.288 7.755 8.155 8.562 9.046 9.223 9.318 9.396 9.268 9.046 8.373 7.134
4.866 5.029 5.139 5.157 5.158 5.181 5.350 5.547 5.870 6.113 6.185 6.373 6.521 6.864 7.206 7.501 7.725 7.860 7.981 7.610 4.687 2.514 2.857 1.030 0.288 1.902 2.521 1.635 1.112 0.761 0.401 -0.038 -1.194 -1.255 -1.679 -2.015 -2.218 -2.230 -2.042 -3.497 -3.036 -2.094 -2.635 -3.547 -3.570 -2.990 -2.050 -0.480 0.242 0.520 1.120 2.924 4.625 5.958 6.864 7.398 7.637 7.870 8.186 8.576 9.016 9.403 9.794 10.144 10.405 10.556 10.522 10.196 9.125 9.088 8.611
5.630 5.860 5.987 6.178 6.303 6.436 6.498 6.604 6.617 6.872 7.043 7.266 7.470 7.742 8.040 8.344 8.599 8.917 8.906 9.043 8.664 4.556 2.667 3.334 1.874 0.319 3.511 4.082 3.250 2.773 1.853 1.501 1.610 0.947 0.078 -0.264 -0.586 -0.417 0.145 -0.173 -0.433 -0.525 -1.273 -1.709 -1.119 -0.647 0.113 1.160 1.618 2.249 1.998 3.206 4.547 6.177 7.809 9.018 9.646 9.891 10.042 10.354 10.668 10.873 11.149 11.375 11.587 11.751 11.692 11.344 10.723 10.458 9.560
6.457 6.780 6.949 7.136 7.278 7.387 7.518 7.660 7.751 7.937 8.142 8.382 8.586 8.881 9.088 9.325 9.539 9.771 10.023 10.164 10.259 9.740 9.339 6.143 6.118 5.006 4.286 6.113 5.934 5.442 4.689 4.130 3.479 3.322 2.562 1.562 1.448 1.253 1.266 1.284 1.226 1.021 0.849 1.226 2.588 3.030 3.477 3.609 3.663 4.183 4.388 4.214 4.791 6.342 8.459 10.350 11.510 11.904 12.013 12.195 12.349 12.426 12.576 12.710 12.844 12.948 12.981 12.899 12.582 12.212 11.450
7.624 8.026 8.213 8.411 8.594 8.740 8.860 9.011 9.169 9.361 9.604 9.810 9.913 10.029 10.128 10.297 10.456 10.597 10.924 11.307 11.572 11.449 11.320 9.174 10.175 7.372 4.644 4.823 6.933 8.205 7.441 7.127 6.401 5.604 5.265 4.710 4.715 4.761 4.154 4.070 3.938 4.142 4.298 3.915 5.027 5.717 5.856 5.730 5.833 5.894 5.739 5.745 6.314 7.917 10.131 12.075 13.061 13.442 13.673 13.759 13.876 13.923 13.917 13.939 13.989 14.078 14.153 14.155 14.035 13.853 13.379
9.580 9.913 10.091 10.265 10.454 10.556 10.642 10.771 10.938 11.065 11.200 11.420 11.523 11.594 11.644 11.679 11.799 11.847 12.131 12.382 12.454 12.218 11.391 8.322 8.165 8.036 5.502 4.028 4.743 7.013 8.658 9.418 8.899 7.687 7.408 7.825 7.763 7.767 8.121 7.912 7.741 7.829 7.365 7.313 7.065 7.319 7.521 8.043 8.788 9.319 9.619 9.570 10.080 11.633 13.381 14.568 14.961 15.100 15.304 15.340 15.342 15.292 15.258 15.191 15.249 15.322 15.330 15.284 14.536 13.166 13.462
12.121 12.141 12.250 12.433 12.564 12.632 12.623 12.693 12.791 12.893 13.013 13.127 13.181 13.177 13.148 13.216 13.257 13.383 13.473 13.622 13.465 12.760 11.702 9.354 9.588 8.023 9.038 5.737 5.801 5.084 9.521 10.213 10.498 10.338 10.052 10.311 10.415 10.413 10.465 10.631 9.599 10.216 10.411 10.091 9.974 11.025 12.299 13.375 14.020 14.379 14.486 14.333 14.535 15.303 16.010 16.501 16.665 16.675 16.786 16.765 16.641 16.421 16.393 16.295 16.474 16.565 16.591 16.388 14.879 13.102 12.299
14.908 14.549 14.625 14.649 14.651 14.678 14.672 14.703 14.736 14.778 14.846 14.895 14.892 14.827 14.806 14.855 14.889 14.975 15.011 14.982 14.669 13.738 13.687 13.636 9.520 9.214 8.875 7.757 7.327 3.636 10.046 12.289 12.832 12.817 12.987 12.796 13.147 12.902 12.723 12.072 12.345 14.109 13.502 14.126 15.495 16.468 17.216 17.850 18.114 18.093 18.091 17.988 17.903 18.030 18.151 18.236 18.287 18.236 18.181 17.934 17.532 17.338 17.416 17.650 17.796 17.856 17.846 17.567 17.219 16.340 14.745
17.156 16.679 16.691 16.651 16.613 16.584 16.560 16.549 16.584 16.599 16.608 16.559 16.461 16.378 16.333 16.320 16.322 16.333 16.294 16.199 15.962 15.116 13.979 15.650 14.027 16.434 14.164 11.083 9.996 7.757 11.663 14.302 14.936 15.340 14.335 14.793 15.084 14.317 13.361 13.893 15.846 16.182 17.177 18.134 18.955 19.580 19.724 19.832 19.856 19.824 19.809 19.769 19.727 19.687 19.673 19.651 19.583 19.487 19.371 19.131 18.733 18.502 18.444 18.691 18.783 18.894 18.842 18.605 18.423 18.040 16.850
19.071 18.599 18.535 18.555 18.438 18.388 18.358 18.289 18.321 18.266 18.209 18.137 17.920 17.818 17.765 17.681 17.611 17.585 17.489 17.317 17.000 16.284 15.322 15.125 16.602 18.846 20.788 16.003 11.572 13.298 14.470 16.271 17.507 17.167 16.977 17.126 16.545 16.444 16.787 17.695 18.343 19.479 20.191 20.348 20.529 21.190 21.293 21.277 21.298 21.291 21.253 21.201 21.170 21.137 21.057 20.879 20.762 20.634 20.427 20.222 20.019 19.922 19.852 19.904 19.836 19.776 19.694 19.495 19.197 17.704 16.526
20.865 20.494 20.347 20.264 20.117 20.026 20.025 19.999 19.951 19.879 19.781 19.699 19.498 19.318 19.209 19.023 18.868 18.762 18.589 18.380 18.021 17.437 16.760 16.465 16.664 18.657 22.728 19.715 16.437 16.931 16.942 18.177 18.556 18.556 18.719 18.315 18.790 18.643 18.591 19.669 21.421 22.137 22.012 21.708 21.762 22.517 22.600 22.672 22.698 22.655 22.562 22.467 22.324 22.268 22.132 21.955 21.794 21.633 21.431 21.254 21.159 20.983 20.874 20.660 20.576 20.550 20.359 19.919 18.794 17.149 20.256
22.561 22.290 22.037 21.817 21.647 21.545 21.476 21.385 21.282 21.198 21.115 21.019 20.842 20.677 20.512 20.267 20.048 19.879 19.640 19.360 18.903 18.372 17.799 17.618 17.698 18.202 21.929 22.383 16.441 15.905 18.274 19.712 20.836 20.280 21.036 21.074 21.633 21.392 20.938 21.099 23.060 23.628 23.441 23.331 22.765 23.685 23.973 23.948 23.916 23.816 23.602 23.383 23.330 23.219 23.047 22.858 22.692 22.539 22.332 22.100 21.937 21.727 21.588 21.515 21.436 21.143 21.045 21.324 21.932 23.202 23.340
24.006 23.750 23.502 23.257 23.099 22.965 22.820 22.689 22.604 22.543 22.453 22.311 22.162 21.951 21.689 21.412 21.173 20.948 20.646 20.230 19.724 19.163 18.726 18.567 18.707 18.944 21.148 23.180 20.845 15.485 19.791 20.560 22.716 22.854 23.540 23.868 24.225 24.192 23.647 22.753 24.328 24.805 24.669 24.756 23.759 24.211 25.027 25.047 24.984 24.824 24.561 24.217 24.189 24.105 23.973 23.846 23.653 23.466 23.228 22.967 22.824 22.603 22.324 22.329 22.015 21.588 22.549 22.929 23.100 23.901 23.881
25.049 24.847 24.669 24.529 24.365 24.212 24.053 23.931 23.922 23.926 23.690 23.384 23.139 22.891 22.647 22.369 22.119 21.862 21.494 21.088 20.537 19.977 19.586 19.520 19.705 20.151 21.063 23.305 23.965 19.793 17.103 18.023 22.036 24.162 24.999 25.298 25.574 25.693 25.303 24.914 25.311 25.647 25.750 25.800 25.179 24.792 25.892 26.070 25.959 25.711 25.499 25.222 25.032 24.907 24.874 24.719 24.510 24.286 23.966 23.654 23.431 23.030 22.644 22.428 21.660 22.460 24.351 24.947 25.306 25.624 25.423
25.876 25.628 25.482 25.386 25.260 25.155 25.094 25.023 25.061 24.829 24.612 24.207 23.915 23.713 23.503 23.319 23.072 22.800 22.466 22.057 21.603 21.187 20.940 20.978 21.235 21.766 22.467 23.479 24.507 24.172 19.457 18.196 20.805 24.551 25.677 26.022 25.856 26.209 26.094 25.863 25.850 25.815 26.469 26.465 25.891 25.588 26.493 26.723 26.669 26.341 26.148 25.976 25.740 25.386 25.214 25.197 25.035 24.742 24.389 24.036 23.737 23.307 22.973 22.517 21.714 24.728 26.532 26.383 26.402 26.513 26.759
26.328 26.083 25.992 25.944 25.871 25.764 25.687 25.635 25.637 25.045 24.994 24.809 24.555 24.381 24.266 24.103 23.892 23.701 23.434 23.132 22.852 22.610 22.563 22.644 22.850 23.484 24.067 24.842 25.429 25.777 23.346 21.595 19.349 23.065 25.928 26.172 25.172 26.668 26.874 26.977 27.132 26.866 27.191 25.098 25.957 26.230 27.080 27.132 27.017 26.890 26.548 26.320 26.120 25.810 25.608 25.500 25.361 24.996 24.618 24.275 23.965 23.513 23.175 22.930 22.576 25.715 29.241 28.099 27.781 27.159 27.368
26.551 26.404 26.329 26.240 26.147 26.038 25.937 25.844 25.763 25.650 25.491 25.279 25.142 25.004 24.922 24.768 24.613 24.510 24.369 24.246 24.196 24.217 24.309 24.518 24.787 25.154 25.507 25.913 26.262 26.676 27.349 27.196 25.572 23.727 24.886 22.571 24.823 25.674 26.798 27.295 27.528 27.608 27.466 26.665 26.692 27.413 27.620 27.230 27.120 27.022 26.733 26.565 26.211 25.991 25.758 25.501 25.380 25.133 24.820 24.558 24.360 24.061 23.855 23.912 24.070 27.276 29.499 29.588 28.949 27.767 27.739
26.803 26.662 26.598 26.522 26.447 26.347 26.243 26.149 26.011 25.943 25.877 25.783 25.696 25.610 25.548 25.394 25.323 25.282 25.234 25.235 25.254 25.351 25.529 25.718 25.944 26.112 26.306 26.530 26.829 27.120 27.580 27.805 27.769 27.413 27.381 25.519 24.988 24.275 26.304 27.472 27.626 27.461 26.984 27.039 27.825 28.080 27.876 27.409 27.152 27.089 26.963 26.841 26.554 26.194 26.005 25.665 25.591 25.494 25.276 25.093 25.008 24.963 24.896 24.952 25.124 27.298 28.724 28.683 28.262 28.267 28.141
27.111 26.890 26.826 26.747 26.663 26.611 26.563 26.528 26.447 26.290 26.217 26.178 26.074 26.029 25.999 25.855 25.844 25.836 25.773 25.810 25.873 25.919 26.081 26.186 26.309 26.427 26.585 26.657 26.899 27.142 27.306 27.424 27.427 27.465 27.670 27.684 27.580 26.781 26.225 27.628 27.558 26.818 26.254 27.945 26.865 27.306 27.544 27.479 27.396 27.278 27.153 27.015 26.801 26.456 26.260 25.939 25.879 25.824 25.690 25.611 25.543 25.570 25.574 25.581 25.968 26.754 26.255 26.631 27.044 27.388 27.734
