data-raw/tempfiles/02_grid_data_2000BP.asc
ncols 144
nrows 72
xllcorner -180
yllcorner -90
cellsize 2.5
nodata_value -9999
[rows 0 to 31 of 72, columns 0 to 70 of 144]
-18.321 -18.482 -18.543 -18.556 -18.529 -18.516 -18.517 -18.529 -18.540 -18.561 -18.551 -18.561 -18.577 -18.591 -18.576 -18.582 -18.566 -18.601 -18.633 -18.631 -18.668 -18.630 -18.637 -18.698 -18.698 -18.650 -18.636 -18.649 -18.696 -18.747 -18.767 -18.736 -18.778 -18.759 -18.808 -18.822 -18.821 -18.789 -18.860 -18.870 -18.924 -19.034 -18.993 -18.994 -19.043 -19.051 -19.064 -19.201 -19.102 -19.098 -19.065 -19.005 -18.905 -18.838 -18.697 -18.729 -18.693 -18.617 -18.599 -18.604 -18.575 -18.585 -18.676 -18.635 -18.593 -18.582 -18.445 -18.387 -18.330 -18.328 -18.333
-17.817 -17.933 -17.938 -17.923 -17.894 -17.824 -17.724 -17.626 -17.526 -17.432 -17.324 -17.242 -17.252 -17.251 -17.277 -17.318 -17.363 -17.446 -17.560 -17.649 -17.722 -17.708 -17.793 -17.897 -17.965 -18.029 -18.070 -18.128 -18.193 -18.281 -18.344 -18.348 -18.390 -18.399 -18.413 -18.398 -18.342 -18.274 -18.283 -18.248 -18.226 -18.266 -18.205 -18.186 -18.205 -18.253 -18.275 -18.321 -18.424 -18.449 -18.454 -18.493 -18.437 -18.411 -18.351 -18.322 -18.310 -18.255 -18.235 -18.227 -18.178 -18.146 -18.156 -18.050 -17.937 -17.899 -17.880 -17.789 -17.710 -17.636 -17.579
-16.652 -16.628 -16.651 -16.693 -16.747 -16.688 -16.692 -16.768 -16.828 -16.859 -16.832 -16.802 -16.780 -16.762 -16.769 -16.734 -16.732 -16.740 -16.778 -16.785 -16.844 -16.887 -16.966 -17.083 -17.186 -17.297 -17.407 -17.557 -17.731 -17.917 -18.081 -18.210 -18.332 -18.391 -18.397 -18.372 -18.324 -18.289 -18.632 -19.081 -19.028 -19.113 -19.126 -19.092 -18.999 -18.794 -18.527 -18.361 -18.448 -18.535 -18.549 -18.524 -18.661 -19.038 -19.455 -20.214 -21.054 -21.422 -21.529 -21.571 -20.907 -20.034 -18.509 -17.725 -17.511 -17.512 -17.415 -17.176 -16.912 -16.706 -16.524
-16.442 -16.363 -16.398 -16.457 -16.509 -16.573 -16.582 -16.616 -16.637 -16.603 -16.534 -16.491 -16.426 -16.444 -16.473 -16.455 -16.463 -16.479 -16.567 -16.638 -16.700 -16.852 -16.961 -17.048 -17.150 -17.186 -17.252 -17.369 -17.420 -17.529 -17.665 -17.611 -17.927 -18.953 -21.953 -22.493 -22.691 -22.120 -22.516 -23.044 -22.909 -22.974 -23.085 -22.342 -20.548 -19.632 -19.515 -20.607 -20.903 -20.986 -21.045 -21.146 -21.519 -22.211 -22.769 -23.393 -23.586 -23.274 -23.269 -23.295 -22.986 -22.641 -22.060 -20.757 -20.266 -18.001 -16.254 -15.401 -14.929 -14.554 -14.188
-15.743 -15.592 -15.561 -15.535 -15.477 -15.451 -15.501 -15.613 -15.662 -15.647 -15.619 -15.607 -15.703 -15.837 -15.953 -16.043 -16.128 -16.271 -16.463 -16.696 -16.890 -17.081 -17.130 -17.148 -17.164 -17.137 -17.384 -17.899 -17.419 -17.295 -18.030 -18.226 -17.262 -18.119 -21.187 -21.778 -20.802 -19.631 -20.127 -21.926 -20.616 -17.670 -15.657 -15.793 -17.043 -17.518 -18.865 -20.142 -21.325 -22.339 -23.420 -24.320 -25.158 -25.990 -26.517 -26.647 -26.308 -25.470 -24.268 -22.667 -20.769 -18.986 -17.867 -17.419 -15.754 -14.860 -13.961 -13.485 -12.803 -12.010 -10.972
-14.130 -14.037 -13.987 -13.953 -13.926 -13.942 -13.990 -14.066 -14.177 -14.292 -14.352 -14.431 -14.620 -14.808 -15.045 -15.266 -15.549 -15.858 -16.142 -16.326 -16.435 -16.441 -16.287 -16.472 -16.963 -16.820 -16.824 -16.400 -16.260 -16.146 -16.423 -17.436 -17.475 -16.898 -16.876 -16.984 -17.778 -19.337 -19.665 -18.946 -15.425 -12.959 -12.428 -12.643 -13.896 -13.989 -13.848 -14.256 -15.644 -17.645 -20.188 -22.804 -24.513 -25.818 -26.581 -26.825 -26.563 -26.002 -25.268 -24.178 -22.340 -19.703 -17.438 -15.786 -13.446 -12.529 -11.908 -11.039 -10.103 -9.047 -7.958
-13.254 -13.009 -12.843 -12.734 -12.693 -12.675 -12.778 -12.872 -13.048 -13.190 -13.362 -13.498 -13.662 -13.758 -13.838 -13.910 -14.038 -14.190 -14.276 -14.301 -14.127 -13.933 -15.429 -16.286 -16.620 -16.238 -15.422 -15.280 -15.203 -15.242 -14.584 -15.614 -16.567 -15.590 -17.330 -16.342 -16.090 -16.034 -16.193 -15.876 -14.806 -13.366 -12.674 -12.611 -12.578 -12.420 -12.084 -11.409 -9.841 -10.513 -13.611 -18.295 -21.621 -23.986 -25.377 -26.369 -26.907 -26.908 -26.017 -23.631 -20.545 -17.425 -15.526 -13.220 -10.536 -9.088 -8.237 -7.274 -6.721 -6.462 -6.005
-12.146 -11.317 -10.942 -10.753 -10.630 -10.651 -10.766 -11.154 -11.997 -12.265 -12.206 -11.748 -11.719 -11.783 -11.940 -12.294 -12.403 -12.373 -12.284 -12.222 -12.020 -11.830 -13.167 -13.636 -13.440 -14.450 -14.551 -15.095 -15.364 -15.135 -14.312 -14.183 -15.090 -15.816 -16.136 -14.132 -15.279 -16.213 -16.281 -15.818 -14.867 -14.935 -14.831 -14.032 -12.192 -11.522 -11.396 -10.174 -9.050 -7.427 -8.548 -11.594 -16.152 -20.399 -22.815 -24.414 -25.764 -26.035 -24.150 -20.253 -16.926 -14.674 -12.767 -9.263 -7.330 -5.829 -4.904 -4.327 -3.943 -3.439 -2.800
-11.496 -9.675 -8.946 -8.701 -8.305 -8.044 -9.230 -11.151 -11.482 -11.825 -12.001 -11.696 -11.681 -11.723 -11.550 -11.307 -10.564 -9.796 -9.624 -9.751 -10.371 -11.135 -12.065 -12.792 -11.942 -11.476 -12.466 -13.782 -13.959 -13.788 -13.849 -13.315 -13.127 -13.248 -13.772 -14.081 -13.280 -13.064 -13.710 -12.051 -11.188 -11.178 -11.273 -12.612 -12.336 -10.989 -10.125 -9.030 -7.863 -6.038 -5.417 -6.378 -11.452 -16.812 -20.170 -21.926 -22.939 -21.782 -16.819 -14.319 -11.960 -8.549 -5.465 -3.719 -2.838 -2.221 -1.810 -1.592 -1.295 -0.721 0.026
-8.857 -8.166 -7.734 -6.985 -5.974 -5.699 -6.095 -6.714 -6.537 -6.123 -6.457 -6.514 -6.280 -5.933 -5.791 -6.548 -7.792 -7.602 -6.961 -6.690 -6.557 -7.074 -7.869 -8.863 -9.617 -9.628 -10.352 -11.219 -11.452 -11.955 -12.192 -12.513 -12.772 -13.004 -13.356 -13.328 -12.727 -11.949 -12.015 -10.876 -10.484 -10.201 -9.766 -9.678 -9.625 -10.418 -11.212 -8.541 -6.406 -4.176 -3.874 -7.328 -11.770 -16.456 -18.545 -15.843 -11.368 -9.444 -4.322 -1.332 -0.500 0.237 -0.107 -1.093 -2.052 -1.661 0.148 0.806 0.858 1.215 1.779
-4.382 -3.553 -4.219 -3.925 -3.574 -3.121 -3.286 -3.518 -2.983 -2.378 -2.914 -4.006 -4.313 -4.706 -5.351 -4.982 -4.834 -5.342 -6.087 -7.271 -7.933 -6.329 -4.689 -4.824 -5.438 -6.184 -7.447 -8.255 -8.532 -8.825 -9.210 -9.718 -10.126 -10.524 -10.940 -10.635 -9.870 -9.795 -9.729 -8.915 -8.391 -8.003 -7.573 -8.141 -9.648 -9.876 -7.502 -5.874 -4.179 -2.444 -1.282 -3.332 -10.955 -17.354 -16.352 -6.086 -0.061 0.692 1.016 1.599 2.197 2.622 2.677 1.637 -0.346 0.593 2.639 3.106 3.101 3.209 3.528
-1.346 -1.085 -1.362 -1.459 -1.496 -1.302 -1.240 -1.590 -1.879 -1.250 -3.118 -1.056 -1.716 -1.962 -3.623 -6.628 -5.999 -3.735 -3.714 -4.420 -5.047 -5.295 -3.451 -2.663 -3.144 -2.919 -3.506 -3.968 -5.202 -5.876 -6.568 -7.542 -8.104 -8.329 -8.382 -8.489 -8.490 -8.346 -8.001 -7.475 -6.819 -7.786 -7.944 -6.932 -6.210 -5.648 -4.843 -3.600 -2.067 -0.996 -0.255 0.189 -3.342 -7.099 -7.421 0.805 2.014 2.587 3.335 3.737 4.178 4.394 4.728 5.007 5.361 5.577 5.558 5.556 5.432 5.342 5.297
1.460 1.370 0.955 0.569 0.271 0.321 0.599 0.245 0.572 0.262 1.604 3.634 4.209 5.018 5.174 4.484 2.461 0.173 -1.144 -2.538 -2.793 -3.136 -1.677 -0.786 -1.117 -1.597 -1.631 -1.426 -2.397 -3.226 -4.006 -4.767 -5.733 -6.012 -6.407 -6.911 -7.294 -7.348 -7.075 -6.533 -5.664 -5.762 -5.970 -5.601 -4.454 -4.239 -5.018 -2.844 -1.114 0.284 1.207 1.608 1.974 2.222 2.054 2.827 3.459 3.957 4.657 5.171 5.641 6.020 6.491 6.763 6.974 7.181 7.261 7.247 7.091 6.746 6.452
3.233 3.278 3.222 2.974 2.824 2.870 3.120 3.078 3.108 3.722 4.328 4.995 5.375 5.443 5.838 6.142 6.422 6.366 5.533 1.777 -0.392 -1.139 -0.596 0.773 1.297 1.082 0.701 0.431 -0.239 -1.073 -1.701 -2.240 -2.871 -3.276 -3.640 -4.347 -5.388 -5.433 -5.559 -5.462 -4.548 -3.521 -4.102 -4.030 -3.213 -3.084 -3.288 -1.986 -0.987 0.272 1.495 2.524 3.366 4.009 4.419 4.832 5.193 5.762 6.336 6.801 7.298 7.710 8.109 8.579 8.748 8.852 8.938 8.818 8.578 7.887 6.641
4.524 4.660 4.739 4.728 4.700 4.708 4.872 5.076 5.412 5.670 5.757 5.963 6.134 6.502 6.866 7.180 7.420 7.560 7.685 7.310 4.382 2.228 2.602 0.822 0.123 1.780 2.438 1.611 1.159 0.842 0.474 -0.013 -1.269 -1.415 -1.908 -2.176 -2.331 -2.316 -2.101 -3.544 -3.082 -2.162 -2.724 -3.651 -3.664 -3.072 -2.125 -0.567 0.125 0.344 0.828 2.465 3.972 5.214 6.094 6.653 6.945 7.246 7.641 8.088 8.562 8.960 9.346 9.688 9.947 10.111 10.097 9.794 8.732 8.706 8.244
5.379 5.589 5.688 5.845 5.939 6.046 6.088 6.184 6.191 6.449 6.629 6.860 7.077 7.365 7.676 7.992 8.254 8.575 8.570 8.710 8.331 4.256 2.417 3.103 1.669 0.140 3.405 4.029 3.275 2.908 1.998 1.612 1.662 0.937 0.027 -0.341 -0.656 -0.491 0.087 -0.233 -0.508 -0.640 -1.406 -1.855 -1.277 -0.798 -0.029 1.018 1.465 2.065 1.776 2.874 4.068 5.598 7.186 8.404 9.070 9.369 9.584 9.940 10.281 10.491 10.757 10.974 11.181 11.357 11.317 10.994 10.399 10.163 9.300
6.305 6.612 6.754 6.910 7.019 7.097 7.198 7.314 7.382 7.552 7.752 7.988 8.194 8.496 8.710 8.956 9.173 9.407 9.667 9.823 9.939 9.454 9.114 5.924 5.899 4.786 4.096 5.967 5.842 5.449 4.764 4.188 3.508 3.333 2.562 1.539 1.416 1.183 1.192 1.209 1.126 0.893 0.693 1.060 2.401 2.838 3.293 3.443 3.515 4.032 4.232 4.014 4.501 5.981 8.049 9.932 11.109 11.532 11.684 11.898 12.073 12.151 12.294 12.410 12.532 12.635 12.670 12.607 12.310 11.964 11.244
7.567 7.950 8.109 8.278 8.428 8.541 8.627 8.743 8.865 9.027 9.246 9.436 9.531 9.645 9.752 9.928 10.094 10.237 10.572 10.975 11.278 11.206 11.137 8.987 9.971 7.150 4.413 4.597 6.701 8.037 7.326 7.026 6.309 5.506 5.174 4.618 4.617 4.660 4.042 3.947 3.803 3.999 4.148 3.754 4.845 5.527 5.671 5.576 5.715 5.814 5.671 5.662 6.192 7.756 9.939 11.868 12.850 13.239 13.486 13.591 13.727 13.782 13.771 13.774 13.800 13.869 13.931 13.927 13.817 13.650 13.197
9.586 9.895 10.041 10.186 10.344 10.414 10.465 10.556 10.683 10.776 10.883 11.082 11.174 11.243 11.305 11.350 11.478 11.528 11.814 12.080 12.178 11.982 11.206 8.164 7.989 7.829 5.289 3.849 4.604 6.808 8.480 9.273 8.828 7.597 7.278 7.691 7.613 7.596 7.978 7.754 7.576 7.660 7.208 7.171 6.932 7.199 7.426 7.972 8.750 9.318 9.635 9.587 10.083 11.612 13.336 14.505 14.886 15.023 15.232 15.291 15.319 15.293 15.254 15.161 15.183 15.209 15.191 15.128 14.382 13.028 13.339
12.161 12.147 12.225 12.382 12.482 12.515 12.468 12.499 12.560 12.632 12.726 12.821 12.863 12.858 12.841 12.926 12.976 13.105 13.189 13.341 13.198 12.527 11.520 9.255 9.476 7.875 8.859 5.556 5.686 4.938 9.361 10.073 10.410 10.277 9.946 10.227 10.324 10.302 10.399 10.483 9.418 10.029 10.250 9.965 9.877 10.950 12.261 13.366 14.038 14.425 14.544 14.388 14.582 15.334 16.035 16.513 16.676 16.694 16.811 16.819 16.718 16.523 16.477 16.343 16.476 16.518 16.519 16.301 14.811 13.083 12.296
14.955 14.562 14.606 14.601 14.576 14.565 14.516 14.503 14.503 14.522 14.574 14.612 14.602 14.537 14.525 14.590 14.641 14.729 14.755 14.713 14.403 13.496 13.492 13.573 9.509 9.154 8.768 7.625 7.191 3.505 9.913 12.181 12.721 12.716 12.897 12.770 13.143 12.898 12.777 12.074 12.173 13.915 13.332 14.008 15.414 16.415 17.190 17.853 18.142 18.141 18.145 18.037 17.935 18.051 18.171 18.266 18.335 18.306 18.277 18.068 17.689 17.500 17.540 17.723 17.811 17.825 17.795 17.524 17.205 16.388 14.878
17.216 16.708 16.683 16.607 16.535 16.458 16.388 16.332 16.341 16.342 16.347 16.297 16.198 16.115 16.083 16.083 16.100 16.107 16.051 15.934 15.691 14.870 13.782 15.523 13.988 16.419 14.139 11.038 9.950 7.749 11.609 14.194 14.708 15.095 14.115 14.743 15.058 14.258 13.270 13.797 15.676 16.017 17.025 18.016 18.850 19.493 19.652 19.784 19.829 19.811 19.803 19.766 19.719 19.690 19.689 19.692 19.661 19.600 19.519 19.312 18.920 18.668 18.545 18.737 18.776 18.866 18.801 18.573 18.414 18.057 16.905
19.126 18.625 18.521 18.502 18.345 18.248 18.173 18.062 18.073 18.011 17.960 17.897 17.686 17.587 17.544 17.469 17.409 17.375 17.261 17.065 16.744 16.052 15.141 15.006 16.538 18.837 20.794 16.000 11.570 13.333 14.448 16.148 17.355 16.954 16.775 16.995 16.458 16.316 16.684 17.550 18.177 19.323 20.053 20.230 20.414 21.084 21.195 21.198 21.235 21.240 21.210 21.168 21.148 21.139 21.081 20.936 20.854 20.758 20.584 20.395 20.187 20.055 19.929 19.936 19.828 19.761 19.673 19.479 19.188 17.680 16.494
20.898 20.496 20.308 20.186 20.000 19.868 19.831 19.773 19.708 19.634 19.549 19.482 19.293 19.120 19.018 18.834 18.677 18.559 18.370 18.143 17.787 17.232 16.610 16.375 16.622 18.645 22.741 19.734 16.441 16.985 16.972 18.042 18.452 18.467 18.644 18.224 18.670 18.446 18.473 19.575 21.287 22.009 21.893 21.592 21.647 22.408 22.504 22.593 22.631 22.595 22.510 22.430 22.309 22.284 22.176 22.028 21.891 21.749 21.564 21.387 21.277 21.061 20.915 20.677 20.586 20.561 20.372 19.926 18.789 17.112 20.155
22.538 22.239 21.951 21.699 21.498 21.373 21.283 21.175 21.066 20.982 20.908 20.826 20.661 20.505 20.339 20.085 19.852 19.664 19.414 19.130 18.693 18.198 17.680 17.558 17.678 18.203 21.935 22.416 16.500 15.944 18.372 19.843 20.822 20.223 20.927 20.954 21.507 21.250 20.797 20.988 22.942 23.509 23.328 23.222 22.671 23.607 23.916 23.904 23.877 23.777 23.565 23.359 23.330 23.247 23.097 22.925 22.762 22.613 22.402 22.157 21.987 21.762 21.630 21.556 21.485 21.176 21.078 21.355 21.901 23.129 23.215
23.925 23.647 23.375 23.107 22.930 22.787 22.636 22.501 22.416 22.355 22.271 22.133 21.990 21.783 21.513 21.220 20.957 20.707 20.399 19.988 19.513 18.997 18.614 18.505 18.685 18.937 21.138 23.163 20.861 15.491 19.746 20.589 22.695 22.798 23.421 23.738 24.095 24.079 23.538 22.648 24.222 24.694 24.566 24.659 23.679 24.151 24.992 25.022 24.961 24.794 24.526 24.188 24.177 24.109 23.996 23.878 23.686 23.498 23.251 22.983 22.842 22.627 22.373 22.386 22.078 21.625 22.551 22.921 23.040 23.779 23.715
24.920 24.706 24.514 24.362 24.192 24.039 23.882 23.766 23.762 23.767 23.530 23.218 22.969 22.715 22.459 22.160 21.882 21.598 21.223 20.832 20.322 19.809 19.469 19.446 19.661 20.121 21.026 23.252 23.902 19.751 16.986 17.803 21.837 23.981 24.866 25.175 25.460 25.596 25.217 24.831 25.225 25.554 25.657 25.718 25.111 24.741 25.860 26.046 25.935 25.678 25.459 25.181 24.995 24.876 24.851 24.703 24.500 24.279 23.960 23.649 23.439 23.063 22.707 22.495 21.705 22.446 24.288 24.840 25.161 25.428 25.191
25.736 25.481 25.332 25.233 25.108 25.005 24.947 24.882 24.922 24.688 24.464 24.047 23.744 23.530 23.307 23.104 22.831 22.539 22.204 21.818 21.410 21.036 20.830 20.897 21.174 21.714 22.406 23.392 24.402 24.191 19.398 17.942 20.632 24.400 25.534 25.901 25.752 26.118 26.022 25.798 25.785 25.751 26.404 26.402 25.833 25.537 26.447 26.680 26.628 26.298 26.106 25.932 25.694 25.337 25.166 25.153 25.008 24.726 24.383 24.039 23.762 23.362 23.043 22.565 21.697 24.556 26.288 26.106 26.136 26.200 26.388
26.195 25.947 25.857 25.810 25.742 25.639 25.562 25.511 25.511 24.918 24.860 24.665 24.401 24.216 24.093 23.919 23.691 23.495 23.229 22.952 22.706 22.494 22.476 22.575 22.790 23.425 23.991 24.739 25.291 25.674 23.334 21.424 19.140 22.914 25.771 26.025 25.060 26.575 26.808 26.927 27.085 26.822 27.149 25.058 25.917 26.188 27.036 27.087 26.972 26.846 26.509 26.283 26.084 25.773 25.568 25.464 25.339 24.984 24.619 24.286 23.995 23.573 23.235 22.946 22.499 25.470 28.890 27.710 27.383 26.767 26.917
26.433 26.284 26.210 26.126 26.040 25.936 25.833 25.736 25.651 25.536 25.374 25.157 25.016 24.875 24.791 24.635 24.475 24.376 24.243 24.142 24.111 24.148 24.250 24.466 24.738 25.098 25.429 25.809 26.127 26.511 27.210 27.117 25.416 23.543 24.716 22.406 24.688 25.581 26.734 27.249 27.489 27.570 27.432 26.635 26.663 27.382 27.584 27.190 27.078 26.981 26.696 26.534 26.187 25.971 25.740 25.487 25.375 25.135 24.826 24.569 24.386 24.110 23.901 23.904 23.946 26.985 29.143 29.208 28.560 27.375 27.336
26.696 26.554 26.490 26.418 26.351 26.257 26.154 26.056 25.917 25.849 25.786 25.694 25.609 25.527 25.470 25.317 25.248 25.209 25.166 25.177 25.198 25.298 25.474 25.666 25.892 26.056 26.234 26.442 26.725 27.006 27.453 27.685 27.645 27.264 27.227 25.372 24.875 24.218 26.253 27.431 27.580 27.407 26.932 26.991 27.781 28.041 27.839 27.372 27.113 27.046 26.917 26.800 26.523 26.177 25.996 25.662 25.592 25.497 25.275 25.087 25.010 24.982 24.915 24.928 24.998 26.972 28.402 28.524 28.111 28.115 27.995
27.009 26.790 26.726 26.648 26.571 26.524 26.480 26.444 26.365 26.210 26.142 26.105 26.005 25.966 25.940 25.801 25.791 25.782 25.722 25.760 25.817 25.858 26.010 26.114 26.237 26.351 26.501 26.567 26.803 27.043 27.199 27.305 27.311 27.345 27.547 27.564 27.469 26.715 26.175 27.588 27.505 26.681 26.127 27.832 26.779 27.241 27.490 27.436 27.356 27.235 27.107 26.968 26.760 26.424 26.237 25.923 25.867 25.814 25.673 25.585 25.517 25.556 25.570 25.559 25.886 26.586 25.974 26.505 27.002 27.343 27.681
