data-raw/tempfiles/02_grid_data_2000BP.asc
ncols 144
nrows 72
xllcorner -180
yllcorner -90
cellsize 2.5
nodata_value -9999
[rows 32 to 63 of 72, columns 0 to 70 of 144]
27.252 26.972 26.952 26.921 26.862 26.794 26.789 26.727 26.689 26.578 26.504 26.444 26.391 26.324 26.265 26.208 26.192 26.145 26.095 26.076 26.101 26.102 26.111 26.175 26.252 26.300 26.365 26.423 26.543 26.652 26.673 26.727 26.834 26.973 27.109 27.081 27.061 27.094 25.930 26.134 26.337 25.975 26.174 24.724 27.037 27.735 27.364 26.636 26.926 27.110 27.123 27.078 27.005 26.794 26.670 26.444 26.338 26.112 26.100 26.063 26.064 26.128 26.180 26.198 26.500 27.048 27.187 25.824 25.047 26.110 26.886
27.390 27.167 27.104 27.063 27.003 26.941 26.898 26.893 26.934 26.851 26.701 26.606 26.539 26.446 26.389 26.346 26.339 26.283 26.208 26.148 26.153 26.118 26.047 26.043 26.052 26.057 26.062 26.079 26.117 26.116 26.132 26.209 26.334 26.450 26.491 26.517 26.626 26.776 26.904 26.843 26.017 22.922 21.660 25.085 26.764 23.451 24.437 24.085 25.363 26.774 26.908 27.043 27.061 26.965 26.898 26.768 26.662 26.446 26.376 26.420 26.496 26.538 26.536 26.524 26.730 27.115 27.666 26.809 25.691 25.893 26.311
27.340 27.260 27.200 27.214 27.127 27.045 27.075 27.120 27.202 27.162 26.882 26.657 26.631 26.529 26.370 26.429 26.367 26.212 26.208 26.114 25.940 25.913 25.818 25.702 25.684 25.590 25.520 25.556 25.509 25.485 25.500 25.546 25.666 25.808 25.899 25.987 26.119 26.119 26.156 26.166 25.823 22.645 23.579 26.301 25.853 23.491 23.410 25.900 25.778 26.129 26.258 26.447 27.048 26.996 27.092 27.039 26.828 26.611 26.506 26.617 26.741 26.692 26.582 26.435 26.464 26.589 26.926 26.997 26.805 26.668 26.844
27.325 27.342 27.283 27.217 27.107 26.981 26.925 27.015 27.109 26.981 26.670 26.436 26.276 26.196 26.108 26.090 26.025 25.835 25.724 25.656 25.480 25.320 25.182 25.055 24.913 24.821 24.690 24.663 24.645 24.552 24.500 24.517 24.552 24.518 24.571 24.704 24.882 24.919 25.139 25.323 23.017 22.585 25.434 25.750 25.940 25.388 25.326 26.408 25.834 26.197 26.383 26.165 26.967 27.128 27.277 27.180 27.028 26.836 26.709 26.746 26.717 26.583 26.398 26.192 26.041 26.022 26.211 26.359 26.499 26.506 26.548
27.517 27.457 27.449 27.399 27.266 27.122 27.028 27.041 27.048 26.927 26.721 26.551 26.400 26.300 26.267 26.206 26.070 25.932 25.822 25.704 25.593 25.424 25.219 25.030 24.865 24.719 24.588 24.528 24.491 24.416 24.308 24.179 24.098 23.960 23.903 23.852 24.037 23.880 23.900 24.106 19.625 25.856 26.600 26.471 26.340 26.037 25.768 26.543 26.437 26.443 26.865 27.313 27.226 27.055 27.291 27.360 27.206 27.035 26.841 26.800 26.718 26.556 26.348 26.096 25.875 25.788 25.772 25.826 25.952 26.013 25.956
27.812 27.660 27.760 27.696 27.530 27.420 27.313 27.285 27.268 27.081 26.936 26.853 26.704 26.659 26.699 26.516 26.365 26.301 26.164 26.065 26.021 25.826 25.701 25.585 25.348 25.228 25.131 24.907 24.819 24.820 24.639 24.531 24.444 24.221 24.122 24.008 23.917 23.635 23.171 23.643 21.788 25.861 26.754 26.779 26.472 25.211 25.867 26.727 27.557 26.652 26.431 26.875 27.163 26.613 28.379 28.450 27.761 27.473 27.050 26.907 26.846 26.650 26.426 26.172 25.971 25.882 25.796 25.745 25.751 25.782 25.703
28.000 27.781 27.994 28.034 27.799 27.637 27.626 27.570 27.493 27.348 27.232 27.160 27.112 27.052 26.979 26.795 26.653 26.525 26.455 26.365 26.255 26.153 26.007 25.900 25.778 25.603 25.454 25.270 25.137 25.009 24.836 24.659 24.539 24.383 24.196 23.997 23.844 23.622 23.128 23.303 20.570 24.320 26.236 27.016 27.046 25.931 26.087 26.304 27.015 26.268 25.730 26.224 27.125 27.365 28.008 28.397 28.589 27.171 26.999 26.979 26.864 26.644 26.399 26.155 25.938 25.819 25.648 25.383 25.218 25.192 25.137
28.088 27.893 28.179 28.265 28.017 27.871 27.863 27.843 27.704 27.459 27.307 27.251 27.254 27.248 27.129 26.928 26.774 26.668 26.604 26.490 26.358 26.193 26.019 25.873 25.749 25.595 25.453 25.290 25.068 24.847 24.640 24.432 24.216 23.980 23.694 23.434 23.307 23.220 22.826 22.075 19.421 19.727 25.579 25.387 26.280 26.357 26.351 26.394 26.384 25.945 25.830 26.379 27.565 27.496 28.059 27.810 27.344 25.499 26.856 26.843 26.702 26.461 26.145 25.858 25.587 25.356 25.082 24.678 24.282 24.236 24.256
27.890 27.670 27.909 28.068 27.920 27.864 27.835 27.743 27.590 27.379 27.261 27.258 27.336 27.339 27.196 27.032 26.862 26.689 26.613 26.448 26.266 26.103 25.915 25.720 25.616 25.449 25.276 25.143 24.869 24.607 24.374 24.056 23.694 23.400 23.054 22.781 22.579 22.433 22.189 21.893 20.976 14.593 21.340 24.791 25.573 26.483 26.064 26.113 25.942 26.269 26.419 26.990 27.303 25.967 27.100 25.620 25.802 26.622 26.760 26.494 26.253 26.002 25.668 25.338 24.980 24.668 24.369 23.981 23.630 23.316 23.211
27.436 27.247 27.384 27.403 27.407 27.384 27.375 27.322 27.205 27.082 27.094 27.176 27.253 27.258 27.133 26.978 26.809 26.558 26.336 26.184 26.037 25.840 25.667 25.498 25.306 25.115 24.906 24.693 24.488 24.228 23.920 23.611 23.218 22.845 22.427 21.900 21.540 21.444 21.502 21.350 20.891 18.504 11.924 12.562 21.677 25.885 25.735 25.466 25.090 26.157 26.273 26.991 26.149 25.254 26.138 24.587 25.798 26.637 26.423 26.037 25.708 25.424 25.063 24.693 24.335 24.138 23.896 23.511 23.064 22.697 22.465
26.771 26.669 26.740 26.656 26.574 26.615 26.708 26.767 26.709 26.671 26.747 26.847 26.886 26.863 26.782 26.675 26.492 26.188 25.963 25.806 25.685 25.497 25.314 25.110 24.947 24.751 24.534 24.301 24.034 23.790 23.533 23.181 22.665 22.156 21.851 21.254 21.087 20.965 20.755 20.577 20.313 20.449 18.114 11.580 11.242 20.581 24.663 24.721 25.614 26.457 25.707 25.829 24.546 24.899 25.161 24.771 25.945 26.344 26.109 25.709 25.380 25.035 24.624 24.205 23.826 23.768 23.606 23.199 22.828 22.407 22.073
25.751 25.641 25.672 25.600 25.501 25.575 25.767 25.871 25.867 25.851 25.864 25.861 25.882 25.949 25.951 25.991 25.892 25.599 25.343 25.175 25.078 24.946 24.775 24.634 24.478 24.285 24.092 23.861 23.611 23.384 22.857 22.358 21.809 21.860 21.739 21.367 20.892 20.701 20.323 20.131 19.869 19.820 19.843 19.378 10.021 12.074 21.114 24.854 25.544 26.042 24.964 24.670 24.422 23.511 23.696 25.191 25.922 25.875 25.647 25.356 25.067 24.748 24.332 23.897 23.497 23.465 23.413 22.977 22.677 22.340 22.013
24.499 24.327 24.267 24.210 24.201 24.317 24.445 24.503 24.543 24.558 24.565 24.540 24.621 24.745 24.850 24.952 24.933 24.682 24.411 24.286 24.224 24.185 24.073 23.941 23.798 23.652 23.499 23.319 23.109 22.844 22.132 21.698 21.560 21.658 21.449 21.133 20.757 20.452 20.055 19.641 19.335 19.176 18.816 19.194 12.103 8.512 20.380 24.763 25.145 24.082 24.407 24.511 23.618 21.932 22.105 24.628 25.374 25.276 24.965 24.757 24.537 24.260 23.948 23.612 23.178 23.106 23.016 22.730 22.483 22.216 21.830
23.073 22.944 22.878 22.849 22.856 22.897 22.938 22.940 23.003 23.076 23.072 23.114 23.241 23.364 23.446 23.550 23.531 23.391 23.257 23.167 23.139 23.139 23.090 22.996 22.862 22.785 22.702 22.680 22.512 21.985 21.524 21.294 21.314 21.233 21.018 20.726 20.439 20.182 19.783 19.353 18.980 18.661 18.219 18.814 11.519 7.736 22.057 24.227 23.791 22.954 22.784 21.730 21.462 22.555 23.936 24.533 24.466 24.249 23.967 23.825 23.750 23.571 23.339 23.118 22.830 22.638 22.559 22.298 22.083 21.886 21.531
21.563 21.498 21.480 21.497 21.494 21.475 21.476 21.441 21.456 21.520 21.590 21.647 21.753 21.837 21.892 21.981 21.972 21.908 21.919 21.903 21.905 21.925 21.908 21.858 21.823 21.772 21.885 21.912 21.562 20.909 21.138 20.889 20.791 20.571 20.382 20.109 19.907 19.646 19.311 18.802 18.538 18.090 17.635 18.265 6.206 11.452 22.198 22.967 22.679 21.945 20.732 19.091 21.446 22.737 23.250 23.267 23.034 22.833 22.683 22.624 22.623 22.542 22.371 22.234 22.080 21.856 21.733 21.553 21.322 21.136 20.878
20.162 20.148 20.167 20.158 20.088 20.075 20.043 20.007 20.020 20.034 20.083 20.122 20.191 20.238 20.284 20.360 20.359 20.394 20.433 20.440 20.484 20.490 20.478 20.504 20.531 20.574 20.895 20.831 20.196 20.069 20.096 19.992 19.812 19.547 19.463 19.238 19.104 18.848 18.490 18.046 17.885 17.476 17.031 16.320 8.569 18.681 21.588 21.398 21.001 21.048 19.771 18.995 20.923 21.921 21.972 21.710 21.514 21.408 21.306 21.289 21.253 21.212 21.113 21.006 20.923 20.779 20.611 20.451 20.374 20.298 20.077
18.938 18.899 18.888 18.815 18.735 18.660 18.583 18.553 18.562 18.584 18.587 18.593 18.632 18.682 18.709 18.749 18.766 18.817 18.904 18.932 18.937 18.932 18.917 18.914 18.953 19.195 19.614 19.318 18.994 18.969 18.839 18.712 18.618 18.452 18.358 18.165 18.060 17.876 17.632 17.378 17.164 16.729 16.228 13.542 13.397 19.939 19.227 19.763 19.673 19.216 19.129 20.195 20.426 20.636 20.417 20.112 19.935 19.830 19.784 19.810 19.757 19.691 19.639 19.602 19.537 19.432 19.365 19.200 18.954 18.686 18.791
17.657 17.660 17.577 17.458 17.322 17.223 17.154 17.082 17.041 17.063 17.044 17.003 16.999 17.028 17.041 17.119 17.136 17.185 17.240 17.228 17.177 17.186 17.119 17.100 17.270 17.542 17.789 17.420 16.984 17.118 17.193 17.165 17.199 17.058 17.005 16.935 16.852 16.751 16.624 16.430 16.202 15.828 15.322 13.061 13.169 18.071 18.402 18.059 18.197 17.883 18.284 18.619 19.081 18.987 18.754 18.537 18.349 18.219 18.100 18.031 17.982 17.896 17.813 17.827 17.771 17.676 17.725 17.563 17.412 17.137 16.987
16.396 16.369 16.235 16.116 15.961 15.840 15.729 15.650 15.607 15.584 15.537 15.502 15.430 15.439 15.485 15.556 15.581 15.597 15.616 15.606 15.563 15.496 15.392 15.544 15.371 15.664 15.542 15.411 15.282 14.990 15.252 15.461 15.490 15.545 15.416 15.451 15.543 15.518 15.379 15.212 15.107 14.660 14.280 11.887 14.061 17.644 16.860 15.959 16.627 16.551 16.775 17.242 17.653 17.415 17.145 16.968 16.810 16.589 16.425 16.254 16.108 15.994 15.928 15.884 15.857 15.794 15.735 15.577 15.422 15.284 15.162
15.213 15.243 15.011 14.854 14.651 14.512 14.392 14.306 14.253 14.193 14.150 14.088 14.023 13.973 13.956 14.003 14.059 14.087 14.111 14.104 14.032 13.940 13.933 13.915 13.530 13.536 13.602 13.540 13.447 13.009 13.536 13.747 13.786 13.837 13.842 13.940 14.028 14.128 14.149 14.066 13.966 13.763 13.038 10.403 15.500 16.871 16.230 15.471 14.938 14.285 14.872 15.785 15.916 15.601 15.339 15.205 15.043 14.849 14.686 14.511 14.297 14.159 14.049 13.968 13.876 13.791 13.718 13.593 13.397 13.155 12.934
13.772 13.837 13.646 13.478 13.281 13.113 12.992 12.885 12.822 12.752 12.676 12.617 12.537 12.482 12.435 12.421 12.459 12.493 12.485 12.488 12.415 12.311 12.222 12.017 11.978 11.864 12.044 11.761 11.811 11.696 12.069 12.133 12.126 12.134 12.132 12.270 12.347 12.498 12.663 12.693 12.637 12.581 11.748 9.354 11.634 14.678 15.471 14.228 12.713 12.272 12.959 13.920 13.852 13.436 13.159 12.964 12.799 12.660 12.568 12.478 12.370 12.254 12.185 12.028 11.891 11.749 11.709 11.652 11.369 11.002 10.755
12.089 12.307 12.285 12.168 11.999 11.796 11.677 11.565 11.484 11.415 11.344 11.222 11.121 11.039 10.988 10.930 10.907 10.897 10.873 10.870 10.821 10.770 10.715 10.472 10.399 10.381 10.235 10.187 10.301 10.506 10.649 10.666 10.570 10.487 10.509 10.598 10.732 10.903 11.111 11.186 11.297 11.367 10.135 8.143 11.994 14.108 13.122 11.810 10.821 10.808 11.551 11.997 11.800 11.350 11.034 10.829 10.635 10.432 10.307 10.189 10.100 10.069 10.057 10.014 9.888 9.637 9.499 9.432 9.288 9.052 9.038
10.339 10.677 10.830 10.826 10.717 10.562 10.448 10.324 10.217 10.107 9.998 9.866 9.754 9.658 9.574 9.491 9.456 9.415 9.380 9.359 9.367 9.336 9.304 9.074 9.149 8.905 8.758 8.915 9.159 9.243 9.188 9.107 9.013 9.023 9.090 9.106 9.192 9.353 9.499 9.622 9.800 9.811 6.650 6.759 11.123 11.967 11.048 10.089 9.316 9.277 9.744 9.962 9.820 9.477 9.271 9.113 8.838 8.522 8.245 7.989 7.829 7.789 7.815 7.875 7.814 7.535 7.259 7.086 6.973 6.952 7.001
9.115 9.380 9.584 9.602 9.503 9.413 9.313 9.226 9.103 8.976 8.865 8.749 8.610 8.481 8.355 8.278 8.252 8.209 8.165 8.149 8.106 8.012 7.967 7.604 7.540 7.487 7.607 7.876 7.857 7.829 7.742 7.697 7.685 7.693 7.771 7.782 7.778 7.910 8.108 8.293 8.441 8.155 3.598 6.095 10.037 10.496 9.431 8.749 8.085 7.824 7.805 7.663 7.536 7.315 7.108 6.963 6.672 6.367 6.114 5.885 5.676 5.648 5.672 5.783 5.811 5.671 5.387 5.109 4.886 4.815 4.913
7.954 8.088 8.189 8.149 8.046 8.003 7.945 7.887 7.817 7.713 7.578 7.443 7.317 7.201 7.143 7.095 7.042 6.998 6.977 6.958 6.910 6.562 6.335 6.355 6.147 6.016 6.433 6.581 6.528 6.529 6.463 6.472 6.519 6.506 6.490 6.540 6.611 6.719 6.869 6.995 7.109 7.234 4.761 6.511 8.187 7.961 7.622 7.335 7.084 6.398 5.876 5.546 5.298 4.983 4.621 4.357 4.139 3.985 3.824 3.683 3.617 3.643 3.732 3.895 3.903 3.845 3.636 3.340 3.038 2.924 2.880
6.780 6.787 6.777 6.694 6.547 6.453 6.395 6.301 6.211 6.068 5.869 5.676 5.498 5.444 5.485 5.501 5.493 5.469 5.442 5.460 5.373 5.262 5.295 5.100 4.992 5.160 5.305 5.348 5.379 5.404 5.409 5.396 5.282 5.306 5.340 5.388 5.457 5.511 5.571 5.534 5.735 6.058 5.688 5.082 5.480 6.130 6.036 5.829 5.698 5.179 4.600 4.186 3.757 3.312 2.869 2.581 2.398 2.185 2.109 1.850 1.738 1.793 1.918 2.070 2.123 2.126 1.984 1.798 1.480 1.286 1.133
5.506 5.325 5.205 5.035 4.881 4.718 4.591 4.430 4.193 3.977 3.685 3.369 3.110 3.038 3.132 3.294 3.415 3.440 3.357 3.296 3.316 3.410 3.568 3.691 3.727 3.815 3.893 3.970 4.030 4.066 4.088 4.079 4.029 3.996 4.030 4.051 4.071 4.110 4.128 4.186 4.379 4.685 4.817 4.892 4.836 4.664 4.116 3.685 3.422 3.118 2.721 2.342 1.899 1.495 1.152 0.959 0.883 0.761 0.507 0.149 -0.125 -0.206 0.067 0.281 0.302 0.226 0.081 -0.129 -0.373 -0.604 -0.832
3.770 3.353 3.266 3.139 2.947 2.782 2.620 2.332 2.071 1.741 1.405 1.112 0.824 0.717 0.780 0.895 0.950 0.918 0.956 1.029 1.241 1.433 1.728 1.894 1.974 2.083 2.200 2.346 2.366 2.398 2.436 2.467 2.465 2.517 2.559 2.577 2.630 2.717 2.810 2.890 3.014 3.025 3.118 3.156 2.930 2.619 1.958 1.554 1.149 0.776 0.309 -0.150 -0.652 -0.955 -1.293 -1.483 -1.594 -1.765 -1.981 -2.173 -2.386 -2.396 -1.950 -1.810 -1.954 -2.190 -2.439 -2.601 -2.678 -2.717 -2.688
1.874 1.370 1.224 1.025 0.806 0.604 0.360 0.044 -0.215 -0.410 -0.935 -1.153 -1.530 -1.733 -1.838 -1.935 -1.657 -1.237 -1.005 -0.867 -0.688 -0.465 -0.120 0.137 0.287 0.465 0.564 0.616 0.568 0.622 0.660 0.682 0.748 0.813 0.818 0.884 0.972 1.102 1.233 1.294 1.345 1.161 1.055 0.884 0.487 0.095 -0.220 -0.573 -1.166 -1.782 -2.517 -3.246 -4.074 -4.629 -4.772 -4.193 -4.179 -4.160 -4.167 -4.226 -4.314 -4.247 -4.075 -4.061 -4.143 -4.299 -4.355 -4.351 -4.349 -4.255 -4.116
-0.946 -1.367 -1.642 -1.805 -2.109 -2.418 -2.742 -3.118 -3.250 -3.370 -3.612 -3.844 -4.057 -4.107 -4.034 -3.832 -3.607 -3.431 -3.215 -3.033 -2.842 -2.416 -1.985 -1.768 -1.588 -1.456 -1.406 -1.384 -1.334 -1.278 -1.213 -1.115 -1.035 -1.005 -1.033 -1.007 -0.910 -0.855 -0.832 -0.846 -0.920 -1.075 -1.155 -1.474 -1.744 -2.106 -2.953 -4.934 -5.352 -4.932 -5.276 -6.096 -6.986 -7.619 -7.396 -6.323 -5.740 -5.681 -5.603 -5.570 -5.635 -5.642 -5.646 -5.885 -6.121 -6.066 -5.842 -5.769 -5.708 -5.592 -5.312
-5.018 -5.026 -5.186 -5.296 -5.495 -5.681 -5.837 -6.015 -6.110 -6.126 -6.258 -6.323 -6.252 -6.135 -6.003 -5.933 -5.915 -5.731 -5.450 -5.272 -5.133 -5.013 -4.946 -4.848 -4.626 -4.373 -4.257 -4.207 -4.121 -3.907 -3.667 -3.496 -3.366 -3.350 -3.408 -3.461 -3.492 -3.493 -3.570 -3.563 -3.664 -3.702 -3.634 -3.728 -4.201 -7.512 -8.777 -8.262 -6.568 -7.222 -7.795 -8.359 -8.753 -9.113 -9.121 -8.686 -8.095 -7.865 -7.347 -7.102 -7.143 -7.130 -7.165 -7.460 -7.649 -7.765 -7.492 -7.367 -7.288 -7.060 -6.807
-8.837 -8.322 -8.266 -8.226 -8.264 -8.236 -8.281 -8.384 -8.413 -8.436 -8.475 -8.442 -8.348 -8.265 -8.125 -7.987 -7.798 -7.609 -7.491 -7.514 -7.579 -7.635 -7.612 -7.505 -7.239 -7.007 -6.959 -7.003 -6.892 -6.671 -6.443 -6.231 -6.054 -6.036 -6.069 -6.204 -6.264 -6.366 -6.432 -6.297 -6.172 -6.273 -6.389 -7.345 -7.792 -11.390 -12.214 -10.716 -9.150 -9.255 -9.510 -9.780 -10.254 -10.682 -10.796 -10.852 -10.808 -10.579 -9.993 -9.742 -9.608 -9.388 -9.178 -9.124 -9.083 -9.203 -9.245 -9.251 -9.183 -9.185 -8.939
