data-raw/tempfiles/02_grid_data_2000BP.asc
ncols 144
nrows 72
xllcorner -180
yllcorner -90
cellsize 2.5
nodata_value -9999
[rows 0 to 31 of 72, columns 71 to 141 of 144]
-18.382 -18.487 -18.537 -18.665 -18.680 -18.747 -18.589 -18.515 -18.496 -18.597 -18.575 -18.607 -18.604 -18.576 -18.534 -18.590 -18.571 -18.577 -18.632 -18.653 -18.667 -18.735 -18.763 -18.821 -18.886 -18.874 -18.808 -18.841 -18.868 -18.903 -18.963 -18.935 -18.957 -18.991 -19.022 -19.032 -19.052 -19.039 -19.051 -18.948 -18.980 -19.020 -19.052 -19.047 -19.033 -19.032 -19.014 -18.980 -18.984 -18.981 -18.973 -18.953 -18.890 -18.844 -18.885 -18.854 -18.829 -18.865 -18.870 -18.870 -18.866 -18.841 -18.808 -18.805 -18.805 -18.791 -18.761 -18.723 -18.710 -18.690 -18.653
-17.537 -17.536 -17.501 -17.424 -17.358 -17.368 -17.370 -17.342 -17.378 -17.414 -17.413 -17.425 -17.414 -17.454 -17.490 -17.548 -17.590 -17.612 -17.653 -17.716 -17.753 -17.823 -17.911 -17.968 -18.026 -18.028 -18.019 -18.048 -18.073 -18.095 -18.128 -18.130 -18.147 -18.173 -18.207 -18.202 -18.213 -18.227 -18.243 -18.281 -18.322 -18.356 -18.375 -18.390 -18.406 -18.429 -18.416 -18.399 -18.417 -18.426 -18.426 -18.395 -18.401 -18.370 -18.346 -18.356 -18.338 -18.323 -18.297 -18.264 -18.243 -18.183 -18.124 -18.085 -18.077 -18.042 -18.009 -18.006 -17.999 -17.996 -17.988
-16.376 -16.304 -16.130 -16.036 -16.019 -15.977 -15.911 -15.904 -15.956 -16.045 -16.119 -16.181 -16.264 -16.401 -16.563 -16.719 -16.872 -16.992 -17.146 -17.293 -17.415 -17.500 -17.561 -17.591 -17.641 -17.667 -17.719 -17.759 -17.799 -17.843 -17.896 -17.926 -17.927 -17.911 -17.911 -17.905 -17.903 -17.911 -17.912 -17.908 -17.865 -17.841 -17.834 -17.837 -17.859 -17.886 -17.898 -17.916 -17.935 -17.970 -18.003 -18.022 -18.077 -18.064 -18.031 -18.019 -17.998 -17.945 -17.899 -17.858 -17.805 -17.730 -17.677 -17.598 -17.526 -17.423 -17.332 -17.223 -17.000 -16.938 -16.922
-13.736 -13.226 -12.721 -12.378 -12.346 -12.326 -12.510 -12.692 -13.172 -13.675 -14.206 -14.386 -14.656 -15.028 -15.363 -15.616 -15.878 -16.004 -16.082 -16.181 -16.272 -16.359 -16.407 -16.394 -16.409 -16.575 -16.767 -16.925 -17.088 -17.245 -17.320 -17.408 -17.439 -17.453 -17.495 -17.501 -17.678 -18.014 -19.438 -18.884 -17.569 -17.143 -17.160 -17.283 -17.357 -17.365 -17.386 -17.376 -17.383 -17.438 -17.490 -17.497 -17.557 -17.530 -17.493 -17.514 -17.484 -17.452 -17.422 -17.331 -17.212 -17.104 -16.973 -16.777 -16.548 -16.302 -16.186 -16.218 -16.315 -16.410 -16.453
-9.708 -8.613 -7.774 -7.365 -7.734 -9.260 -11.534 -13.399 -13.527 -12.896 -13.178 -13.036 -13.118 -13.408 -13.724 -13.950 -14.189 -14.315 -14.285 -14.225 -14.167 -14.123 -14.055 -13.962 -13.918 -13.930 -14.076 -14.229 -14.506 -14.789 -15.086 -15.424 -15.699 -15.968 -16.250 -16.500 -16.697 -16.986 -17.917 -18.656 -18.033 -18.766 -18.483 -17.005 -16.855 -17.130 -17.180 -17.171 -17.220 -17.261 -17.307 -17.333 -17.280 -17.259 -17.259 -17.277 -17.322 -17.356 -17.341 -17.314 -17.199 -17.094 -16.967 -16.764 -16.472 -16.126 -15.767 -15.614 -15.751 -15.803 -15.801
-7.027 -6.329 -5.842 -5.616 -5.626 -5.937 -6.594 -7.944 -8.864 -9.262 -9.399 -9.443 -9.434 -9.570 -9.891 -10.208 -10.412 -10.451 -10.372 -10.353 -10.458 -10.588 -10.599 -10.921 -11.546 -11.739 -11.938 -12.115 -12.066 -12.230 -12.688 -13.215 -13.670 -14.138 -14.491 -14.815 -15.259 -15.665 -16.289 -16.614 -16.926 -17.893 -18.635 -18.339 -18.717 -18.773 -17.295 -16.874 -17.036 -17.107 -17.066 -17.009 -17.008 -16.923 -16.820 -16.946 -17.850 -17.730 -17.509 -16.923 -16.896 -16.884 -16.700 -16.446 -16.047 -15.528 -14.767 -14.528 -14.593 -14.592 -14.458
-5.361 -4.767 -4.275 -3.994 -3.804 -3.755 -3.811 -3.859 -4.018 -4.087 -4.275 -4.263 -4.195 -4.365 -4.716 -5.223 -5.671 -5.916 -6.090 -6.432 -7.012 -7.918 -9.586 -11.185 -10.607 -10.339 -10.218 -10.336 -10.582 -10.997 -11.098 -11.545 -12.112 -13.314 -14.096 -14.415 -15.171 -15.683 -16.150 -16.339 -16.299 -16.178 -16.162 -16.282 -16.580 -16.813 -16.681 -16.948 -16.911 -16.627 -16.554 -16.679 -16.317 -16.067 -16.144 -16.174 -16.316 -16.545 -16.330 -16.037 -16.102 -16.094 -16.036 -15.954 -15.793 -15.586 -15.213 -14.659 -14.195 -13.857 -13.596
-2.051 -1.348 -0.833 -0.425 -0.038 0.223 0.444 0.725 0.745 0.382 -0.331 -1.198 -1.703 -0.909 -0.963 -1.487 -1.969 -2.649 -3.526 -4.473 -5.516 -6.993 -9.057 -9.388 -9.242 -9.149 -9.238 -9.419 -10.910 -11.070 -10.143 -11.215 -12.164 -12.437 -12.582 -12.553 -12.669 -13.098 -13.534 -13.801 -14.025 -14.307 -14.704 -15.212 -15.514 -15.323 -15.080 -15.037 -15.152 -15.630 -16.047 -16.580 -16.252 -15.411 -16.022 -15.859 -15.640 -15.976 -15.691 -15.546 -15.593 -15.182 -14.946 -14.899 -14.835 -14.063 -13.880 -13.688 -13.185 -12.681 -12.466
0.773 1.448 2.010 2.458 2.870 3.149 2.937 0.194 -2.831 -3.563 -3.149 -2.937 -2.941 -2.507 -2.060 -1.566 -0.923 -1.461 -2.980 -3.963 -5.066 -5.864 -6.667 -7.322 -7.832 -8.571 -9.013 -8.522 -8.774 -9.254 -8.406 -9.127 -9.678 -10.138 -10.228 -10.278 -10.985 -12.426 -13.905 -14.496 -14.254 -13.281 -12.808 -13.329 -13.907 -13.748 -13.096 -12.753 -13.151 -13.267 -13.251 -14.358 -15.657 -14.991 -15.125 -15.061 -16.106 -15.634 -14.313 -13.931 -14.052 -13.532 -12.807 -12.103 -11.954 -11.902 -12.469 -12.848 -12.241 -12.208 -13.093
2.513 3.158 3.619 3.880 4.148 3.772 -0.261 -2.464 -2.525 -1.512 -1.362 -1.899 -2.148 -1.880 -1.493 -1.369 -1.543 -1.861 -1.971 -2.432 -3.496 -3.996 -4.655 -4.916 -5.675 -6.474 -6.660 -6.627 -6.626 -6.869 -7.262 -7.862 -7.836 -7.630 -7.770 -7.665 -8.439 -9.519 -10.507 -11.592 -11.798 -11.416 -10.981 -11.014 -11.173 -11.366 -11.407 -11.174 -11.244 -11.297 -11.240 -12.982 -14.284 -13.625 -14.037 -14.170 -15.085 -14.622 -13.930 -13.644 -12.202 -11.077 -11.358 -11.010 -11.066 -11.072 -10.914 -11.203 -11.192 -10.666 -9.985
4.016 4.533 5.038 4.847 3.517 1.074 -0.719 -0.251 0.236 0.968 0.617 -0.096 -0.410 -0.373 -0.184 -0.365 -0.225 -0.446 -0.825 -1.359 -1.864 -2.199 -2.308 -2.638 -4.318 -4.046 -3.862 -4.133 -4.563 -5.134 -5.629 -5.894 -5.877 -5.578 -5.541 -5.733 -6.708 -7.719 -7.955 -8.354 -8.542 -8.638 -8.559 -8.608 -8.751 -9.058 -9.092 -8.808 -8.892 -8.964 -9.049 -9.701 -11.031 -11.847 -12.442 -12.759 -13.883 -13.695 -13.375 -13.039 -12.278 -11.386 -10.959 -10.576 -10.719 -9.716 -9.248 -8.888 -8.339 -8.028 -7.620
5.423 5.734 5.839 1.300 -1.227 0.315 0.653 1.862 3.084 2.432 1.669 1.785 1.704 1.748 1.473 1.000 0.554 0.418 0.283 0.113 -0.187 -0.539 -0.735 -1.087 -2.203 -1.258 -1.363 -1.780 -2.322 -2.839 -3.435 -3.617 -3.659 -4.008 -4.273 -4.322 -4.331 -4.999 -5.823 -6.332 -6.298 -6.347 -6.580 -6.506 -6.499 -6.588 -6.299 -6.129 -6.402 -6.882 -7.211 -7.823 -8.578 -9.267 -9.953 -10.625 -11.358 -10.306 -9.781 -9.363 -9.385 -9.455 -9.225 -6.389 -4.025 -4.624 -4.720 -4.650 -4.890 -4.576 -2.032
6.757 6.685 6.650 4.064 3.651 4.514 3.617 4.006 4.779 4.563 4.094 3.428 3.518 3.156 2.486 2.104 1.979 1.681 1.539 1.477 1.159 0.429 0.487 0.393 -0.309 0.698 0.550 -0.122 -0.617 -1.126 -1.521 -1.884 -2.072 -2.246 -2.502 -2.586 -2.531 -2.764 -3.635 -4.030 -3.960 -4.045 -4.729 -5.043 -4.859 -5.125 -5.987 -6.450 -5.621 -5.864 -6.510 -7.238 -7.577 -7.799 -7.758 -8.146 -7.624 -3.982 -2.552 -2.428 -2.156 -2.382 -2.539 -0.911 -1.845 -3.644 -0.658 0.857 1.376 1.621 1.719
7.824 7.896 7.657 7.418 7.081 6.443 5.277 5.965 6.222 5.821 4.829 4.438 4.234 3.880 3.436 3.392 3.377 3.215 3.099 2.931 2.531 2.296 2.097 1.918 1.095 1.680 1.384 0.847 0.478 0.034 -0.345 -0.729 -0.848 -0.839 -0.649 -0.433 -0.566 -0.720 -1.200 -1.419 -1.713 -2.403 -2.953 -3.471 -4.899 -6.589 -6.802 -6.888 -7.287 -6.291 -6.208 -6.433 -7.236 -8.077 -6.769 -5.547 -3.583 -1.828 -1.203 -0.718 -0.189 0.484 1.070 -0.848 -3.121 -1.825 1.811 2.598 2.822 3.039 3.184
8.276 8.864 8.768 8.574 8.342 8.217 8.109 7.662 7.129 6.827 5.971 5.228 5.007 4.704 4.532 4.268 4.279 4.352 3.832 3.598 3.776 3.532 2.836 2.380 1.441 2.343 2.247 1.796 1.482 1.502 1.420 1.156 1.017 1.033 1.259 1.012 -0.172 -0.106 -1.500 -3.503 -3.495 -1.746 -1.470 -2.382 -3.087 -5.004 -4.263 -4.326 -4.287 -4.001 -3.370 -2.965 -3.579 -4.861 -4.955 -2.813 -2.033 -1.459 -0.981 -0.070 0.806 1.654 2.263 0.336 -0.763 2.505 3.574 3.815 4.115 4.309 4.386
9.399 9.790 9.586 9.056 8.370 8.122 8.363 8.079 7.890 7.496 7.284 6.790 6.504 6.289 5.871 5.898 5.908 5.888 5.610 5.491 5.490 5.097 4.527 3.559 2.975 3.057 3.012 2.693 2.245 2.448 2.514 2.918 3.186 2.446 0.720 -1.165 -3.801 -2.898 -2.338 -3.238 -5.249 -4.298 -1.793 -0.629 -0.901 -1.657 -0.844 -1.267 -1.991 -2.752 -2.097 -1.215 -1.168 -2.989 -4.390 -2.072 -1.565 -0.413 -0.307 0.289 1.210 2.127 2.683 2.646 3.436 4.352 4.695 4.944 5.125 5.287 5.381
10.811 10.334 10.131 9.345 8.944 8.031 7.702 8.588 8.021 7.955 6.942 7.403 7.913 7.893 7.625 7.586 7.602 7.925 7.964 7.841 7.528 7.365 7.098 5.630 4.733 5.154 5.199 4.042 3.485 3.472 2.614 2.422 2.910 2.912 2.235 -1.192 -5.041 -3.269 -0.596 -3.105 -3.936 -1.350 0.464 -0.006 -1.966 -0.607 1.116 1.431 0.412 -0.281 1.515 0.967 0.843 0.610 0.737 0.056 -1.294 1.256 1.238 1.426 2.208 2.825 3.222 3.792 4.648 5.203 5.555 5.814 5.909 6.091 6.270
12.326 11.300 10.312 7.893 6.922 6.695 8.063 9.751 10.765 10.340 8.155 8.341 10.296 10.395 10.351 10.763 10.855 10.420 10.047 10.058 9.631 9.990 9.832 8.351 7.274 7.680 8.012 7.445 7.352 6.713 6.394 6.780 6.068 4.570 4.169 5.685 4.142 -0.344 -0.239 -1.068 -1.577 -0.798 1.784 1.905 1.981 2.061 1.700 2.400 1.469 3.211 4.798 3.497 2.827 3.588 3.093 0.988 3.357 4.427 3.509 3.282 3.591 4.120 4.696 5.294 5.935 6.401 6.607 6.685 6.668 6.939 7.317
13.257 11.753 12.626 11.801 13.934 13.003 13.454 12.112 9.970 10.747 10.945 11.435 12.142 12.539 12.572 12.779 12.756 9.569 8.802 10.515 11.708 12.067 11.755 10.915 10.387 11.059 11.265 11.105 10.467 9.166 7.752 6.403 3.920 2.509 1.798 2.595 5.460 5.544 4.731 4.481 4.602 4.624 4.377 5.037 5.720 4.936 3.995 3.142 4.711 7.358 6.568 5.173 3.973 5.096 4.114 5.081 6.739 6.937 5.851 5.415 5.738 6.409 7.175 7.712 8.078 8.299 8.351 8.419 8.362 8.518 9.138
12.517 14.142 15.932 16.397 15.992 16.248 15.238 15.336 14.770 11.468 12.396 13.464 14.032 12.816 11.576 12.578 12.058 9.646 7.051 9.152 12.428 13.858 14.617 14.314 14.400 14.148 14.292 13.409 12.461 7.597 2.258 -0.841 1.731 6.638 8.590 8.577 9.487 10.386 8.860 5.704 7.255 8.390 7.587 7.274 6.255 5.272 4.914 6.021 7.772 8.915 7.673 5.504 5.186 8.031 7.894 8.822 9.688 9.314 9.063 8.369 8.954 9.718 10.293 10.560 10.623 10.671 10.796 10.998 11.173 11.340 11.422
15.088 17.590 17.800 17.884 17.610 17.707 17.525 17.318 17.715 15.427 16.543 16.725 14.207 11.915 12.013 10.170 10.777 10.095 7.373 9.189 13.275 15.710 17.260 15.984 16.349 16.565 16.690 13.963 9.061 0.027 -5.664 3.997 11.205 11.315 11.285 9.142 5.034 3.957 3.294 -2.467 -1.668 4.905 8.523 8.657 8.311 7.765 9.164 12.788 11.568 10.444 10.024 9.546 10.736 11.597 11.763 12.254 11.994 11.660 12.482 12.761 13.268 13.679 13.769 13.728 13.688 13.717 13.798 13.968 14.133 14.235 14.229
17.668 17.552 17.359 17.318 17.863 18.742 18.320 18.932 18.971 18.503 18.297 18.655 18.137 17.401 17.110 17.882 18.455 19.139 16.966 11.191 10.293 13.574 14.614 14.824 13.369 16.524 14.928 12.024 9.780 0.735 -3.412 -7.174 -3.905 -0.232 -2.319 -6.802 -7.306 -5.344 -0.388 0.907 -0.981 2.006 6.833 8.746 10.153 10.758 12.582 14.302 13.237 12.547 12.217 12.001 12.582 14.090 14.546 13.671 12.410 15.107 15.917 16.264 16.340 16.657 16.592 16.484 16.406 16.421 16.476 16.472 16.515 16.554 16.563
16.282 16.553 18.475 21.152 21.187 20.939 20.083 19.841 19.841 19.796 19.719 19.676 19.987 20.243 20.616 18.304 19.523 21.391 23.311 18.663 12.468 14.053 18.300 19.488 16.527 17.222 11.462 7.642 8.511 16.853 13.336 -0.730 -7.916 -7.451 -5.321 -5.308 -5.282 -5.065 -3.437 -2.333 -1.876 0.599 5.456 11.024 12.808 13.829 15.608 15.661 15.126 14.344 14.369 14.875 15.779 15.870 16.337 16.809 17.572 18.326 18.808 18.911 18.709 18.893 18.917 18.805 18.765 18.777 18.768 18.781 18.773 18.736 18.738
20.167 20.145 21.391 22.141 21.709 21.140 21.794 21.933 21.511 22.333 22.117 21.576 21.650 21.615 21.307 20.196 21.278 22.625 24.587 25.641 23.467 13.786 15.552 17.341 21.136 21.529 20.947 17.196 16.416 23.812 23.369 17.879 2.198 -5.030 -3.977 -3.154 -2.594 -2.418 -2.484 -1.029 0.806 3.167 11.123 16.755 15.087 15.604 16.862 16.681 16.914 16.394 16.511 17.966 19.034 18.933 19.976 20.143 20.218 20.512 20.660 20.673 20.596 20.445 20.787 20.803 20.743 20.762 20.771 20.746 20.682 20.658 20.614
23.224 22.673 22.331 22.653 22.407 21.881 21.829 22.166 22.916 23.517 22.790 22.719 22.955 22.962 22.697 21.837 22.929 23.138 24.337 25.334 26.081 23.297 19.280 18.474 22.301 20.752 22.475 20.029 23.584 25.610 25.417 23.901 22.224 15.900 5.804 0.415 0.627 1.675 7.061 8.523 5.582 7.441 14.414 17.401 16.665 17.587 18.348 18.710 18.058 17.888 18.982 20.570 21.368 21.747 21.903 22.115 22.261 22.256 22.277 22.353 22.373 22.225 22.470 22.576 22.520 22.525 22.519 22.509 22.416 22.386 22.307
23.885 24.948 24.016 22.307 22.521 22.964 22.841 23.148 23.744 23.652 23.175 22.504 22.948 24.286 25.847 25.867 24.426 24.146 25.257 25.438 26.716 26.245 26.086 26.884 25.935 24.808 24.606 24.874 25.826 26.562 24.797 24.644 24.730 24.480 23.918 22.080 19.968 18.770 20.083 19.862 14.052 14.358 14.611 17.560 18.466 19.019 19.808 19.791 19.919 20.599 22.153 22.949 23.141 23.210 23.502 23.871 23.975 23.925 23.895 23.964 23.949 23.989 24.117 24.140 24.036 24.039 24.045 24.060 23.930 23.870 23.783
25.224 25.349 24.341 21.079 21.692 21.929 22.166 23.347 23.293 22.790 23.595 22.431 24.469 25.714 26.969 26.100 27.328 26.230 25.630 25.626 27.050 27.930 27.435 27.319 27.101 25.868 25.528 25.638 26.216 26.767 25.772 25.408 24.653 24.369 24.253 24.449 24.039 23.461 21.757 22.686 18.601 18.026 18.316 20.963 21.857 21.418 21.998 22.024 22.867 22.373 24.651 24.859 24.756 24.733 24.929 25.258 25.432 25.444 25.451 25.419 25.364 25.389 25.469 25.424 25.292 25.207 25.206 25.183 25.088 24.990 24.919
26.530 26.052 25.391 25.259 24.054 24.534 24.732 23.133 21.566 23.800 23.842 23.696 25.334 26.899 28.226 27.620 28.128 25.767 26.002 26.630 27.576 27.988 28.418 28.870 27.861 25.754 25.795 25.911 26.210 26.701 25.973 25.795 25.741 25.570 25.637 25.897 25.949 25.777 23.654 23.870 21.710 21.534 21.370 23.818 23.727 23.788 24.148 24.739 25.574 25.960 26.133 26.061 26.073 26.155 26.236 26.347 26.469 26.527 26.538 26.465 26.409 26.438 26.406 26.331 26.220 26.133 26.113 26.054 26.003 25.841 25.743
27.455 27.210 26.922 26.944 24.764 25.516 26.513 27.237 27.400 26.638 24.913 25.458 26.797 28.470 29.665 28.630 28.202 27.180 23.419 26.391 27.578 27.876 27.509 27.469 26.004 26.125 26.392 26.712 26.971 27.331 25.439 26.269 26.825 26.094 26.099 27.415 27.122 27.044 26.105 25.654 24.960 24.958 23.696 24.789 25.147 25.582 26.235 26.738 27.192 27.069 27.250 27.052 27.085 27.196 27.208 27.149 27.236 27.376 27.183 27.098 27.169 27.137 27.094 27.023 26.955 26.827 26.752 26.697 26.634 26.456 26.381
28.392 28.645 28.027 27.681 27.364 27.078 27.608 28.724 29.432 28.412 25.880 25.864 27.817 28.973 29.861 29.249 26.902 29.019 23.903 25.645 25.322 26.336 26.008 26.346 26.341 26.474 26.686 27.030 27.278 27.645 26.066 26.714 27.164 27.768 27.855 27.665 27.324 27.092 27.028 27.379 26.671 27.124 27.123 25.561 26.337 27.011 27.367 27.702 27.879 26.379 27.594 27.466 27.741 27.766 27.644 27.610 27.683 27.783 27.611 27.522 27.603 27.595 27.520 27.416 27.277 27.147 27.044 26.966 26.883 26.784 26.681
28.094 28.223 28.226 27.381 27.321 28.395 28.896 29.207 29.394 27.833 25.751 26.778 28.067 29.014 28.619 25.702 21.365 28.840 26.143 25.928 27.173 27.257 26.833 26.736 26.799 26.910 27.077 27.396 27.592 27.833 27.250 25.343 26.751 28.122 27.935 27.736 27.540 27.350 27.410 27.758 26.942 27.777 27.841 27.042 26.180 27.700 27.962 28.113 28.264 27.759 27.735 27.800 28.017 28.099 27.936 27.909 27.950 27.923 27.691 27.687 27.756 27.722 27.606 27.483 27.331 27.232 27.144 27.111 27.091 27.050 26.950
27.840 28.097 27.758 26.555 25.821 27.740 28.313 28.546 27.882 27.503 26.894 27.404 27.274 27.308 26.947 22.284 18.844 26.982 27.542 27.663 27.016 27.302 26.882 27.045 27.324 27.455 27.606 27.795 27.794 28.007 27.954 25.981 27.757 28.077 28.236 27.948 27.765 27.548 27.552 27.788 27.569 27.927 27.459 27.313 26.722 28.007 28.245 28.301 28.266 27.872 27.694 27.954 28.251 28.162 27.984 27.929 27.956 27.963 27.837 27.822 27.784 27.774 27.683 27.560 27.417 27.375 27.363 27.411 27.479 27.396 27.200
