data-raw/tempfiles/02_grid_data_2000BP.asc
ncols 144
nrows 72
xllcorner -180
yllcorner -90
cellsize 2.5
nodata_value -9999
[rows 32 to 63 of 72, columns 71 to 141 of 144]
27.315 26.670 26.527 26.916 26.287 26.808 26.852 27.305 27.590 27.185 25.990 26.421 26.879 26.774 25.236 19.319 18.019 22.155 23.754 25.886 26.534 26.877 26.890 27.186 27.504 27.683 27.872 28.071 28.117 28.187 28.217 27.483 28.061 28.068 28.271 28.045 27.915 27.760 27.807 27.960 27.895 28.206 28.129 27.818 27.953 28.126 28.255 28.428 28.309 28.188 27.217 27.300 27.991 27.949 27.833 27.778 27.839 27.916 27.903 27.757 27.777 27.892 27.768 27.616 27.587 27.616 27.637 27.709 27.820 27.674 27.430
26.668 26.920 26.743 26.589 25.801 24.046 24.061 25.408 26.341 26.028 25.926 26.242 26.126 26.255 26.542 22.624 20.018 24.982 27.427 27.859 27.735 26.800 27.094 27.291 27.517 27.628 27.752 27.879 27.957 28.047 28.107 28.164 27.988 27.412 28.211 28.138 28.111 28.018 27.972 27.497 28.118 27.163 27.982 28.171 28.161 28.091 28.178 26.865 27.720 28.047 27.482 27.394 27.879 27.808 27.738 27.705 27.728 27.680 27.419 27.603 27.950 27.908 27.880 27.743 27.791 27.854 27.818 27.795 27.848 27.746 27.574
26.896 26.920 26.908 26.542 25.703 24.578 24.081 24.860 25.548 25.243 24.834 25.000 24.520 24.857 25.681 28.232 24.741 27.187 28.034 28.399 27.022 27.047 27.197 27.317 27.444 27.523 27.653 27.742 27.834 27.867 27.885 27.853 27.849 27.871 27.936 27.963 27.981 27.962 27.876 26.083 26.325 27.033 27.778 28.244 28.113 27.693 26.954 25.378 27.580 27.962 27.856 27.732 27.754 27.732 27.625 27.300 27.242 27.541 27.748 27.927 28.063 28.037 27.966 27.808 27.799 27.855 27.783 27.754 27.825 27.879 27.830
26.538 26.543 26.539 26.474 26.390 24.665 24.516 25.366 25.572 25.424 25.098 24.472 22.892 22.543 23.221 23.585 26.384 28.742 28.188 27.279 27.024 26.998 27.113 27.263 27.382 27.465 27.582 27.656 27.714 27.758 27.778 27.723 27.686 27.679 27.723 27.765 27.782 27.675 27.519 27.345 26.229 27.056 27.811 28.187 27.827 27.465 25.982 25.333 27.285 26.905 27.285 27.627 27.321 27.639 27.543 27.753 27.753 27.853 27.879 27.921 28.064 28.136 27.989 27.786 27.725 27.743 27.737 27.775 27.883 28.007 28.011
25.874 25.912 25.957 25.948 26.219 25.149 24.653 25.618 25.492 25.417 25.034 24.098 21.777 21.366 22.196 20.924 25.691 27.720 27.021 27.085 27.040 27.033 27.090 27.211 27.276 27.300 27.352 27.435 27.562 27.639 27.622 27.557 27.525 27.549 27.571 27.546 27.499 27.425 27.318 27.173 26.890 25.831 27.369 27.849 27.813 27.470 27.086 26.833 26.847 25.856 27.465 27.744 27.520 26.927 26.107 27.276 27.293 27.643 27.729 27.743 27.967 28.138 28.064 27.817 27.706 27.750 27.769 27.821 27.876 27.948 28.067
25.584 25.576 25.644 25.731 26.138 25.186 24.559 25.437 25.700 25.517 25.177 24.676 22.207 22.783 24.008 22.942 25.264 26.795 27.116 27.233 27.003 26.949 26.963 27.047 27.093 27.089 27.112 27.160 27.280 27.480 27.504 27.411 27.361 27.377 27.382 27.374 27.302 27.295 27.278 27.088 27.130 26.704 26.343 27.777 28.008 28.328 27.822 27.521 27.130 26.362 27.842 27.371 27.256 27.388 26.499 23.385 22.685 24.601 26.423 27.615 27.988 27.542 27.884 27.823 27.647 27.693 27.744 27.745 27.779 27.860 27.984
25.032 24.920 24.894 25.087 25.408 25.383 25.090 24.541 24.401 25.030 25.067 25.211 24.085 23.590 23.483 23.044 25.127 26.746 27.081 27.127 26.928 26.771 26.788 26.848 26.902 26.927 26.944 26.965 27.091 27.283 27.353 27.283 27.246 27.161 27.196 27.246 27.237 27.251 27.252 27.229 27.397 27.320 27.068 27.022 27.371 27.898 28.139 28.260 28.258 28.287 28.118 27.858 27.745 27.698 27.689 27.479 26.861 24.998 20.717 22.679 26.728 26.765 27.790 27.461 27.563 27.573 27.647 27.652 27.645 27.704 27.835
24.203 23.951 23.795 24.012 24.419 25.001 25.641 23.945 23.624 23.732 23.825 24.399 23.246 22.595 22.034 22.383 24.974 26.559 26.827 26.953 26.761 26.619 26.649 26.693 26.742 26.763 26.745 26.755 26.917 27.073 27.138 27.012 27.046 27.029 26.994 27.045 27.107 27.153 27.165 27.200 27.283 27.317 27.374 27.293 27.204 27.216 27.203 27.691 27.920 27.994 27.890 27.669 28.022 27.970 28.038 27.952 27.783 27.291 26.431 24.704 25.065 27.319 27.665 27.575 27.374 27.136 27.471 27.471 27.481 27.518 27.620
23.138 22.964 22.756 22.670 23.014 23.804 23.617 21.310 22.560 23.261 23.281 22.766 23.254 22.563 21.862 22.986 24.134 26.651 27.098 27.006 26.651 26.519 26.549 26.579 26.560 26.526 26.531 26.528 26.659 26.738 26.780 26.534 26.718 26.750 26.780 26.794 26.829 26.899 26.948 26.983 26.963 26.947 26.894 27.110 27.206 27.466 27.668 27.831 28.115 28.282 28.290 28.257 28.021 28.250 28.157 28.190 28.113 27.586 26.731 26.631 26.316 26.953 27.319 27.367 27.230 27.094 27.198 27.160 27.153 27.234 27.370
22.305 22.194 21.958 21.667 21.542 22.354 23.765 21.548 22.124 23.175 23.818 23.288 22.774 23.620 22.616 23.149 24.047 26.647 26.862 26.785 24.784 26.166 26.565 26.427 26.302 26.244 26.227 26.213 26.244 26.255 26.204 26.045 26.217 26.309 26.357 26.372 26.348 26.355 26.399 26.448 26.352 26.361 26.447 26.547 26.661 26.874 27.193 27.507 27.909 28.151 28.252 28.084 28.302 28.678 28.255 28.432 28.136 27.735 26.498 26.411 26.562 26.763 26.932 26.961 26.834 26.809 26.762 26.575 26.621 26.801 27.023
21.868 21.693 21.417 20.970 20.351 22.618 24.943 24.448 23.560 24.150 24.833 23.532 23.685 24.032 25.366 24.727 25.702 26.695 26.463 26.555 23.380 25.935 26.389 26.168 25.972 25.888 25.820 25.765 25.711 25.647 25.504 25.560 25.572 25.597 25.569 25.550 25.520 25.469 25.434 25.478 25.388 25.408 25.501 25.572 25.894 26.216 26.619 27.084 27.549 27.737 28.277 27.613 28.756 28.586 28.079 27.757 27.360 27.564 26.331 25.361 26.119 26.184 26.286 26.250 26.165 26.181 26.136 25.847 25.793 26.041 26.345
21.683 21.343 21.147 20.704 19.871 20.324 23.624 23.669 23.337 24.155 24.726 24.083 22.801 21.418 23.963 25.926 26.259 26.347 25.646 22.697 22.811 26.111 26.189 25.799 25.380 25.272 25.185 25.118 25.004 24.918 24.727 24.769 24.746 24.586 24.500 24.523 24.415 24.353 24.250 24.202 24.085 24.137 24.064 24.454 24.813 25.333 25.954 26.614 26.801 27.706 28.397 28.455 27.645 27.755 27.560 27.471 27.240 27.327 24.767 24.045 25.401 25.363 25.404 25.265 25.160 25.210 25.251 25.055 24.804 24.968 25.304
21.454 21.062 20.740 20.506 19.993 18.938 21.639 21.767 21.309 23.203 24.349 23.888 23.274 24.724 25.483 25.535 25.928 25.624 25.124 22.265 24.194 25.555 25.615 25.108 24.831 24.487 24.368 24.243 24.135 24.013 23.932 23.785 23.638 23.494 23.367 23.322 23.204 23.101 22.868 22.875 22.712 22.686 22.699 23.132 23.519 24.147 25.236 26.791 26.644 26.894 27.187 27.038 26.623 25.890 25.425 25.715 26.022 26.120 24.945 24.429 23.957 24.323 24.489 24.254 24.084 24.128 24.060 23.698 23.862 23.910 24.135
21.144 20.819 20.360 19.887 19.728 18.706 19.008 21.725 21.751 22.260 22.567 22.510 22.320 24.333 26.237 25.065 25.032 24.875 24.672 22.714 24.731 24.855 24.705 24.385 24.049 23.707 23.526 23.357 23.281 23.141 22.879 22.724 22.530 22.369 22.209 22.114 22.021 21.813 21.546 21.597 21.252 21.185 21.263 21.743 22.323 22.945 25.000 25.401 25.207 25.871 26.580 26.160 25.101 23.914 23.727 25.227 25.645 25.473 24.708 23.540 23.082 23.036 23.537 23.366 23.095 23.063 23.156 23.115 22.923 22.888 22.957
20.621 20.388 20.046 19.679 19.610 18.938 18.260 21.311 21.584 22.149 20.889 19.692 18.905 21.317 24.636 24.022 23.895 23.868 24.292 24.065 23.919 23.498 23.342 23.213 22.887 22.622 22.410 22.263 22.205 22.035 21.656 21.573 21.449 21.238 21.029 20.689 20.429 20.244 20.231 20.130 19.538 19.589 19.691 20.259 20.878 21.592 23.461 23.990 23.873 24.275 24.403 23.703 22.027 21.959 23.478 24.613 24.782 24.377 23.690 22.699 21.609 21.217 22.163 22.492 22.123 22.012 21.921 21.814 21.661 21.641 21.730
19.834 19.549 19.350 19.255 19.148 18.875 18.042 20.138 20.932 20.890 19.391 18.521 16.516 21.209 23.282 22.920 22.849 22.693 22.691 22.577 22.378 21.873 21.348 21.004 21.162 20.912 20.919 20.569 20.729 20.684 20.528 20.239 19.945 19.181 18.036 17.393 17.285 17.301 17.712 17.790 17.414 17.556 18.360 18.925 19.404 20.164 21.414 22.125 21.555 22.026 22.055 22.442 21.571 21.454 22.175 23.302 23.273 23.374 23.205 22.432 21.704 18.833 20.773 21.567 21.180 20.878 20.685 20.419 20.292 20.335 20.428
18.641 18.452 18.464 18.469 18.381 18.381 18.263 18.089 19.773 19.045 18.439 17.401 18.622 21.780 21.787 21.413 21.359 21.205 21.084 20.962 20.585 19.540 19.534 19.463 19.634 19.588 19.385 18.901 18.614 19.149 19.016 18.341 16.826 16.058 15.926 15.864 15.771 15.677 15.536 15.540 15.569 15.709 16.610 17.414 17.749 18.499 19.611 19.980 19.663 20.011 20.871 21.636 21.040 20.664 20.670 20.914 20.456 21.211 21.055 20.526 19.514 17.197 20.396 20.557 20.226 19.899 19.608 19.318 19.099 18.975 19.025
16.888 16.774 16.890 17.111 17.075 17.218 17.438 17.501 18.236 18.929 19.570 20.045 20.024 20.001 19.856 19.558 19.545 19.455 19.341 18.696 18.011 18.034 18.229 18.111 17.731 17.690 17.078 16.587 16.571 17.187 16.766 15.337 14.524 14.443 14.432 14.281 14.125 14.006 13.981 13.936 13.956 14.153 14.686 15.453 16.049 16.872 17.961 18.265 18.420 18.579 18.481 17.499 17.357 17.432 18.145 19.371 19.148 19.865 19.622 18.534 16.603 18.670 19.688 19.354 19.000 18.667 18.338 18.109 17.767 17.498 17.440
15.230 15.166 15.057 15.043 15.167 15.496 15.960 16.587 17.186 17.747 18.052 18.324 18.234 18.079 17.897 17.883 17.806 17.612 17.305 16.652 16.439 16.529 16.406 16.223 16.009 16.163 15.913 15.526 15.242 14.310 13.786 13.250 13.447 13.692 13.261 12.649 12.516 12.580 12.884 12.856 12.680 12.949 13.452 13.816 14.318 14.869 15.587 16.011 16.002 15.719 15.532 15.523 15.606 15.778 15.992 16.410 16.993 17.447 17.121 16.060 14.735 17.536 18.089 17.895 17.632 17.291 16.976 16.747 16.488 16.251 15.830
12.932 13.106 13.049 13.074 13.165 13.535 14.165 14.927 15.689 15.886 16.015 15.795 15.548 15.446 15.420 15.139 15.056 14.889 14.671 14.777 14.915 14.923 15.079 14.992 15.048 14.957 14.792 14.310 13.750 12.854 12.221 12.951 13.471 13.389 13.218 12.834 12.281 12.077 11.924 11.269 11.366 11.922 12.301 12.423 12.622 12.835 13.259 13.702 13.659 13.610 13.627 13.684 13.880 14.060 14.184 14.583 15.034 15.619 15.795 15.358 15.736 15.968 16.137 16.061 15.856 15.570 15.346 15.309 15.351 15.362 14.468
10.689 10.793 10.851 10.878 10.884 11.196 11.627 12.304 12.865 12.819 12.867 12.779 12.760 12.841 12.647 12.528 12.349 12.069 11.863 11.977 12.068 12.119 12.623 13.000 13.367 13.444 13.273 12.857 12.514 12.031 11.492 11.012 11.050 11.385 11.487 11.298 11.252 11.237 11.068 10.804 10.961 11.032 10.923 10.897 10.879 10.911 11.017 11.242 11.476 11.741 11.823 11.732 11.849 12.234 12.377 12.677 13.105 13.522 13.698 12.897 13.774 14.231 14.280 14.194 14.072 13.895 13.864 13.942 14.176 12.835 12.433
8.979 8.798 8.808 8.575 8.750 8.815 9.107 9.299 9.390 9.644 9.716 9.813 9.960 10.084 9.921 9.693 9.567 9.196 9.061 9.054 9.028 9.104 9.575 10.279 10.858 11.198 11.245 10.816 10.431 10.365 10.232 10.063 9.650 9.367 9.246 9.217 9.422 9.432 9.292 9.302 9.375 9.454 9.426 9.514 9.623 9.638 9.657 9.667 9.873 10.260 10.372 10.367 10.420 10.607 10.710 10.958 11.362 11.645 12.017 12.264 12.458 12.466 12.345 12.268 12.285 12.301 12.467 12.304 9.801 9.485 11.954
6.993 6.954 6.838 6.472 6.273 6.244 6.437 6.707 6.892 6.920 6.823 6.998 7.424 7.556 7.500 7.330 7.332 7.318 7.218 7.097 6.933 6.933 7.177 7.563 7.970 8.244 8.231 7.906 7.681 7.636 7.728 7.803 7.655 7.524 7.630 7.890 7.799 7.308 7.240 7.097 7.025 7.178 7.469 7.546 7.660 7.852 7.978 8.167 8.194 8.492 8.891 9.021 9.132 9.341 9.425 9.404 9.765 10.028 10.205 10.464 10.519 10.518 10.457 10.477 10.573 10.788 11.101 10.506 9.236 10.879 10.991
5.026 5.041 5.037 4.899 4.742 4.608 4.562 4.641 4.610 4.632 4.587 4.805 5.206 5.436 5.529 5.474 5.439 5.535 5.585 5.581 5.527 5.504 5.454 5.489 5.599 5.696 5.699 5.569 5.340 5.429 5.319 5.248 5.291 5.355 5.543 5.549 5.383 5.610 5.838 5.405 5.167 5.379 5.552 5.509 5.411 5.696 6.026 6.274 6.424 6.573 7.057 7.345 7.549 7.756 7.915 7.961 8.002 8.307 8.388 8.520 8.697 8.792 8.842 8.932 9.049 9.295 9.553 9.710 9.662 9.441 9.302
3.045 3.126 3.101 2.997 2.845 2.710 2.712 2.711 2.695 2.670 2.713 2.881 3.172 3.470 3.659 3.739 3.838 3.837 3.838 3.888 3.932 3.965 3.856 3.746 3.741 3.753 3.842 3.899 3.843 3.825 3.584 3.397 3.331 3.383 3.476 3.638 3.685 3.908 3.980 3.719 3.409 3.452 3.611 3.694 3.694 3.669 3.915 4.153 4.431 4.678 5.040 5.482 5.801 5.864 5.834 6.116 6.209 6.315 6.421 6.540 6.802 7.037 7.218 7.316 7.495 7.711 7.956 8.125 8.200 8.121 7.944
1.151 1.196 1.197 1.132 0.992 0.900 0.943 1.027 1.053 1.100 1.210 1.412 1.728 2.033 2.236 2.377 2.388 2.362 2.278 2.231 2.349 2.411 2.325 2.251 2.193 2.325 2.408 2.440 2.364 2.266 1.969 1.694 1.495 1.493 1.727 2.024 2.129 2.313 2.213 2.010 1.976 2.137 2.115 2.037 2.017 1.917 2.193 2.520 2.805 3.092 3.390 3.714 3.915 4.033 4.125 4.355 4.359 4.331 4.368 4.516 4.785 5.116 5.375 5.415 5.463 5.916 6.340 6.686 6.824 6.806 6.667
-0.765 -0.776 -0.817 -0.873 -0.915 -0.862 -0.755 -0.563 -0.460 -0.331 0.026 0.366 0.664 0.905 1.023 1.200 1.176 1.135 1.119 0.964 0.911 0.866 0.745 0.683 0.602 0.661 0.694 0.695 0.640 0.492 0.223 -0.055 -0.238 -0.214 -0.023 0.281 0.485 0.558 0.575 0.544 0.448 0.414 0.406 0.468 0.526 0.565 0.728 0.997 1.195 1.499 1.704 1.905 2.013 2.228 2.513 2.666 2.765 2.682 2.551 2.614 2.757 3.025 3.374 3.469 3.405 3.713 4.458 5.002 5.337 5.432 5.375
-2.568 -2.577 -2.610 -2.762 -2.720 -2.488 -2.324 -2.161 -1.940 -1.572 -1.226 -0.946 -0.631 -0.643 -0.669 -0.549 -0.607 -0.606 -0.645 -0.803 -0.890 -0.970 -1.186 -1.414 -1.477 -1.345 -1.331 -1.264 -1.464 -1.812 -2.153 -2.422 -2.501 -2.416 -2.228 -1.726 -1.388 -1.392 -1.569 -1.552 -1.466 -1.407 -1.255 -1.136 -0.948 -0.767 -0.585 -0.447 -0.167 0.016 0.181 0.410 0.584 0.705 0.984 1.049 1.005 1.211 1.145 0.965 1.047 1.109 1.252 1.542 1.591 1.755 2.406 2.968 3.375 3.599 3.596
-3.974 -3.854 -3.791 -4.094 -4.145 -3.868 -3.748 -3.536 -3.321 -3.206 -3.035 -2.786 -2.664 -2.694 -2.600 -2.584 -2.517 -2.545 -2.663 -2.766 -2.948 -3.300 -3.649 -3.904 -4.090 -3.971 -4.064 -4.124 -4.366 -4.519 -4.644 -4.688 -4.537 -4.440 -4.398 -4.255 -4.030 -3.985 -3.983 -3.955 -3.809 -3.613 -3.329 -3.095 -2.901 -2.662 -2.344 -2.205 -1.884 -1.689 -1.430 -1.160 -0.929 -0.798 -0.786 -0.832 -0.944 -0.855 -0.871 -0.994 -1.045 -1.104 -1.094 -0.677 -0.439 -0.320 0.085 0.387 0.643 0.902 1.231
-5.111 -4.969 -4.810 -4.739 -4.831 -4.979 -5.124 -5.102 -5.042 -4.968 -4.898 -4.826 -4.829 -4.806 -4.734 -4.782 -4.598 -4.607 -4.798 -4.932 -5.333 -5.801 -6.114 -6.516 -6.906 -6.787 -7.052 -7.314 -7.447 -7.429 -7.289 -7.254 -7.073 -6.942 -7.043 -7.212 -7.250 -7.204 -7.148 -7.255 -7.221 -7.002 -6.551 -6.124 -5.731 -5.513 -5.403 -5.272 -4.842 -4.406 -4.154 -4.107 -4.018 -3.962 -4.119 -4.253 -4.377 -4.378 -4.304 -4.380 -4.340 -4.247 -4.238 -4.016 -4.015 -3.856 -3.476 -3.150 -2.841 -2.566 -2.347
-6.556 -6.175 -6.114 -6.083 -6.036 -6.335 -6.807 -6.989 -7.029 -6.896 -6.969 -6.989 -6.939 -6.927 -6.831 -6.671 -6.743 -6.933 -7.204 -8.028 -9.067 -12.569 -15.450 -12.775 -10.906 -10.916 -10.991 -10.400 -10.371 -10.577 -10.240 -10.414 -9.855 -9.631 -11.106 -12.371 -12.713 -12.571 -12.904 -14.971 -14.421 -14.702 -14.904 -12.518 -10.372 -11.751 -12.012 -10.121 -9.042 -9.458 -10.399 -11.028 -10.690 -12.783 -13.787 -13.119 -12.944 -11.452 -9.929 -9.018 -8.501 -8.299 -8.089 -7.613 -7.521 -7.056 -6.718 -6.057 -6.021 -5.827 -5.571
-8.951 -8.504 -7.886 -7.676 -7.458 -7.621 -8.440 -8.613 -8.481 -8.463 -8.553 -8.508 -8.436 -9.042 -10.543 -9.866 -9.225 -12.480 -17.636 -20.290 -21.879 -25.011 -27.171 -26.349 -25.272 -23.773 -21.943 -18.352 -15.976 -14.180 -12.245 -11.587 -14.548 -18.695 -21.318 -23.218 -24.249 -25.519 -26.642 -27.191 -26.846 -26.850 -27.462 -26.965 -25.242 -23.411 -22.164 -21.428 -21.345 -22.471 -24.227 -25.092 -25.378 -26.497 -28.109 -28.564 -27.706 -25.139 -21.821 -19.056 -17.875 -16.423 -15.769 -14.334 -12.548 -10.868 -10.658 -9.841 -9.330 -8.943 -8.884
