data-raw/tempfiles/03_grid_data_3000BP.asc
ncols 144
nrows 72
xllcorner -180
yllcorner -90
cellsize 2.5
nodata_value -9999
[rows 0 to 31 of 72, columns 71 to 141 of 144]
-16.881 -16.972 -17.012 -17.111 -17.115 -17.168 -17.003 -16.933 -16.917 -17.028 -17.017 -17.052 -17.053 -17.030 -16.994 -17.046 -17.030 -17.040 -17.090 -17.112 -17.126 -17.190 -17.220 -17.280 -17.340 -17.336 -17.280 -17.313 -17.342 -17.385 -17.445 -17.428 -17.456 -17.493 -17.526 -17.546 -17.567 -17.563 -17.581 -17.517 -17.564 -17.616 -17.654 -17.652 -17.646 -17.642 -17.624 -17.588 -17.592 -17.586 -17.576 -17.562 -17.500 -17.461 -17.501 -17.470 -17.442 -17.479 -17.485 -17.483 -17.476 -17.450 -17.412 -17.401 -17.397 -17.377 -17.345 -17.310 -17.294 -17.275 -17.240
-16.073 -16.076 -16.047 -15.969 -15.905 -15.918 -15.918 -15.893 -15.933 -15.967 -15.968 -15.983 -15.970 -16.011 -16.051 -16.107 -16.148 -16.170 -16.207 -16.266 -16.299 -16.361 -16.446 -16.502 -16.553 -16.554 -16.548 -16.575 -16.598 -16.621 -16.650 -16.659 -16.682 -16.713 -16.750 -16.752 -16.766 -16.789 -16.811 -16.861 -16.911 -16.950 -16.978 -17.001 -17.024 -17.055 -17.050 -17.039 -17.065 -17.079 -17.084 -17.063 -17.076 -17.056 -17.034 -17.045 -17.027 -17.014 -16.988 -16.954 -16.933 -16.869 -16.807 -16.765 -16.754 -16.716 -16.684 -16.684 -16.678 -16.678 -16.673
-14.905 -14.850 -14.683 -14.596 -14.589 -14.551 -14.492 -14.491 -14.545 -14.636 -14.711 -14.775 -14.857 -14.994 -15.154 -15.310 -15.459 -15.576 -15.722 -15.859 -15.970 -16.050 -16.107 -16.135 -16.170 -16.185 -16.231 -16.271 -16.305 -16.341 -16.383 -16.416 -16.430 -16.430 -16.436 -16.431 -16.436 -16.454 -16.468 -16.487 -16.461 -16.452 -16.460 -16.474 -16.507 -16.546 -16.570 -16.600 -16.634 -16.682 -16.725 -16.758 -16.824 -16.814 -16.787 -16.778 -16.759 -16.710 -16.667 -16.626 -16.569 -16.488 -16.429 -16.348 -16.275 -16.169 -16.079 -15.975 -15.759 -15.710 -15.703
-12.349 -11.877 -11.408 -11.121 -11.118 -11.132 -11.328 -11.509 -11.996 -12.473 -12.989 -13.169 -13.426 -13.790 -14.125 -14.381 -14.633 -14.754 -14.826 -14.910 -14.990 -15.063 -15.097 -15.079 -15.083 -15.228 -15.409 -15.564 -15.716 -15.862 -15.924 -16.007 -16.047 -16.070 -16.116 -16.122 -16.307 -16.650 -18.083 -17.485 -16.167 -15.734 -15.764 -15.905 -15.986 -16.022 -16.068 -16.079 -16.111 -16.189 -16.259 -16.284 -16.363 -16.352 -16.324 -16.348 -16.327 -16.297 -16.265 -16.178 -16.060 -15.944 -15.816 -15.623 -15.394 -15.156 -15.044 -15.075 -15.181 -15.285 -15.334
-8.480 -7.428 -6.641 -6.296 -6.718 -8.299 -10.591 -12.457 -12.589 -11.925 -12.191 -12.041 -12.117 -12.402 -12.717 -12.947 -13.184 -13.297 -13.261 -13.191 -13.119 -13.057 -12.968 -12.858 -12.797 -12.804 -12.933 -13.087 -13.359 -13.627 -13.917 -14.249 -14.523 -14.797 -15.063 -15.300 -15.482 -15.765 -16.703 -17.404 -16.747 -17.447 -17.158 -15.683 -15.530 -15.806 -15.880 -15.898 -15.971 -16.035 -16.105 -16.145 -16.103 -16.103 -16.107 -16.126 -16.177 -16.205 -16.186 -16.156 -16.037 -15.931 -15.809 -15.612 -15.333 -15.004 -14.660 -14.523 -14.669 -14.728 -14.732
-5.961 -5.324 -4.892 -4.717 -4.777 -5.124 -5.807 -7.166 -8.076 -8.452 -8.582 -8.639 -8.645 -8.793 -9.125 -9.449 -9.658 -9.694 -9.607 -9.580 -9.674 -9.787 -9.777 -10.075 -10.671 -10.850 -11.056 -11.237 -11.188 -11.349 -11.804 -12.329 -12.787 -13.249 -13.582 -13.863 -14.255 -14.628 -15.234 -15.553 -15.854 -16.815 -17.514 -17.196 -17.564 -17.563 -16.068 -15.660 -15.834 -15.916 -15.886 -15.834 -15.831 -15.739 -15.630 -15.743 -16.632 -16.494 -16.257 -15.657 -15.617 -15.596 -15.412 -15.172 -14.792 -14.296 -13.575 -13.370 -13.465 -13.479 -13.356
-4.227 -3.702 -3.279 -3.072 -2.956 -2.966 -3.065 -3.147 -3.317 -3.400 -3.594 -3.605 -3.556 -3.746 -4.116 -4.644 -5.112 -5.372 -5.558 -5.903 -6.485 -7.381 -9.031 -10.617 -10.064 -9.750 -9.597 -9.676 -9.912 -10.317 -10.406 -10.841 -11.397 -12.581 -13.356 -13.651 -14.397 -14.874 -15.319 -15.488 -15.428 -15.294 -15.252 -15.339 -15.620 -15.825 -15.649 -15.902 -15.823 -15.526 -15.445 -15.556 -15.174 -14.897 -14.945 -14.939 -15.045 -15.240 -14.987 -14.663 -14.669 -14.636 -14.557 -14.481 -14.358 -14.177 -13.845 -13.337 -12.912 -12.610 -12.382
-0.713 -0.064 0.365 0.679 0.958 1.114 1.245 1.453 1.428 1.021 0.272 -0.629 -1.158 -0.393 -0.474 -1.036 -1.555 -2.266 -3.165 -4.128 -5.185 -6.662 -8.718 -9.037 -8.904 -8.810 -8.835 -8.968 -10.418 -10.556 -9.604 -10.653 -11.578 -11.830 -11.961 -11.928 -12.041 -12.463 -12.884 -13.131 -13.334 -13.590 -13.965 -14.447 -14.730 -14.516 -14.246 -14.174 -14.234 -14.659 -15.044 -15.535 -15.158 -14.266 -14.815 -14.582 -14.303 -14.561 -14.213 -14.025 -14.034 -13.613 -13.351 -13.321 -13.294 -12.557 -12.388 -12.227 -11.767 -11.319 -11.147
2.438 3.054 3.527 3.854 4.126 4.252 3.882 1.014 -2.107 -2.913 -2.557 -2.396 -2.429 -2.028 -1.623 -1.181 -0.591 -1.178 -2.723 -3.727 -4.847 -5.654 -6.458 -7.107 -7.600 -8.322 -8.737 -8.213 -8.429 -8.873 -7.986 -8.673 -9.197 -9.637 -9.713 -9.757 -10.454 -11.888 -13.358 -13.941 -13.684 -12.693 -12.203 -12.706 -13.261 -13.085 -12.411 -12.041 -12.396 -12.456 -12.378 -13.415 -14.639 -13.890 -13.930 -13.768 -14.719 -14.152 -12.728 -12.257 -12.386 -11.891 -11.211 -10.536 -10.430 -10.436 -10.971 -11.343 -10.760 -10.792 -11.729
4.589 5.147 5.489 5.568 5.645 5.067 0.787 -1.573 -1.746 -0.814 -0.722 -1.307 -1.605 -1.376 -1.033 -0.957 -1.191 -1.567 -1.709 -2.196 -3.286 -3.804 -4.472 -4.737 -5.490 -6.276 -6.444 -6.382 -6.353 -6.562 -6.914 -7.477 -7.421 -7.196 -7.322 -7.207 -7.973 -9.052 -10.037 -11.118 -11.310 -10.912 -10.474 -10.498 -10.648 -10.838 -10.858 -10.597 -10.629 -10.624 -10.496 -12.156 -13.373 -12.625 -12.945 -12.959 -13.788 -13.414 -12.629 -12.244 -10.764 -9.614 -9.899 -9.528 -9.583 -9.607 -9.451 -9.734 -9.739 -9.243 -8.593
6.318 6.757 7.112 6.679 5.142 2.478 0.462 0.733 1.107 1.776 1.358 0.602 0.242 0.224 0.367 0.144 0.241 -0.035 -0.437 -0.995 -1.524 -1.881 -2.010 -2.362 -4.053 -3.796 -3.613 -3.877 -4.289 -4.835 -5.297 -5.533 -5.490 -5.175 -5.133 -5.317 -6.287 -7.297 -7.536 -7.929 -8.103 -8.180 -8.096 -8.145 -8.288 -8.598 -8.632 -8.319 -8.367 -8.384 -8.394 -8.959 -10.207 -10.936 -11.442 -11.671 -12.703 -12.624 -12.340 -11.909 -11.095 -10.167 -9.689 -9.267 -9.371 -8.343 -7.881 -7.526 -6.990 -6.671 -6.247
7.680 7.927 7.907 3.103 0.362 1.717 1.910 2.961 4.064 3.385 2.581 2.629 2.503 2.496 2.163 1.649 1.174 1.016 0.873 0.700 0.399 0.038 -0.188 -0.583 -1.748 -0.846 -0.992 -1.438 -1.988 -2.493 -3.070 -3.233 -3.266 -3.611 -3.879 -3.933 -3.946 -4.616 -5.441 -5.941 -5.890 -5.916 -6.142 -6.064 -6.053 -6.147 -5.858 -5.681 -5.921 -6.346 -6.600 -7.126 -7.798 -8.411 -9.010 -9.606 -10.293 -9.333 -8.850 -8.379 -8.356 -8.386 -8.116 -5.243 -2.842 -3.407 -3.506 -3.447 -3.698 -3.337 -0.738
8.692 8.575 8.456 5.790 5.287 6.114 5.056 5.255 5.849 5.631 5.150 4.443 4.456 4.042 3.321 2.889 2.739 2.446 2.319 2.261 1.993 1.377 1.402 1.232 0.335 1.258 1.051 0.327 -0.205 -0.730 -1.119 -1.475 -1.660 -1.858 -2.132 -2.232 -2.186 -2.422 -3.294 -3.683 -3.605 -3.677 -4.357 -4.668 -4.481 -4.737 -5.584 -6.028 -5.159 -5.354 -5.930 -6.575 -6.827 -6.961 -6.825 -7.146 -6.584 -3.005 -1.629 -1.483 -1.182 -1.378 -1.497 0.189 -0.715 -2.482 0.503 2.021 2.551 2.821 2.962
9.398 9.437 9.149 8.875 8.476 7.911 6.676 7.267 7.316 6.873 5.891 5.487 5.201 4.808 4.317 4.246 4.197 4.061 4.061 3.775 3.386 3.255 3.125 2.877 1.905 2.355 1.984 1.394 0.982 0.497 0.095 -0.305 -0.432 -0.460 -0.319 -0.134 -0.290 -0.440 -0.921 -1.140 -1.431 -2.120 -2.666 -3.176 -4.597 -6.267 -6.452 -6.505 -6.867 -5.823 -5.683 -5.839 -6.559 -7.309 -5.908 -4.612 -2.609 -0.886 -0.299 0.192 0.740 1.436 2.047 0.171 -2.077 -0.761 2.879 3.681 3.930 4.179 4.364
9.491 10.065 9.964 9.760 9.472 9.262 9.155 8.693 8.135 7.771 6.893 6.158 5.882 5.566 5.369 5.085 5.078 5.138 4.864 4.604 4.488 4.294 3.654 3.192 2.216 3.054 2.898 2.400 2.047 2.034 1.901 1.596 1.421 1.396 1.569 1.260 0.043 0.103 -1.279 -3.284 -3.289 -1.550 -1.273 -2.174 -2.857 -4.740 -3.960 -3.981 -3.910 -3.590 -2.917 -2.463 -3.015 -4.219 -4.227 -2.014 -1.194 -0.624 -0.152 0.767 1.660 2.527 3.152 1.246 0.156 3.412 4.489 4.752 5.087 5.322 5.442
10.401 10.737 10.495 9.948 9.235 8.924 9.129 8.831 8.631 8.224 7.980 7.466 7.243 7.164 6.887 6.589 6.581 6.595 6.299 6.276 6.161 5.771 5.247 4.298 3.711 3.770 3.689 3.318 2.826 2.987 2.999 3.350 3.570 2.800 1.044 -0.874 -3.519 -2.624 -2.057 -2.970 -5.021 -4.119 -1.650 -0.478 -0.722 -1.416 -0.548 -0.921 -1.613 -2.356 -1.687 -0.784 -0.702 -2.472 -3.807 -1.425 -0.880 0.261 0.373 0.990 1.934 2.873 3.444 3.398 4.198 5.113 5.471 5.738 5.950 6.151 6.285
11.662 11.111 10.840 10.041 9.609 8.657 8.286 9.144 8.559 8.514 7.520 7.964 8.520 8.572 8.564 8.372 8.174 8.542 8.560 8.429 8.130 7.980 7.758 6.320 5.441 5.845 5.870 4.672 4.055 3.992 3.075 2.843 3.289 3.281 2.592 -0.839 -4.677 -2.903 -0.226 -2.753 -3.627 -1.116 0.636 0.150 -1.783 -0.381 1.420 1.794 0.796 0.123 1.916 1.367 1.240 1.026 1.181 0.547 -0.774 1.746 1.730 1.941 2.747 3.397 3.818 4.400 5.258 5.823 6.188 6.462 6.582 6.795 7.007
13.020 11.938 10.895 8.466 7.476 7.209 8.539 10.202 11.193 10.789 8.644 8.898 10.889 11.016 10.996 11.437 11.446 10.934 10.562 10.596 10.193 10.566 10.439 9.002 7.950 8.350 8.646 8.047 7.901 7.194 6.810 7.159 6.439 4.950 4.561 6.088 4.565 0.093 0.201 -0.653 -1.202 -0.480 2.020 2.106 2.211 2.315 2.004 2.787 1.865 3.612 5.206 3.888 3.196 3.936 3.432 1.343 3.734 4.754 3.811 3.603 3.929 4.486 5.101 5.738 6.403 6.885 7.101 7.192 7.190 7.488 7.893
13.683 12.217 13.174 12.272 14.383 13.424 13.855 12.526 10.406 11.126 11.309 11.811 12.651 13.090 13.129 13.342 13.226 9.905 9.148 10.926 12.202 12.592 12.317 11.504 10.981 11.646 11.820 11.617 10.936 9.576 8.109 6.729 4.242 2.847 2.156 2.974 5.839 5.933 5.117 4.853 4.948 4.926 4.631 5.240 5.915 5.256 4.342 3.495 5.117 7.754 6.956 5.522 4.291 5.385 4.409 5.378 7.047 7.229 6.100 5.648 5.948 6.629 7.421 7.994 8.388 8.625 8.685 8.771 8.738 8.929 9.580
12.814 14.432 16.390 16.842 16.399 16.636 15.610 15.707 15.186 11.826 12.724 13.754 14.376 13.230 11.991 12.940 12.395 9.842 7.302 9.453 12.843 14.316 15.146 14.873 14.897 14.635 14.752 13.848 12.869 7.966 2.589 -0.534 2.036 6.937 8.889 8.888 9.782 10.685 9.154 5.964 7.539 8.663 7.850 7.535 6.496 5.587 5.378 6.486 8.265 9.324 8.032 5.800 5.446 8.262 8.130 9.065 9.932 9.532 9.248 8.518 9.076 9.831 10.417 10.705 10.786 10.847 10.981 11.203 11.408 11.613 11.734
15.228 17.853 18.157 18.269 17.996 18.096 17.898 17.686 18.090 15.746 16.831 17.022 14.489 12.208 12.298 10.368 10.914 10.206 7.583 9.464 13.610 16.088 17.706 16.529 16.790 16.943 17.061 14.327 9.416 0.374 -5.333 4.317 11.525 11.611 11.555 9.382 5.240 4.151 3.497 -2.307 -1.504 5.137 8.776 8.951 8.660 8.125 9.610 13.387 12.178 10.964 10.351 9.779 10.920 11.764 11.930 12.424 12.163 11.792 12.574 12.812 13.297 13.702 13.800 13.764 13.730 13.763 13.854 14.045 14.243 14.385 14.418
17.797 17.790 17.681 17.666 18.214 19.090 18.659 19.259 19.291 18.810 18.576 18.932 18.417 17.691 17.418 18.195 18.727 19.395 17.218 11.410 10.441 13.885 14.974 15.212 13.784 16.898 15.293 12.343 10.087 1.033 -3.090 -6.829 -3.594 0.072 -2.046 -6.574 -7.128 -5.189 -0.240 1.105 -0.791 2.212 7.029 9.011 10.514 11.190 13.020 14.753 13.611 12.871 12.437 12.167 12.703 14.192 14.620 13.732 12.456 15.133 15.913 16.233 16.290 16.598 16.536 16.429 16.352 16.369 16.439 16.459 16.538 16.615 16.663
16.451 16.759 18.730 21.449 21.491 21.236 20.373 20.127 20.120 20.077 20.003 19.952 20.272 20.540 20.940 18.650 19.866 21.717 23.593 18.934 12.610 14.280 18.661 19.866 16.912 17.583 11.806 7.914 8.752 17.049 13.372 -0.415 -7.528 -7.146 -5.038 -5.069 -5.115 -4.883 -3.267 -2.195 -1.696 0.780 5.627 11.269 13.179 14.305 16.087 16.072 15.396 14.517 14.494 14.961 15.839 15.916 16.356 16.803 17.544 18.274 18.728 18.813 18.594 18.772 18.795 18.682 18.641 18.655 18.663 18.705 18.734 18.735 18.776
20.330 20.353 21.572 22.379 21.970 21.393 22.048 22.194 21.782 22.630 22.431 21.890 21.959 21.925 21.631 20.539 21.621 22.949 24.848 25.865 23.693 14.028 15.870 17.758 21.537 21.894 21.248 17.387 16.559 23.944 23.166 17.711 2.570 -4.718 -3.722 -2.911 -2.438 -2.251 -2.235 -0.887 0.902 3.303 11.251 16.951 15.440 16.077 17.374 17.107 17.149 16.509 16.583 18.004 19.047 18.930 19.951 20.097 20.154 20.421 20.543 20.529 20.437 20.281 20.624 20.638 20.579 20.602 20.630 20.635 20.611 20.625 20.619
23.336 22.835 22.500 22.911 22.692 22.149 22.105 22.465 23.258 23.931 23.246 23.192 23.337 23.301 23.011 22.150 23.236 23.425 24.622 25.570 26.290 23.514 19.515 18.739 22.557 20.996 22.678 20.068 23.553 25.584 25.455 23.691 21.989 15.952 5.913 0.592 0.746 1.815 7.315 8.725 5.683 7.517 14.508 17.554 16.917 17.880 18.703 19.083 18.225 17.939 19.003 20.561 21.338 21.701 21.840 22.034 22.161 22.131 22.127 22.180 22.191 22.042 22.293 22.400 22.350 22.365 22.382 22.403 22.348 22.357 22.314
24.006 25.101 24.201 22.597 22.864 23.295 23.155 23.471 24.111 24.087 23.655 23.005 23.391 24.654 26.166 26.173 24.720 24.424 25.517 25.650 26.875 26.395 26.230 27.018 26.022 24.919 24.731 24.949 25.814 26.596 25.015 24.709 24.479 24.314 23.821 22.103 20.148 18.886 20.292 20.126 14.136 14.345 14.667 17.720 18.736 19.367 20.045 20.034 20.041 20.603 22.137 22.909 23.081 23.135 23.409 23.763 23.852 23.782 23.734 23.786 23.768 23.813 23.952 23.983 23.890 23.909 23.943 23.985 23.890 23.864 23.809
25.320 25.472 24.517 21.373 22.058 22.306 22.510 23.681 23.643 23.189 24.026 22.856 24.863 26.050 27.261 26.369 27.578 26.477 25.862 25.795 27.126 27.977 27.473 27.347 27.082 25.848 25.581 25.722 26.315 26.936 26.230 25.813 24.678 24.267 24.117 24.268 24.143 23.644 21.837 22.860 18.752 17.927 18.288 21.068 22.130 21.808 22.340 22.141 22.903 22.353 24.618 24.809 24.688 24.648 24.827 25.141 25.303 25.302 25.297 25.257 25.208 25.243 25.337 25.303 25.187 25.125 25.152 25.154 25.085 25.012 24.966
26.497 26.042 25.435 25.437 24.314 24.805 25.003 23.404 21.849 24.099 24.165 24.027 25.656 27.155 28.402 27.773 28.233 25.819 26.121 26.727 27.539 27.874 28.283 28.753 27.879 25.783 25.837 25.959 26.278 26.835 26.523 26.363 25.945 25.380 25.342 25.608 25.840 25.751 23.516 23.576 21.530 21.480 21.322 23.839 23.833 23.913 24.279 24.783 25.582 25.940 26.109 26.025 26.021 26.085 26.148 26.250 26.367 26.420 26.427 26.354 26.307 26.347 26.328 26.262 26.167 26.100 26.105 26.065 26.027 25.876 25.793
27.242 26.982 26.706 26.836 24.799 25.618 26.641 27.405 27.572 26.790 25.083 25.602 26.901 28.547 29.661 28.650 28.178 27.103 23.292 26.483 27.663 27.855 27.417 27.386 25.978 26.165 26.426 26.739 27.003 27.363 25.538 26.610 26.936 26.014 25.831 27.147 26.923 26.936 25.933 25.418 24.665 24.881 23.658 24.771 25.163 25.610 26.248 26.731 27.174 27.049 27.234 27.023 27.047 27.142 27.145 27.081 27.169 27.311 27.117 27.037 27.118 27.094 27.061 26.997 26.937 26.825 26.764 26.722 26.664 26.490 26.421
28.030 28.300 27.600 27.325 27.090 26.983 27.697 28.890 29.606 28.545 25.972 25.883 27.691 28.775 29.621 29.025 26.664 28.799 23.660 25.521 25.544 26.482 26.069 26.385 26.364 26.504 26.706 27.033 27.270 27.634 25.923 26.568 27.047 27.645 27.697 27.505 27.164 26.955 26.896 27.253 26.565 27.071 27.094 25.539 26.317 27.004 27.362 27.691 27.867 26.367 27.585 27.444 27.708 27.725 27.601 27.570 27.650 27.754 27.586 27.502 27.590 27.589 27.519 27.417 27.282 27.158 27.061 26.988 26.905 26.807 26.703
27.687 27.845 27.874 27.097 26.984 28.020 29.202 29.761 29.982 28.280 26.129 27.062 27.817 28.597 28.173 25.129 20.670 28.068 25.984 25.939 27.280 27.365 26.882 26.741 26.798 26.913 27.087 27.388 27.555 27.772 27.185 25.272 26.742 28.031 27.826 27.625 27.428 27.239 27.300 27.619 26.835 27.733 27.802 27.008 26.154 27.694 27.965 28.117 28.267 27.759 27.731 27.780 27.989 28.069 27.909 27.888 27.938 27.917 27.689 27.689 27.761 27.731 27.619 27.497 27.345 27.245 27.156 27.123 27.102 27.061 26.958
27.612 27.816 27.497 26.318 25.594 27.365 28.176 28.844 28.255 27.870 27.178 27.598 27.172 26.965 26.607 21.927 18.352 26.379 27.294 27.723 27.102 27.372 26.904 27.026 27.296 27.439 27.609 27.792 27.764 27.946 27.887 25.902 27.727 28.064 28.177 27.882 27.690 27.469 27.470 27.688 27.463 27.876 27.440 27.296 26.712 28.008 28.253 28.310 28.270 27.874 27.690 27.948 28.233 28.143 27.968 27.918 27.952 27.964 27.843 27.830 27.791 27.784 27.695 27.571 27.428 27.385 27.369 27.416 27.482 27.398 27.199
