data-raw/tempfiles/03_grid_data_3000BP.asc
ncols 144
nrows 72
xllcorner -180
yllcorner -90
cellsize 2.5
nodata_value -9999
[rows 32 to 63 of 72, columns 71 to 141 of 144]
27.198 26.590 26.386 26.766 26.124 26.605 26.625 27.168 27.529 27.217 26.021 26.370 26.721 26.574 25.129 19.256 17.936 22.019 23.748 26.013 26.614 26.923 26.898 27.156 27.463 27.651 27.865 28.070 28.104 28.146 28.169 27.420 27.966 28.027 28.250 28.013 27.872 27.710 27.750 27.894 27.830 28.156 28.115 27.824 27.965 28.137 28.267 28.435 28.308 28.180 27.205 27.293 27.985 27.939 27.825 27.772 27.837 27.918 27.908 27.763 27.783 27.897 27.774 27.622 27.592 27.619 27.639 27.709 27.819 27.672 27.425
26.588 26.872 26.687 26.534 25.735 23.955 23.954 25.302 26.257 25.965 25.879 26.176 26.045 26.245 26.657 22.744 20.118 25.031 27.416 27.884 27.771 26.816 27.087 27.265 27.481 27.592 27.730 27.868 27.946 28.025 28.071 28.123 27.944 27.370 28.183 28.106 28.077 27.980 27.932 27.461 28.092 27.155 27.979 28.177 28.169 28.093 28.177 26.859 27.712 28.032 27.463 27.375 27.865 27.798 27.730 27.699 27.724 27.678 27.421 27.608 27.957 27.916 27.889 27.749 27.795 27.857 27.822 27.799 27.852 27.748 27.573
26.830 26.863 26.852 26.489 25.663 24.526 24.020 24.794 25.476 25.171 24.764 24.929 24.472 24.987 26.004 28.463 24.900 27.276 28.052 28.382 27.010 27.038 27.182 27.298 27.418 27.489 27.622 27.718 27.819 27.851 27.859 27.818 27.815 27.837 27.907 27.932 27.955 27.938 27.851 26.058 26.309 27.034 27.783 28.248 28.114 27.689 26.950 25.373 27.575 27.949 27.838 27.712 27.736 27.719 27.614 27.290 27.233 27.533 27.745 27.929 28.072 28.050 27.982 27.822 27.810 27.865 27.795 27.767 27.840 27.893 27.843
26.458 26.461 26.460 26.403 26.331 24.617 24.471 25.320 25.520 25.362 25.034 24.413 22.841 22.608 23.604 23.870 26.538 28.792 28.184 27.245 26.982 26.963 27.085 27.246 27.364 27.441 27.549 27.626 27.692 27.744 27.758 27.697 27.655 27.648 27.694 27.739 27.763 27.661 27.508 27.331 26.215 27.051 27.810 28.187 27.822 27.455 25.973 25.334 27.288 26.904 27.273 27.611 27.305 27.625 27.530 27.741 27.740 27.841 27.870 27.919 28.072 28.153 28.012 27.808 27.744 27.760 27.757 27.798 27.907 28.034 28.040
25.807 25.843 25.887 25.885 26.169 25.117 24.627 25.595 25.470 25.390 25.000 24.065 21.765 21.376 22.267 21.035 25.742 27.694 26.987 27.044 27.000 26.992 27.053 27.182 27.254 27.277 27.324 27.408 27.541 27.627 27.609 27.543 27.512 27.538 27.561 27.535 27.489 27.418 27.314 27.169 26.884 25.824 27.363 27.845 27.809 27.464 27.079 26.830 26.849 25.857 27.459 27.733 27.508 26.915 26.094 27.263 27.280 27.631 27.720 27.741 27.974 28.154 28.089 27.843 27.731 27.772 27.790 27.845 27.904 27.983 28.106
25.505 25.500 25.570 25.669 26.088 25.150 24.530 25.408 25.672 25.490 25.144 24.634 22.170 22.759 23.969 22.880 25.216 26.728 27.060 27.188 26.967 26.906 26.919 27.007 27.060 27.061 27.083 27.131 27.257 27.465 27.489 27.397 27.349 27.371 27.377 27.365 27.290 27.285 27.269 27.082 27.123 26.696 26.336 27.773 28.006 28.328 27.822 27.521 27.131 26.362 27.837 27.363 27.246 27.377 26.488 23.376 22.677 24.596 26.419 27.615 27.998 27.557 27.906 27.846 27.671 27.716 27.763 27.764 27.800 27.888 28.017
24.921 24.816 24.801 25.015 25.359 25.342 25.054 24.499 24.355 24.993 25.031 25.157 24.018 23.527 23.415 22.926 25.007 26.664 27.020 27.081 26.892 26.729 26.741 26.800 26.860 26.890 26.911 26.935 27.066 27.263 27.333 27.262 27.228 27.149 27.186 27.233 27.220 27.234 27.237 27.219 27.389 27.312 27.063 27.021 27.374 27.906 28.145 28.267 28.261 28.287 28.115 27.853 27.740 27.692 27.684 27.475 26.861 25.003 20.726 22.689 26.745 26.785 27.809 27.479 27.580 27.592 27.663 27.665 27.656 27.720 27.856
24.051 23.803 23.667 23.923 24.370 24.970 25.598 23.905 23.568 23.701 23.789 24.359 23.156 22.503 21.961 22.291 24.880 26.513 26.774 26.901 26.712 26.571 26.599 26.642 26.694 26.719 26.705 26.722 26.889 27.052 27.114 26.985 27.017 27.004 26.972 27.025 27.088 27.136 27.155 27.196 27.282 27.317 27.377 27.302 27.219 27.234 27.219 27.699 27.922 27.994 27.889 27.671 28.025 27.975 28.045 27.962 27.795 27.303 26.454 24.731 25.097 27.348 27.686 27.588 27.385 27.149 27.484 27.481 27.485 27.523 27.629
22.967 22.791 22.604 22.568 22.978 23.791 23.431 21.208 22.559 23.404 23.336 22.749 23.188 22.488 21.838 23.015 24.104 26.617 27.050 26.950 26.593 26.467 26.496 26.527 26.511 26.482 26.491 26.495 26.633 26.719 26.762 26.512 26.692 26.727 26.759 26.778 26.816 26.889 26.945 26.985 26.968 26.954 26.904 27.125 27.228 27.493 27.695 27.851 28.129 28.291 28.299 28.255 28.023 28.252 28.157 28.193 28.103 27.555 26.742 26.674 26.363 26.993 27.345 27.379 27.238 27.103 27.209 27.169 27.155 27.234 27.372
22.122 22.006 21.790 21.549 21.488 22.383 23.625 21.250 22.054 23.351 24.026 23.297 22.704 23.514 22.577 23.211 24.119 26.625 26.815 26.728 24.722 26.101 26.509 26.374 26.255 26.204 26.193 26.185 26.222 26.239 26.193 26.033 26.201 26.293 26.344 26.363 26.343 26.352 26.400 26.452 26.360 26.370 26.459 26.564 26.685 26.905 27.224 27.540 27.938 28.184 28.288 28.135 28.353 28.725 28.310 28.504 28.192 27.756 26.487 26.464 26.628 26.818 26.968 26.978 26.841 26.817 26.772 26.583 26.623 26.799 27.021
21.672 21.496 21.240 20.840 20.270 22.593 25.041 24.376 23.229 24.128 24.924 23.515 23.605 23.891 25.177 24.679 25.706 26.664 26.423 26.510 23.333 25.855 26.308 26.109 25.925 25.854 25.797 25.745 25.693 25.633 25.498 25.558 25.570 25.592 25.564 25.545 25.516 25.466 25.431 25.476 25.389 25.413 25.510 25.585 25.914 26.244 26.651 27.126 27.604 27.784 28.341 27.750 28.929 28.773 28.260 27.971 27.640 27.821 26.514 25.433 26.198 26.261 26.340 26.283 26.183 26.194 26.145 25.852 25.795 26.041 26.343
21.469 21.133 20.961 20.563 19.769 20.259 23.625 23.694 23.142 24.038 24.738 24.046 22.750 21.372 23.892 25.853 26.241 26.324 25.664 22.703 22.805 26.054 26.107 25.731 25.328 25.237 25.166 25.102 24.987 24.902 24.721 24.767 24.743 24.577 24.490 24.514 24.408 24.345 24.240 24.190 24.074 24.126 24.053 24.443 24.805 25.329 25.962 26.656 27.044 27.864 28.483 28.478 27.713 27.836 27.659 27.592 27.412 27.623 25.079 24.274 25.497 25.450 25.478 25.321 25.194 25.228 25.253 25.053 24.799 24.964 25.297
21.223 20.840 20.546 20.358 19.885 18.853 21.589 21.698 21.205 23.143 24.339 23.840 23.233 24.706 25.526 25.543 25.920 25.603 25.139 22.305 24.209 25.517 25.540 25.029 24.765 24.439 24.340 24.219 24.111 23.990 23.918 23.775 23.627 23.475 23.348 23.304 23.192 23.088 22.850 22.852 22.683 22.654 22.660 23.085 23.468 24.104 25.229 26.805 26.856 27.169 27.281 27.040 26.583 25.855 25.421 25.770 26.083 26.301 25.190 24.716 24.132 24.416 24.580 24.332 24.137 24.155 24.061 23.687 23.848 23.897 24.121
20.910 20.590 20.157 19.730 19.613 18.622 18.952 21.644 21.556 22.155 22.515 22.464 22.282 24.315 26.244 25.068 25.022 24.857 24.633 22.681 24.705 24.802 24.623 24.290 23.964 23.636 23.473 23.310 23.237 23.100 22.848 22.697 22.501 22.335 22.176 22.090 22.004 21.796 21.521 21.562 21.209 21.132 21.193 21.656 22.221 22.843 24.946 25.437 25.263 25.927 26.554 26.136 25.080 23.899 23.707 25.281 25.819 25.644 24.858 23.648 23.237 23.168 23.644 23.462 23.167 23.098 23.159 23.099 22.903 22.865 22.931
20.401 20.156 19.824 19.482 19.455 18.820 18.177 21.341 21.632 22.073 20.829 19.635 18.866 21.303 24.648 24.029 23.888 23.852 24.268 24.028 23.885 23.450 23.270 23.126 22.798 22.540 22.337 22.190 22.136 21.971 21.602 21.527 21.404 21.194 20.991 20.659 20.402 20.214 20.190 20.078 19.479 19.520 19.606 20.150 20.744 21.433 23.298 23.877 23.797 24.178 24.235 23.498 21.891 21.874 23.439 24.614 24.885 24.478 23.742 22.693 21.766 21.368 22.278 22.593 22.202 22.058 21.937 21.804 21.637 21.599 21.680
19.636 19.325 19.113 19.024 18.940 18.705 17.902 20.072 21.097 21.013 19.389 18.475 16.472 21.185 23.292 22.933 22.855 22.686 22.681 22.564 22.362 21.847 21.307 20.946 21.098 20.845 20.851 20.495 20.652 20.610 20.464 20.185 19.896 19.138 18.000 17.366 17.258 17.265 17.660 17.726 17.344 17.479 18.267 18.809 19.260 19.986 21.207 21.901 21.366 21.839 21.816 22.180 21.311 21.284 22.053 23.227 23.257 23.370 23.222 22.393 21.842 19.008 20.865 21.646 21.243 20.911 20.694 20.401 20.251 20.261 20.338
18.456 18.239 18.225 18.214 18.129 18.150 18.070 17.935 19.687 19.180 18.575 17.391 18.577 21.739 21.768 21.413 21.368 21.214 21.092 20.971 20.594 19.545 19.531 19.452 19.613 19.562 19.351 18.856 18.560 19.093 18.967 18.300 16.792 16.032 15.908 15.853 15.754 15.647 15.486 15.478 15.499 15.634 16.522 17.304 17.610 18.333 19.416 19.758 19.460 19.813 20.651 21.446 20.855 20.474 20.484 20.740 20.305 21.067 20.977 20.573 19.704 17.381 20.412 20.561 20.224 19.878 19.571 19.258 19.010 18.838 18.865
16.708 16.571 16.663 16.859 16.803 16.945 17.189 17.286 18.048 18.792 19.541 19.949 19.928 19.914 19.793 19.525 19.530 19.453 19.346 18.702 18.020 18.044 18.237 18.119 17.741 17.696 17.082 16.585 16.555 17.165 16.747 15.322 14.517 14.442 14.437 14.294 14.138 14.004 13.959 13.894 13.898 14.087 14.604 15.351 15.921 16.720 17.792 18.081 18.241 18.412 18.312 17.340 17.212 17.273 17.973 19.164 18.920 19.626 19.422 18.435 16.552 18.652 19.531 19.158 18.810 18.465 18.139 17.902 17.530 17.212 17.143
15.040 14.964 14.840 14.803 14.901 15.208 15.678 16.323 16.945 17.510 17.833 18.112 18.043 17.913 17.764 17.776 17.721 17.546 17.247 16.603 16.397 16.489 16.371 16.194 15.986 16.147 15.902 15.513 15.226 14.289 13.764 13.231 13.434 13.681 13.258 12.654 12.526 12.586 12.872 12.824 12.630 12.884 13.371 13.719 14.199 14.732 15.436 15.857 15.849 15.574 15.397 15.394 15.480 15.641 15.837 16.231 16.759 17.193 16.861 15.852 14.537 17.311 17.777 17.549 17.281 16.940 16.642 16.407 16.129 15.856 15.434
12.722 12.898 12.836 12.847 12.917 13.263 13.884 14.648 15.417 15.618 15.752 15.538 15.304 15.217 15.207 14.938 14.867 14.711 14.502 14.618 14.766 14.783 14.946 14.867 14.934 14.853 14.697 14.221 13.668 12.778 12.151 12.884 13.406 13.321 13.153 12.780 12.240 12.042 11.884 11.217 11.299 11.841 12.207 12.317 12.504 12.706 13.121 13.559 13.514 13.466 13.488 13.550 13.748 13.922 14.029 14.411 14.843 15.427 15.593 15.138 15.496 15.683 15.779 15.671 15.457 15.179 14.976 14.936 14.952 14.942 14.063
10.474 10.585 10.643 10.661 10.656 10.953 11.375 12.045 12.604 12.557 12.606 12.520 12.506 12.591 12.399 12.276 12.101 11.824 11.623 11.748 11.848 11.908 12.420 12.804 13.177 13.270 13.112 12.705 12.383 11.913 11.381 10.902 10.935 11.259 11.354 11.167 11.134 11.132 10.966 10.698 10.851 10.914 10.800 10.770 10.746 10.773 10.873 11.094 11.323 11.589 11.672 11.587 11.709 12.094 12.234 12.523 12.943 13.355 13.534 12.717 13.561 13.976 13.975 13.879 13.736 13.557 13.522 13.596 13.809 12.485 12.088
8.782 8.609 8.620 8.383 8.551 8.610 8.897 9.085 9.170 9.423 9.494 9.591 9.740 9.862 9.691 9.455 9.324 8.952 8.821 8.819 8.801 8.886 9.362 10.071 10.658 11.012 11.077 10.668 10.306 10.265 10.140 9.961 9.533 9.229 9.084 9.042 9.251 9.268 9.135 9.146 9.219 9.299 9.272 9.361 9.471 9.485 9.503 9.510 9.715 10.104 10.218 10.218 10.275 10.466 10.571 10.820 11.222 11.502 11.872 12.118 12.286 12.266 12.112 12.033 12.049 12.049 12.201 12.035 9.511 9.210 11.697
6.831 6.801 6.689 6.321 6.118 6.084 6.275 6.545 6.730 6.758 6.662 6.839 7.265 7.395 7.331 7.153 7.152 7.140 7.042 6.927 6.770 6.775 7.022 7.410 7.823 8.113 8.125 7.827 7.632 7.619 7.715 7.774 7.596 7.429 7.497 7.723 7.620 7.126 7.057 6.914 6.845 7.001 7.297 7.377 7.493 7.687 7.814 8.005 8.037 8.341 8.747 8.882 8.997 9.207 9.293 9.274 9.639 9.903 10.079 10.335 10.375 10.359 10.288 10.307 10.403 10.615 10.910 10.309 9.050 10.692 10.811
4.893 4.918 4.919 4.779 4.618 4.478 4.429 4.508 4.478 4.501 4.460 4.679 5.082 5.313 5.402 5.347 5.314 5.416 5.476 5.479 5.431 5.414 5.362 5.397 5.514 5.625 5.653 5.551 5.345 5.460 5.357 5.265 5.269 5.290 5.438 5.409 5.227 5.443 5.666 5.232 4.994 5.210 5.385 5.344 5.249 5.537 5.872 6.128 6.288 6.447 6.940 7.232 7.437 7.642 7.797 7.846 7.890 8.198 8.282 8.412 8.583 8.670 8.716 8.801 8.917 9.159 9.410 9.553 9.505 9.290 9.163
2.944 3.036 3.017 2.912 2.758 2.616 2.614 2.613 2.597 2.575 2.620 2.790 3.085 3.386 3.576 3.662 3.769 3.778 3.792 3.850 3.899 3.930 3.816 3.699 3.694 3.716 3.826 3.904 3.869 3.866 3.628 3.423 3.313 3.316 3.371 3.502 3.532 3.748 3.816 3.556 3.250 3.297 3.460 3.548 3.550 3.532 3.785 4.033 4.323 4.579 4.950 5.393 5.710 5.769 5.736 6.020 6.119 6.232 6.342 6.463 6.722 6.952 7.133 7.227 7.400 7.609 7.848 8.009 8.071 7.993 7.828
1.093 1.148 1.155 1.092 0.949 0.854 0.892 0.975 1.003 1.052 1.164 1.369 1.686 1.992 2.199 2.350 2.372 2.359 2.288 2.248 2.367 2.421 2.322 2.230 2.166 2.301 2.392 2.436 2.371 2.280 1.982 1.685 1.445 1.393 1.588 1.858 1.951 2.132 2.035 1.841 1.818 1.991 1.980 1.911 1.899 1.808 2.095 2.431 2.726 3.020 3.319 3.640 3.836 3.949 4.040 4.276 4.292 4.275 4.321 4.475 4.744 5.072 5.331 5.368 5.411 5.857 6.272 6.608 6.738 6.712 6.576
-0.747 -0.753 -0.788 -0.844 -0.891 -0.842 -0.737 -0.547 -0.441 -0.309 0.045 0.386 0.677 0.911 1.027 1.201 1.184 1.153 1.147 1.001 0.950 0.896 0.764 0.686 0.599 0.655 0.688 0.693 0.641 0.491 0.206 -0.097 -0.323 -0.352 -0.199 0.077 0.268 0.343 0.364 0.348 0.273 0.258 0.272 0.350 0.422 0.473 0.646 0.923 1.126 1.433 1.636 1.830 1.933 2.142 2.430 2.593 2.704 2.635 2.515 2.584 2.731 2.999 3.348 3.447 3.385 3.692 4.435 4.970 5.297 5.384 5.322
-2.484 -2.492 -2.526 -2.682 -2.650 -2.426 -2.268 -2.110 -1.889 -1.524 -1.184 -0.911 -0.608 -0.630 -0.665 -0.550 -0.603 -0.593 -0.618 -0.760 -0.839 -0.918 -1.137 -1.374 -1.439 -1.313 -1.304 -1.241 -1.451 -1.809 -2.175 -2.471 -2.588 -2.545 -2.392 -1.913 -1.583 -1.587 -1.756 -1.723 -1.619 -1.536 -1.364 -1.230 -1.028 -0.839 -0.649 -0.504 -0.222 -0.040 0.121 0.341 0.510 0.628 0.910 0.984 0.952 1.169 1.112 0.939 1.025 1.092 1.237 1.535 1.592 1.761 2.411 2.968 3.365 3.577 3.566
-3.855 -3.740 -3.688 -4.004 -4.070 -3.808 -3.700 -3.497 -3.290 -3.186 -3.029 -2.796 -2.688 -2.730 -2.644 -2.627 -2.547 -2.556 -2.650 -2.728 -2.888 -3.227 -3.568 -3.817 -3.998 -3.883 -3.987 -4.062 -4.322 -4.497 -4.654 -4.723 -4.593 -4.519 -4.494 -4.359 -4.135 -4.085 -4.072 -4.031 -3.871 -3.660 -3.364 -3.124 -2.928 -2.692 -2.374 -2.233 -1.912 -1.719 -1.466 -1.203 -0.975 -0.845 -0.828 -0.867 -0.970 -0.874 -0.886 -1.010 -1.059 -1.115 -1.098 -0.672 -0.426 -0.298 0.107 0.403 0.646 0.889 1.205
-5.022 -4.896 -4.757 -4.717 -4.832 -5.004 -5.166 -5.150 -5.101 -5.036 -4.978 -4.924 -4.943 -4.928 -4.859 -4.886 -4.671 -4.640 -4.787 -4.884 -5.252 -5.700 -5.996 -6.386 -6.769 -6.655 -6.937 -7.239 -7.403 -7.417 -7.296 -7.266 -7.082 -6.939 -7.036 -7.195 -7.216 -7.156 -7.083 -7.177 -7.137 -6.914 -6.468 -6.046 -5.659 -5.452 -5.351 -5.230 -4.809 -4.377 -4.130 -4.079 -3.988 -3.925 -4.078 -4.208 -4.327 -4.323 -4.246 -4.321 -4.291 -4.207 -4.203 -3.987 -3.986 -3.827 -3.450 -3.132 -2.839 -2.579 -2.373
-6.535 -6.181 -6.148 -6.149 -6.123 -6.443 -6.916 -7.100 -7.144 -7.023 -7.105 -7.138 -7.099 -7.092 -6.993 -6.813 -6.850 -6.987 -7.207 -7.977 -8.973 -12.444 -15.312 -12.626 -10.774 -10.788 -10.885 -10.352 -10.344 -10.581 -10.254 -10.401 -9.814 -9.569 -11.001 -12.236 -12.538 -12.372 -12.684 -14.735 -14.180 -14.465 -14.676 -12.306 -10.175 -11.567 -11.841 -9.963 -8.889 -9.315 -10.260 -10.882 -10.546 -12.632 -13.633 -12.973 -12.802 -11.315 -9.803 -8.896 -8.396 -8.212 -8.018 -7.555 -7.470 -7.010 -6.670 -6.017 -5.995 -5.807 -5.562
-9.004 -8.593 -8.011 -7.824 -7.620 -7.786 -8.581 -8.737 -8.597 -8.588 -8.687 -8.649 -8.578 -9.182 -10.676 -9.983 -9.316 -12.531 -17.642 -20.245 -21.783 -24.875 -27.015 -26.195 -25.156 -23.682 -21.868 -18.342 -15.996 -14.188 -12.251 -11.556 -14.445 -18.570 -21.151 -22.984 -23.960 -25.195 -26.296 -26.832 -26.482 -26.487 -27.110 -26.628 -24.923 -23.111 -21.876 -21.146 -21.065 -22.192 -23.948 -24.812 -25.102 -26.229 -27.847 -28.316 -27.477 -24.933 -21.638 -18.898 -17.743 -16.313 -15.679 -14.256 -12.476 -10.801 -10.583 -9.767 -9.264 -8.876 -8.818
