data-raw/tempfiles/03_grid_data_3000BP.asc
ncols 144
nrows 72
xllcorner -180
yllcorner -90
cellsize 2.5
nodata_value -9999
[rows 0 to 31 of 72, columns 0 to 70 of 144]
-16.904 -17.059 -17.120 -17.133 -17.107 -17.093 -17.095 -17.101 -17.106 -17.122 -17.101 -17.110 -17.130 -17.142 -17.122 -17.129 -17.106 -17.143 -17.173 -17.174 -17.222 -17.187 -17.190 -17.259 -17.261 -17.224 -17.222 -17.224 -17.271 -17.319 -17.327 -17.298 -17.318 -17.286 -17.331 -17.321 -17.335 -17.289 -17.280 -17.302 -17.328 -17.388 -17.358 -17.334 -17.339 -17.334 -17.335 -17.389 -17.369 -17.348 -17.325 -17.288 -17.193 -17.137 -17.035 -17.059 -17.016 -16.956 -16.947 -16.951 -16.936 -16.951 -17.003 -17.021 -17.034 -17.085 -16.991 -16.930 -16.853 -16.850 -16.840
-16.505 -16.620 -16.625 -16.609 -16.580 -16.508 -16.406 -16.304 -16.199 -16.097 -15.980 -15.895 -15.901 -15.897 -15.918 -15.952 -15.990 -16.068 -16.175 -16.262 -16.333 -16.314 -16.391 -16.488 -16.549 -16.611 -16.649 -16.696 -16.749 -16.826 -16.876 -16.875 -16.896 -16.889 -16.898 -16.872 -16.821 -16.755 -16.748 -16.726 -16.706 -16.729 -16.667 -16.643 -16.638 -16.663 -16.676 -16.662 -16.782 -16.813 -16.830 -16.883 -16.842 -16.828 -16.789 -16.765 -16.744 -16.686 -16.669 -16.657 -16.606 -16.576 -16.562 -16.451 -16.347 -16.310 -16.318 -16.247 -16.198 -16.151 -16.108
-15.453 -15.435 -15.454 -15.491 -15.538 -15.478 -15.479 -15.549 -15.604 -15.625 -15.586 -15.551 -15.523 -15.501 -15.498 -15.453 -15.443 -15.446 -15.475 -15.471 -15.521 -15.554 -15.621 -15.724 -15.810 -15.905 -16.004 -16.135 -16.279 -16.441 -16.581 -16.678 -16.752 -16.778 -16.759 -16.708 -16.661 -16.649 -16.984 -17.454 -17.446 -17.506 -17.508 -17.474 -17.346 -17.103 -16.778 -16.461 -16.508 -16.655 -16.744 -16.763 -16.930 -17.360 -17.819 -18.620 -19.450 -19.805 -19.903 -19.934 -19.260 -18.369 -16.769 -15.924 -15.678 -15.673 -15.611 -15.447 -15.281 -15.148 -15.022
-15.340 -15.271 -15.304 -15.359 -15.410 -15.473 -15.473 -15.506 -15.523 -15.476 -15.401 -15.351 -15.268 -15.281 -15.303 -15.265 -15.263 -15.262 -15.333 -15.392 -15.427 -15.557 -15.646 -15.700 -15.777 -15.782 -15.820 -15.919 -15.939 -16.021 -16.141 -16.066 -16.363 -17.369 -20.365 -20.916 -21.099 -20.563 -21.069 -21.613 -21.540 -21.657 -21.741 -21.032 -19.253 -18.297 -18.177 -19.256 -19.443 -19.579 -19.656 -19.751 -20.157 -20.864 -21.409 -22.060 -22.243 -21.888 -21.874 -21.888 -21.547 -21.199 -20.627 -19.186 -18.612 -16.225 -14.473 -13.691 -13.345 -13.057 -12.761
-14.680 -14.529 -14.498 -14.470 -14.409 -14.372 -14.406 -14.509 -14.542 -14.513 -14.477 -14.446 -14.529 -14.650 -14.751 -14.831 -14.905 -15.027 -15.205 -15.428 -15.601 -15.777 -15.807 -15.807 -15.804 -15.746 -15.972 -16.461 -15.956 -15.814 -16.536 -16.727 -15.761 -16.618 -19.704 -20.319 -19.354 -18.196 -18.795 -20.665 -19.395 -16.466 -14.443 -14.601 -15.878 -16.415 -17.788 -19.090 -20.270 -21.300 -22.354 -23.239 -24.060 -24.872 -25.383 -25.484 -25.116 -24.258 -23.033 -21.410 -19.505 -17.712 -16.610 -16.072 -14.269 -13.259 -12.350 -11.919 -11.352 -10.662 -9.687
-13.032 -12.938 -12.877 -12.829 -12.786 -12.775 -12.791 -12.832 -12.917 -13.005 -13.038 -13.090 -13.262 -13.437 -13.660 -13.872 -14.148 -14.455 -14.738 -14.920 -15.039 -15.053 -14.906 -15.110 -15.611 -15.471 -15.475 -15.038 -14.877 -14.754 -15.028 -16.046 -16.088 -15.518 -15.512 -15.646 -16.455 -18.019 -18.402 -17.723 -14.193 -11.697 -11.105 -11.227 -12.508 -12.657 -12.628 -13.074 -14.500 -16.518 -19.061 -21.654 -23.335 -24.617 -25.355 -25.573 -25.284 -24.713 -23.980 -22.886 -21.050 -18.413 -16.175 -14.422 -11.900 -10.958 -10.399 -9.676 -8.819 -7.841 -6.826
-12.053 -11.800 -11.605 -11.466 -11.381 -11.305 -11.371 -11.415 -11.571 -11.690 -11.821 -11.926 -12.083 -12.168 -12.253 -12.336 -12.478 -12.654 -12.764 -12.810 -12.681 -12.515 -14.036 -14.911 -15.267 -14.901 -14.086 -13.942 -13.850 -13.893 -13.242 -14.283 -15.243 -14.274 -16.024 -15.058 -14.841 -14.807 -15.000 -14.719 -13.647 -12.177 -11.440 -11.305 -11.205 -10.935 -10.515 -9.688 -8.206 -9.008 -12.313 -17.021 -20.308 -22.627 -23.992 -24.953 -25.487 -25.506 -24.643 -22.301 -19.247 -16.152 -14.206 -11.777 -8.896 -7.567 -6.790 -5.959 -5.465 -5.245 -4.830
-10.840 -9.992 -9.574 -9.329 -9.145 -9.088 -9.184 -9.538 -10.382 -10.640 -10.548 -10.072 -10.039 -10.104 -10.272 -10.612 -10.748 -10.764 -10.718 -10.696 -10.544 -10.393 -11.767 -12.258 -12.083 -13.115 -13.229 -13.778 -14.040 -13.817 -13.007 -12.895 -13.813 -14.551 -14.879 -12.896 -14.061 -15.033 -15.117 -14.677 -13.736 -13.770 -13.627 -12.796 -10.876 -10.043 -9.645 -8.162 -6.916 -5.494 -6.998 -10.205 -14.749 -18.961 -21.342 -22.907 -24.268 -24.545 -22.694 -18.808 -15.523 -13.327 -11.386 -7.823 -5.673 -4.255 -3.423 -2.931 -2.563 -2.069 -1.436
-10.114 -8.254 -7.469 -7.160 -6.686 -6.338 -7.522 -9.500 -9.868 -10.223 -10.391 -10.081 -10.072 -10.137 -9.977 -9.713 -8.925 -8.209 -8.079 -8.257 -8.913 -9.708 -10.660 -11.413 -10.587 -10.143 -11.159 -12.493 -12.683 -12.517 -12.585 -12.067 -11.888 -12.020 -12.563 -12.892 -12.107 -11.898 -12.543 -10.888 -10.030 -9.987 -10.039 -11.332 -11.006 -9.503 -8.386 -7.013 -5.659 -3.799 -3.684 -4.942 -10.032 -15.372 -18.696 -20.426 -21.437 -20.261 -15.297 -12.726 -10.374 -7.007 -3.916 -2.163 -1.268 -0.652 -0.240 0.006 0.349 0.954 1.714
-7.424 -6.698 -6.172 -5.364 -4.297 -4.036 -4.481 -5.226 -5.101 -4.703 -5.037 -5.102 -4.851 -4.516 -4.374 -5.133 -6.368 -6.218 -5.546 -5.234 -5.137 -5.685 -6.510 -7.524 -8.308 -8.350 -9.109 -10.004 -10.258 -10.769 -11.004 -11.321 -11.567 -11.795 -12.149 -12.135 -11.551 -10.785 -10.882 -9.743 -9.349 -9.034 -8.552 -8.410 -8.309 -8.963 -9.538 -6.761 -4.519 -2.281 -2.097 -5.827 -10.344 -14.993 -17.021 -14.258 -9.656 -7.602 -2.341 0.655 1.421 2.045 1.635 0.612 -0.375 0.110 1.975 2.736 2.871 3.278 3.878
-2.946 -2.091 -2.683 -2.334 -1.949 -1.539 -1.768 -2.168 -1.722 -1.149 -1.674 -2.747 -3.016 -3.387 -4.025 -3.654 -3.522 -4.062 -4.853 -5.922 -6.543 -4.963 -3.356 -3.514 -4.166 -4.955 -6.258 -7.112 -7.420 -7.730 -8.118 -8.612 -8.999 -9.379 -9.781 -9.482 -8.723 -8.660 -8.624 -7.826 -7.299 -6.889 -6.426 -6.942 -8.406 -8.539 -5.966 -4.255 -2.512 -0.817 0.349 -1.749 -9.421 -15.763 -14.656 -4.300 1.864 2.727 3.273 3.873 4.432 4.688 4.661 3.556 1.509 2.511 4.643 5.235 5.322 5.495 5.851
0.070 0.360 0.118 0.040 -0.008 0.136 0.138 -0.290 -0.688 -0.116 -1.984 0.127 -0.464 -0.628 -2.279 -5.284 -4.661 -2.420 -2.456 -3.216 -3.736 -3.936 -2.121 -1.360 -1.886 -1.724 -2.359 -2.873 -4.157 -4.862 -5.566 -6.536 -7.077 -7.280 -7.321 -7.426 -7.430 -7.287 -6.962 -6.448 -5.787 -6.742 -6.883 -5.847 -5.087 -4.444 -3.517 -2.176 -0.565 0.562 1.381 1.889 -1.594 -5.279 -5.494 2.882 4.195 4.831 5.606 6.005 6.421 6.594 6.872 7.097 7.405 7.619 7.633 7.691 7.631 7.593 7.574
2.847 2.800 2.415 2.045 1.739 1.765 2.002 1.612 1.864 1.496 2.843 4.930 5.558 6.442 6.608 5.904 3.862 1.476 0.095 -1.371 -1.605 -1.859 -0.362 0.481 0.100 -0.445 -0.550 -0.399 -1.423 -2.283 -3.085 -3.847 -4.806 -5.046 -5.417 -5.909 -6.304 -6.375 -6.131 -5.606 -4.745 -4.846 -5.036 -4.646 -3.452 -3.170 -3.842 -1.558 0.291 1.825 2.947 3.509 4.005 4.294 4.161 4.981 5.611 6.117 6.781 7.265 7.712 8.068 8.526 8.773 8.938 9.099 9.167 9.148 9.017 8.708 8.432
4.547 4.641 4.625 4.406 4.259 4.296 4.513 4.450 4.417 4.992 5.595 6.295 6.719 6.831 7.234 7.531 7.786 7.656 6.743 2.919 0.743 0.006 0.610 1.923 2.403 2.123 1.682 1.366 0.650 -0.214 -0.868 -1.403 -1.969 -2.324 -2.647 -3.367 -4.433 -4.511 -4.677 -4.608 -3.708 -2.702 -3.272 -3.182 -2.332 -2.156 -2.272 -0.858 0.289 1.730 3.202 4.494 5.542 6.248 6.656 7.028 7.325 7.820 8.318 8.732 9.200 9.600 10.004 10.463 10.602 10.647 10.675 10.504 10.221 9.489 8.244
5.715 5.896 6.018 6.044 6.043 6.053 6.195 6.356 6.626 6.845 6.927 7.144 7.327 7.701 8.072 8.382 8.606 8.721 8.811 8.401 5.467 3.302 3.647 1.792 1.034 2.649 3.247 2.382 1.921 1.586 1.205 0.711 -0.425 -0.467 -0.882 -1.195 -1.397 -1.427 -1.266 -2.738 -2.285 -1.392 -1.946 -2.860 -2.872 -2.264 -1.276 0.375 1.213 1.635 2.374 4.305 6.100 7.450 8.342 8.839 9.038 9.236 9.522 9.905 10.347 10.741 11.137 11.475 11.709 11.812 11.724 11.341 10.183 10.052 9.481
6.381 6.623 6.750 6.939 7.053 7.157 7.186 7.243 7.212 7.436 7.605 7.835 8.054 8.334 8.642 8.955 9.205 9.520 9.514 9.650 9.271 5.184 3.317 3.973 2.485 0.903 3.970 4.526 3.738 3.400 2.539 2.206 2.305 1.653 0.791 0.451 0.122 0.272 0.819 0.479 0.208 0.110 -0.596 -0.971 -0.541 -0.088 0.689 1.768 2.327 3.104 3.036 4.421 5.921 7.650 9.300 10.498 11.085 11.288 11.405 11.696 11.998 12.204 12.466 12.669 12.850 12.958 12.843 12.435 11.744 11.383 10.385
7.106 7.427 7.586 7.765 7.889 7.971 8.066 8.156 8.193 8.335 8.525 8.750 8.957 9.252 9.467 9.714 9.927 10.167 10.429 10.600 10.713 10.210 9.849 6.655 6.609 5.467 4.656 6.406 6.235 5.835 5.163 4.668 4.006 3.856 3.096 2.093 1.979 1.761 1.761 1.770 1.696 1.481 1.326 1.809 3.077 3.439 3.879 4.028 4.147 4.793 5.178 5.183 5.947 7.613 9.797 11.705 12.853 13.230 13.308 13.467 13.599 13.659 13.765 13.867 13.962 14.025 14.018 13.880 13.501 13.056 12.200
8.178 8.567 8.731 8.911 9.075 9.200 9.291 9.403 9.506 9.646 9.844 10.020 10.109 10.226 10.341 10.525 10.700 10.856 11.201 11.610 11.904 11.805 11.696 9.563 10.556 7.726 4.963 5.106 7.208 8.503 7.763 7.446 6.705 5.895 5.558 5.003 5.000 5.039 4.427 4.335 4.196 4.393 4.549 4.170 5.277 5.955 6.109 6.000 6.149 6.301 6.292 6.450 7.167 8.871 11.152 13.128 14.135 14.525 14.759 14.829 14.923 14.939 14.871 14.849 14.859 14.936 14.990 14.962 14.793 14.546 13.995
10.065 10.373 10.523 10.674 10.842 10.923 10.984 11.081 11.206 11.288 11.384 11.574 11.655 11.721 11.772 11.821 11.956 12.018 12.315 12.585 12.676 12.464 11.655 8.597 8.447 8.305 5.775 4.288 4.980 7.244 8.896 9.634 9.126 7.887 7.582 7.976 7.880 7.844 8.211 7.997 7.816 7.914 7.451 7.404 7.173 7.450 7.694 8.237 9.008 9.586 9.938 9.975 10.565 12.190 14.002 15.230 15.661 15.825 16.036 16.058 16.041 15.963 15.887 15.825 15.902 15.996 15.996 15.924 15.131 13.691 13.924
12.547 12.545 12.631 12.787 12.894 12.935 12.896 12.936 12.999 13.064 13.152 13.236 13.268 13.254 13.226 13.306 13.361 13.500 13.591 13.748 13.597 12.916 11.874 9.522 9.796 8.237 9.235 5.981 6.035 5.261 9.765 10.443 10.683 10.504 10.189 10.440 10.507 10.453 10.499 10.654 9.609 10.221 10.413 10.097 9.993 11.062 12.383 13.478 14.145 14.525 14.649 14.531 14.766 15.585 16.339 16.877 17.086 17.122 17.250 17.218 17.064 16.832 16.809 16.739 16.988 17.116 17.142 16.916 15.367 13.463 12.589
15.261 14.903 14.966 14.970 14.947 14.939 14.897 14.890 14.890 14.900 14.941 14.962 14.938 14.861 14.841 14.906 14.962 15.061 15.095 15.054 14.733 13.816 13.792 13.719 9.635 9.404 9.028 7.936 7.591 3.804 10.219 12.583 13.012 12.931 13.095 12.920 13.257 12.990 12.794 12.134 12.384 14.122 13.499 14.112 15.482 16.463 17.225 17.871 18.148 18.141 18.148 18.060 17.997 18.162 18.325 18.453 18.551 18.532 18.492 18.236 17.811 17.595 17.718 18.022 18.257 18.352 18.335 18.018 17.638 16.650 14.875
17.440 16.975 16.987 16.932 16.872 16.805 16.739 16.688 16.687 16.674 16.658 16.584 16.468 16.373 16.337 16.343 16.372 16.397 16.355 16.245 15.998 15.156 14.036 15.699 14.099 16.580 14.355 11.282 10.243 8.045 11.887 14.513 14.952 15.268 14.253 14.825 15.093 14.272 13.354 13.915 15.892 16.189 17.165 18.113 18.926 19.553 19.706 19.827 19.862 19.844 19.846 19.820 19.797 19.780 19.793 19.807 19.780 19.716 19.618 19.366 18.951 18.708 18.719 19.046 19.224 19.349 19.262 18.952 18.684 18.251 16.992
19.288 18.832 18.768 18.776 18.636 18.547 18.477 18.367 18.368 18.292 18.217 18.130 17.901 17.792 17.751 17.688 17.643 17.625 17.522 17.334 17.009 16.301 15.356 15.170 16.645 18.946 20.941 16.195 11.801 13.580 14.689 16.406 17.562 17.104 16.897 17.071 16.485 16.315 16.731 17.663 18.358 19.488 20.180 20.333 20.512 21.176 21.288 21.285 21.314 21.319 21.295 21.255 21.239 21.213 21.144 20.986 20.894 20.800 20.614 20.415 20.224 20.129 20.132 20.257 20.259 20.191 20.056 19.758 19.349 17.783 16.589
21.021 20.662 20.512 20.416 20.242 20.113 20.073 20.010 19.938 19.851 19.748 19.662 19.462 19.285 19.194 19.025 18.886 18.777 18.589 18.359 17.996 17.426 16.776 16.506 16.713 18.710 22.821 19.856 16.629 17.214 17.188 18.246 18.629 18.616 18.779 18.327 18.740 18.491 18.529 19.661 21.402 22.130 22.008 21.706 21.766 22.532 22.631 22.715 22.748 22.710 22.624 22.536 22.400 22.342 22.205 22.030 21.881 21.744 21.571 21.420 21.359 21.226 21.190 21.033 20.984 20.924 20.665 20.123 18.877 17.144 20.211
22.652 22.390 22.128 21.895 21.699 21.565 21.465 21.345 21.225 21.132 21.048 20.959 20.795 20.649 20.510 20.277 20.060 19.861 19.595 19.288 18.836 18.327 17.786 17.629 17.714 18.212 21.949 22.446 16.574 16.216 18.618 19.981 21.003 20.398 21.087 21.095 21.626 21.352 20.883 21.087 23.061 23.630 23.448 23.344 22.793 23.729 24.035 24.019 23.990 23.886 23.668 23.451 23.402 23.294 23.126 22.940 22.788 22.661 22.493 22.318 22.206 22.054 21.963 21.914 21.826 21.478 21.307 21.503 22.016 23.204 23.290
24.036 23.784 23.526 23.270 23.091 22.935 22.767 22.616 22.520 22.451 22.364 22.230 22.098 21.912 21.675 21.407 21.159 20.896 20.560 20.117 19.621 19.086 18.683 18.538 18.677 18.900 21.101 23.160 20.881 15.664 20.002 20.738 22.847 22.987 23.609 23.916 24.249 24.216 23.653 22.754 24.339 24.815 24.683 24.778 23.795 24.269 25.106 25.137 25.081 24.916 24.650 24.308 24.287 24.222 24.110 24.001 23.835 23.661 23.458 23.241 23.141 22.969 22.705 22.697 22.328 21.815 22.684 22.994 23.127 23.876 23.819
25.023 24.822 24.636 24.487 24.310 24.142 23.969 23.835 23.820 23.819 23.583 23.282 23.051 22.825 22.602 22.327 22.060 21.764 21.367 20.945 20.413 19.882 19.523 19.464 19.640 20.062 20.965 23.214 23.904 19.818 17.112 17.932 21.983 24.156 25.066 25.372 25.639 25.747 25.343 24.942 25.332 25.662 25.771 25.832 25.231 24.864 25.986 26.182 26.083 25.840 25.629 25.356 25.177 25.080 25.082 24.967 24.789 24.580 24.270 23.968 23.761 23.375 22.964 22.689 21.819 22.475 24.255 24.778 25.143 25.466 25.274
25.809 25.558 25.408 25.305 25.172 25.059 24.988 24.909 24.938 24.699 24.478 24.074 23.790 23.601 23.399 23.213 22.946 22.649 22.302 21.899 21.481 21.096 20.877 20.915 21.162 21.674 22.365 23.376 24.405 24.024 19.222 17.798 20.684 24.530 25.708 26.079 25.914 26.255 26.135 25.896 25.874 25.832 26.500 26.524 25.988 25.708 26.633 26.883 26.849 26.539 26.359 26.193 25.966 25.627 25.482 25.499 25.357 25.062 24.686 24.296 23.978 23.520 23.122 22.572 21.622 24.370 26.020 25.817 25.889 26.035 26.312
26.238 25.989 25.893 25.838 25.759 25.643 25.555 25.494 25.484 24.886 24.829 24.643 24.394 24.228 24.116 23.952 23.726 23.529 23.265 22.983 22.738 22.526 22.503 22.589 22.791 23.413 23.991 24.757 25.343 25.667 23.227 21.341 19.160 23.031 25.940 26.206 25.213 26.709 26.939 27.051 27.208 26.950 27.277 25.218 26.104 26.396 27.261 27.326 27.226 27.119 26.794 26.574 26.377 26.068 25.874 25.783 25.648 25.277 24.861 24.467 24.120 23.630 23.231 22.872 22.373 25.294 28.525 27.259 26.908 26.377 26.629
26.448 26.296 26.214 26.120 26.020 25.901 25.787 25.680 25.587 25.466 25.303 25.091 24.958 24.827 24.749 24.596 24.436 24.341 24.214 24.123 24.102 24.145 24.249 24.465 24.738 25.108 25.462 25.866 26.211 26.614 27.313 27.250 25.567 23.721 24.888 22.573 24.838 25.703 26.882 27.412 27.659 27.749 27.619 26.837 26.877 27.611 27.823 27.434 27.329 27.242 26.965 26.805 26.453 26.224 25.983 25.720 25.595 25.334 24.987 24.677 24.440 24.111 23.868 23.841 23.861 26.930 28.938 28.743 28.002 26.833 26.886
26.687 26.541 26.471 26.389 26.307 26.197 26.083 25.976 25.832 25.760 25.693 25.602 25.520 25.442 25.389 25.241 25.175 25.146 25.113 25.135 25.165 25.274 25.456 25.655 25.890 26.069 26.269 26.501 26.808 27.107 27.567 27.811 27.782 27.412 27.372 25.454 24.929 24.267 26.404 27.617 27.771 27.599 27.114 27.179 27.969 28.241 28.053 27.585 27.327 27.259 27.133 27.014 26.730 26.366 26.165 25.810 25.729 25.622 25.386 25.171 25.055 24.989 24.907 24.912 24.996 27.105 28.415 28.221 27.690 27.673 27.612
26.988 26.763 26.695 26.610 26.521 26.464 26.410 26.369 26.288 26.130 26.060 26.023 25.921 25.883 25.860 25.723 25.719 25.719 25.665 25.713 25.777 25.827 25.987 26.100 26.234 26.362 26.525 26.611 26.865 27.124 27.297 27.412 27.422 27.461 27.666 27.657 27.509 26.741 26.240 27.702 27.605 26.727 26.130 27.811 26.829 27.319 27.590 27.587 27.524 27.401 27.261 27.114 26.897 26.550 26.348 26.014 25.947 25.885 25.743 25.644 25.552 25.562 25.557 25.550 25.886 26.625 26.068 26.361 26.723 27.007 27.378
