data-raw/tempfiles/03_grid_data_3000BP.asc
ncols 144
nrows 72
xllcorner -180
yllcorner -90
cellsize 2.5
nodata_value -9999
[rows 32 to 63 of 72, columns 0 to 70 of 144]
27.229 26.945 26.920 26.884 26.818 26.745 26.736 26.672 26.633 26.523 26.450 26.390 26.336 26.268 26.209 26.154 26.142 26.099 26.053 26.038 26.068 26.077 26.095 26.170 26.257 26.316 26.389 26.457 26.586 26.712 26.749 26.816 26.927 27.068 27.202 27.172 27.133 27.141 25.971 26.168 26.336 25.901 26.002 24.460 26.879 27.682 27.347 26.717 27.042 27.234 27.226 27.160 27.072 26.853 26.723 26.490 26.374 26.142 26.132 26.095 26.086 26.126 26.153 26.163 26.477 27.012 27.151 25.768 24.902 25.905 26.658
27.378 27.150 27.083 27.039 26.977 26.913 26.867 26.861 26.900 26.818 26.672 26.582 26.517 26.424 26.366 26.321 26.314 26.256 26.182 26.124 26.136 26.111 26.053 26.059 26.078 26.092 26.105 26.129 26.173 26.181 26.209 26.293 26.420 26.536 26.576 26.600 26.702 26.837 26.939 26.850 25.986 22.855 21.506 24.803 26.501 23.317 24.436 24.206 25.530 26.875 26.975 27.076 27.072 26.963 26.891 26.765 26.655 26.434 26.362 26.415 26.491 26.520 26.489 26.460 26.663 27.056 27.605 26.746 25.628 25.812 26.227
27.349 27.268 27.205 27.214 27.127 27.047 27.073 27.118 27.198 27.157 26.881 26.663 26.641 26.543 26.385 26.441 26.379 26.225 26.224 26.136 25.974 25.954 25.871 25.758 25.740 25.651 25.587 25.625 25.580 25.564 25.585 25.636 25.756 25.892 25.980 26.066 26.193 26.184 26.198 26.187 25.802 22.607 23.546 26.191 25.614 23.359 23.399 25.739 25.825 26.206 26.340 26.481 27.033 26.964 27.043 26.989 26.776 26.558 26.451 26.575 26.708 26.658 26.529 26.362 26.384 26.521 26.863 26.937 26.742 26.606 26.784
27.355 27.373 27.312 27.245 27.134 27.009 26.952 27.039 27.130 27.001 26.691 26.462 26.307 26.232 26.147 26.132 26.067 25.880 25.777 25.722 25.556 25.405 25.276 25.143 24.993 24.894 24.764 24.737 24.717 24.629 24.583 24.603 24.635 24.593 24.636 24.764 24.943 24.978 25.184 25.340 22.986 22.470 25.386 25.795 25.838 25.245 25.321 26.119 25.603 26.271 26.550 26.302 27.006 27.109 27.221 27.102 26.945 26.747 26.619 26.667 26.649 26.524 26.327 26.110 25.954 25.946 26.144 26.298 26.433 26.437 26.472
27.555 27.497 27.491 27.441 27.308 27.162 27.066 27.077 27.082 26.958 26.751 26.579 26.429 26.332 26.303 26.248 26.118 25.986 25.884 25.778 25.676 25.512 25.308 25.105 24.928 24.771 24.635 24.570 24.526 24.454 24.352 24.228 24.145 23.995 23.922 23.863 24.054 23.910 23.939 24.134 19.589 25.476 26.234 26.363 26.295 26.006 25.674 26.202 26.188 26.681 27.250 27.705 27.488 27.138 27.273 27.287 27.124 26.940 26.732 26.687 26.610 26.455 26.245 25.989 25.768 25.690 25.679 25.736 25.870 25.938 25.890
27.840 27.687 27.788 27.727 27.559 27.444 27.335 27.304 27.282 27.094 26.944 26.856 26.708 26.662 26.705 26.529 26.383 26.324 26.195 26.102 26.062 25.875 25.748 25.625 25.379 25.250 25.145 24.916 24.819 24.819 24.644 24.541 24.451 24.215 24.097 23.970 23.885 23.624 23.184 23.660 21.775 25.696 26.404 26.593 26.274 25.345 26.130 26.663 27.312 26.724 26.638 27.224 27.475 26.829 28.449 28.418 27.692 27.379 26.935 26.790 26.729 26.536 26.310 26.054 25.853 25.766 25.678 25.623 25.635 25.682 25.618
28.015 27.793 28.006 28.045 27.807 27.640 27.625 27.565 27.484 27.336 27.214 27.138 27.087 27.027 26.956 26.775 26.639 26.516 26.449 26.362 26.253 26.153 26.007 25.898 25.772 25.594 25.440 25.249 25.111 24.981 24.809 24.635 24.512 24.346 24.137 23.920 23.766 23.569 23.111 23.311 20.569 24.267 26.131 26.893 26.801 25.855 26.581 26.522 27.008 26.210 25.723 26.307 27.338 27.568 28.198 28.465 28.573 27.094 26.885 26.864 26.753 26.533 26.283 26.036 25.820 25.700 25.521 25.239 25.076 25.059 25.022
28.097 27.899 28.182 28.265 28.013 27.864 27.852 27.828 27.685 27.437 27.280 27.221 27.223 27.217 27.098 26.900 26.749 26.647 26.586 26.473 26.342 26.178 26.002 25.854 25.726 25.569 25.423 25.256 25.031 24.809 24.600 24.389 24.169 23.924 23.622 23.342 23.204 23.128 22.777 22.068 19.440 19.716 25.563 25.392 26.166 26.287 26.541 26.489 26.367 25.944 25.819 26.405 27.651 27.553 28.196 28.082 27.444 25.477 26.746 26.728 26.595 26.363 26.037 25.743 25.473 25.242 24.960 24.539 24.138 24.092 24.115
27.900 27.679 27.915 28.070 27.919 27.863 27.832 27.739 27.583 27.367 27.246 27.241 27.316 27.318 27.174 27.011 26.844 26.675 26.601 26.440 26.261 26.097 25.908 25.707 25.597 25.424 25.245 25.106 24.828 24.564 24.329 24.004 23.638 23.338 22.980 22.685 22.460 22.309 22.094 21.852 20.983 14.615 21.346 24.818 25.576 26.403 26.083 26.218 25.941 26.282 26.446 27.036 27.381 26.039 27.165 25.815 25.859 26.577 26.633 26.360 26.128 25.884 25.535 25.198 24.838 24.533 24.233 23.834 23.485 23.169 23.059
27.447 27.261 27.397 27.413 27.414 27.391 27.383 27.331 27.213 27.087 27.095 27.175 27.249 27.252 27.125 26.971 26.803 26.554 26.334 26.186 26.043 25.848 25.675 25.501 25.305 25.106 24.888 24.666 24.454 24.190 23.878 23.562 23.163 22.786 22.363 21.815 21.428 21.307 21.377 21.267 20.869 18.525 11.955 12.579 21.698 25.890 25.681 25.525 25.195 26.218 26.341 27.086 26.264 25.342 26.194 24.659 25.765 26.505 26.269 25.881 25.557 25.277 24.896 24.513 24.154 23.965 23.726 23.340 22.901 22.540 22.305
26.782 26.687 26.759 26.673 26.587 26.627 26.720 26.779 26.721 26.682 26.755 26.853 26.889 26.864 26.782 26.676 26.494 26.189 25.964 25.807 25.689 25.504 25.324 25.121 24.958 24.763 24.539 24.297 24.018 23.767 23.506 23.148 22.624 22.109 21.801 21.192 21.000 20.847 20.626 20.469 20.257 20.450 18.146 11.611 11.251 20.593 24.691 24.806 25.745 26.628 25.856 25.979 24.714 24.991 25.194 24.727 25.873 26.225 25.964 25.555 25.220 24.864 24.430 23.996 23.613 23.558 23.395 22.985 22.628 22.218 21.891
25.755 25.653 25.690 25.618 25.516 25.588 25.778 25.881 25.874 25.857 25.868 25.864 25.885 25.951 25.955 25.995 25.897 25.600 25.340 25.171 25.075 24.947 24.779 24.641 24.490 24.304 24.117 23.882 23.625 23.394 22.862 22.359 21.798 21.837 21.711 21.336 20.848 20.632 20.232 20.029 19.790 19.775 19.849 19.406 10.044 12.104 21.171 24.928 25.563 26.047 25.123 24.793 24.496 23.429 23.653 25.154 25.858 25.782 25.534 25.226 24.924 24.592 24.160 23.708 23.301 23.259 23.196 22.748 22.450 22.122 21.803
24.494 24.330 24.276 24.221 24.211 24.327 24.455 24.511 24.547 24.558 24.562 24.539 24.620 24.745 24.852 24.954 24.934 24.679 24.403 24.272 24.211 24.173 24.065 23.935 23.797 23.661 23.522 23.352 23.143 22.878 22.166 21.729 21.579 21.662 21.442 21.125 20.745 20.428 20.007 19.569 19.249 19.100 18.769 19.193 12.113 8.543 20.447 24.841 25.137 23.918 24.432 24.619 23.632 21.805 21.916 24.595 25.339 25.219 24.885 24.658 24.423 24.131 23.809 23.462 23.022 22.936 22.828 22.517 22.259 21.986 21.602
23.058 22.937 22.873 22.846 22.854 22.899 22.945 22.948 23.007 23.075 23.067 23.109 23.238 23.362 23.442 23.544 23.521 23.374 23.234 23.139 23.112 23.113 23.063 22.967 22.835 22.766 22.703 22.698 22.544 22.023 21.565 21.335 21.348 21.255 21.025 20.727 20.438 20.179 19.763 19.305 18.899 18.571 18.139 18.762 11.484 7.743 22.113 24.313 23.785 22.777 22.738 21.770 21.468 22.562 23.912 24.506 24.437 24.206 23.906 23.746 23.658 23.470 23.232 23.006 22.714 22.510 22.417 22.133 21.896 21.679 21.309
21.535 21.482 21.457 21.472 21.467 21.451 21.460 21.429 21.441 21.501 21.566 21.623 21.730 21.814 21.865 21.949 21.933 21.860 21.863 21.839 21.838 21.860 21.842 21.790 21.756 21.712 21.844 21.894 21.563 20.918 21.154 20.908 20.813 20.590 20.390 20.107 19.901 19.638 19.296 18.767 18.473 18.008 17.545 18.185 6.138 11.469 22.300 23.132 22.782 21.894 20.656 19.098 21.451 22.738 23.257 23.255 23.012 22.795 22.631 22.559 22.547 22.458 22.278 22.134 21.976 21.753 21.628 21.438 21.186 20.971 20.686
20.118 20.125 20.131 20.111 20.034 20.022 19.995 19.965 19.976 19.987 20.034 20.073 20.143 20.190 20.231 20.301 20.291 20.315 20.343 20.340 20.379 20.385 20.374 20.399 20.427 20.474 20.811 20.769 20.155 20.038 20.072 19.974 19.807 19.550 19.464 19.230 19.089 18.830 18.473 18.022 17.841 17.413 16.951 16.231 8.483 18.675 21.693 21.483 21.137 21.087 19.750 18.986 20.932 21.929 21.974 21.702 21.494 21.376 21.260 21.232 21.185 21.137 21.025 20.905 20.815 20.678 20.521 20.366 20.273 20.171 19.914
18.868 18.870 18.842 18.752 18.658 18.580 18.506 18.479 18.487 18.507 18.509 18.520 18.562 18.613 18.637 18.671 18.681 18.722 18.796 18.809 18.806 18.800 18.788 18.786 18.826 19.068 19.497 19.217 18.912 18.897 18.774 18.655 18.579 18.428 18.347 18.153 18.043 17.855 17.616 17.364 17.146 16.695 16.170 13.460 13.297 19.907 19.330 19.616 19.507 19.206 19.095 20.162 20.437 20.650 20.427 20.113 19.922 19.802 19.744 19.761 19.696 19.615 19.542 19.487 19.409 19.314 19.263 19.114 18.855 18.566 18.639
17.479 17.537 17.476 17.357 17.216 17.122 17.059 16.993 16.953 16.978 16.964 16.933 16.934 16.965 16.975 17.047 17.059 17.102 17.145 17.119 17.058 17.063 16.999 16.983 17.147 17.412 17.655 17.294 16.873 17.021 17.106 17.084 17.130 17.007 16.971 16.909 16.829 16.729 16.608 16.421 16.197 15.811 15.278 12.972 13.037 17.897 18.268 17.919 17.983 17.811 18.251 18.579 19.067 18.995 18.767 18.548 18.343 18.191 18.052 17.962 17.898 17.792 17.684 17.681 17.609 17.509 17.568 17.419 17.273 16.994 16.829
16.122 16.156 16.055 15.961 15.820 15.714 15.618 15.550 15.515 15.501 15.465 15.444 15.381 15.393 15.437 15.503 15.524 15.536 15.549 15.527 15.474 15.402 15.300 15.453 15.274 15.552 15.417 15.286 15.167 14.891 15.164 15.380 15.417 15.484 15.370 15.418 15.518 15.498 15.365 15.206 15.109 14.664 14.293 11.850 13.960 17.485 16.615 15.744 16.425 16.448 16.706 17.191 17.605 17.390 17.131 16.961 16.786 16.543 16.352 16.156 15.990 15.854 15.764 15.700 15.661 15.588 15.526 15.373 15.226 15.094 14.978
14.905 14.974 14.772 14.646 14.471 14.359 14.262 14.195 14.157 14.113 14.088 14.045 13.993 13.949 13.930 13.974 14.026 14.053 14.074 14.059 13.979 13.883 13.875 13.857 13.464 13.455 13.507 13.440 13.354 12.933 13.473 13.692 13.734 13.793 13.805 13.913 14.011 14.117 14.143 14.067 13.972 13.775 13.080 10.487 15.499 16.799 16.111 15.361 14.833 14.176 14.756 15.674 15.823 15.529 15.277 15.140 14.965 14.751 14.566 14.368 14.136 13.982 13.854 13.758 13.654 13.558 13.480 13.353 13.160 12.925 12.714
13.447 13.519 13.361 13.228 13.063 12.927 12.836 12.751 12.708 12.661 12.608 12.573 12.514 12.470 12.426 12.412 12.448 12.483 12.473 12.471 12.392 12.283 12.192 11.987 11.943 11.817 11.985 11.694 11.748 11.645 12.029 12.101 12.099 12.111 12.116 12.265 12.349 12.508 12.676 12.707 12.653 12.599 11.768 9.399 11.658 14.652 15.412 14.166 12.650 12.186 12.853 13.794 13.725 13.309 13.037 12.838 12.666 12.514 12.409 12.304 12.183 12.057 11.980 11.809 11.661 11.507 11.461 11.401 11.124 10.764 10.528
11.822 12.028 12.028 11.936 11.800 11.629 11.534 11.443 11.381 11.334 11.289 11.196 11.119 11.053 11.010 10.955 10.932 10.922 10.896 10.888 10.832 10.773 10.715 10.470 10.393 10.366 10.210 10.153 10.266 10.475 10.626 10.650 10.559 10.482 10.510 10.608 10.749 10.926 11.136 11.210 11.319 11.385 10.146 8.144 11.990 14.089 13.092 11.772 10.772 10.733 11.444 11.863 11.644 11.177 10.849 10.634 10.431 10.221 10.090 9.964 9.871 9.839 9.826 9.784 9.652 9.398 9.258 9.191 9.055 8.829 8.827
10.176 10.510 10.678 10.695 10.610 10.476 10.378 10.266 10.170 10.078 9.991 9.886 9.798 9.719 9.645 9.567 9.533 9.490 9.450 9.421 9.419 9.377 9.337 9.101 9.170 8.920 8.763 8.910 9.146 9.226 9.172 9.094 9.006 9.022 9.096 9.120 9.213 9.378 9.524 9.646 9.819 9.822 6.650 6.743 11.103 11.945 11.023 10.054 9.261 9.190 9.620 9.803 9.631 9.257 9.028 8.849 8.561 8.236 7.954 7.694 7.536 7.504 7.540 7.613 7.566 7.300 7.033 6.869 6.768 6.760 6.824
9.020 9.297 9.524 9.562 9.485 9.412 9.323 9.244 9.131 9.016 8.924 8.828 8.706 8.591 8.469 8.394 8.367 8.320 8.272 8.247 8.192 8.086 8.029 7.657 7.585 7.524 7.633 7.892 7.862 7.828 7.737 7.692 7.681 7.692 7.774 7.787 7.788 7.922 8.123 8.309 8.455 8.161 3.595 6.080 10.018 10.473 9.407 8.712 8.025 7.729 7.665 7.479 7.314 7.054 6.817 6.645 6.334 6.022 5.764 5.536 5.337 5.322 5.374 5.515 5.574 5.459 5.189 4.924 4.711 4.653 4.766
7.903 8.061 8.192 8.176 8.096 8.067 8.019 7.967 7.907 7.815 7.696 7.576 7.462 7.352 7.294 7.245 7.188 7.141 7.117 7.091 7.035 6.675 6.435 6.445 6.226 6.082 6.488 6.623 6.558 6.550 6.477 6.481 6.525 6.508 6.490 6.538 6.609 6.717 6.871 7.002 7.117 7.238 4.751 6.492 8.159 7.925 7.579 7.274 6.993 6.268 5.694 5.316 5.028 4.674 4.286 4.001 3.772 3.620 3.464 3.334 3.283 3.328 3.452 3.647 3.695 3.665 3.475 3.193 2.901 2.798 2.766
6.754 6.789 6.814 6.758 6.634 6.553 6.503 6.416 6.337 6.207 6.024 5.844 5.675 5.623 5.662 5.675 5.664 5.638 5.610 5.627 5.536 5.417 5.440 5.232 5.112 5.266 5.395 5.423 5.439 5.451 5.445 5.423 5.298 5.313 5.338 5.377 5.442 5.494 5.556 5.524 5.730 6.053 5.672 5.045 5.426 6.060 5.948 5.716 5.549 4.983 4.348 3.887 3.420 2.951 2.494 2.201 2.029 1.837 1.791 1.559 1.471 1.550 1.708 1.891 1.972 1.996 1.872 1.696 1.388 1.204 1.062
5.497 5.343 5.249 5.106 4.971 4.818 4.701 4.547 4.321 4.119 3.842 3.539 3.291 3.223 3.320 3.482 3.603 3.629 3.546 3.488 3.509 3.598 3.749 3.861 3.881 3.954 4.013 4.069 4.109 4.125 4.129 4.103 4.037 3.989 4.009 4.019 4.031 4.064 4.078 4.134 4.325 4.622 4.743 4.795 4.714 4.520 3.944 3.475 3.175 2.825 2.385 1.979 1.519 1.124 0.794 0.622 0.580 0.490 0.277 -0.046 -0.292 -0.344 -0.046 0.190 0.230 0.169 0.040 -0.156 -0.388 -0.608 -0.824
3.761 3.360 3.297 3.194 3.019 2.866 2.716 2.436 2.185 1.868 1.546 1.265 0.988 0.889 0.957 1.076 1.133 1.103 1.141 1.215 1.427 1.617 1.906 2.061 2.128 2.219 2.315 2.439 2.434 2.439 2.453 2.461 2.435 2.470 2.495 2.497 2.540 2.619 2.700 2.773 2.888 2.881 2.961 2.979 2.730 2.397 1.709 1.269 0.837 0.428 -0.056 -0.524 -1.020 -1.297 -1.606 -1.754 -1.823 -1.954 -2.127 -2.282 -2.464 -2.447 -1.978 -1.819 -1.952 -2.177 -2.412 -2.560 -2.622 -2.651 -2.610
1.848 1.356 1.230 1.052 0.853 0.668 0.438 0.134 -0.115 -0.301 -0.816 -1.024 -1.391 -1.586 -1.684 -1.779 -1.500 -1.081 -0.852 -0.718 -0.544 -0.326 0.011 0.257 0.395 0.559 0.636 0.667 0.594 0.618 0.629 0.625 0.664 0.708 0.695 0.746 0.822 0.941 1.061 1.110 1.146 0.944 0.821 0.635 0.225 -0.182 -0.515 -0.890 -1.498 -2.120 -2.847 -3.563 -4.367 -4.893 -5.004 -4.387 -4.335 -4.278 -4.247 -4.274 -4.333 -4.242 -4.049 -4.016 -4.085 -4.234 -4.280 -4.261 -4.244 -4.142 -3.997
-0.975 -1.388 -1.642 -1.785 -2.066 -2.350 -2.655 -3.016 -3.137 -3.252 -3.488 -3.718 -3.926 -3.974 -3.902 -3.706 -3.490 -3.328 -3.123 -2.957 -2.783 -2.366 -1.951 -1.745 -1.573 -1.455 -1.416 -1.408 -1.377 -1.339 -1.292 -1.216 -1.154 -1.140 -1.182 -1.164 -1.074 -1.027 -1.008 -1.028 -1.110 -1.272 -1.362 -1.687 -1.963 -2.333 -3.190 -5.167 -5.585 -5.153 -5.488 -6.300 -7.174 -7.798 -7.558 -6.462 -5.856 -5.765 -5.655 -5.590 -5.627 -5.612 -5.589 -5.810 -6.029 -5.968 -5.741 -5.662 -5.602 -5.485 -5.210
-5.007 -5.004 -5.149 -5.245 -5.422 -5.586 -5.724 -5.886 -5.971 -5.984 -6.115 -6.182 -6.115 -6.003 -5.883 -5.829 -5.829 -5.666 -5.402 -5.242 -5.119 -5.012 -4.960 -4.871 -4.657 -4.413 -4.302 -4.258 -4.180 -3.972 -3.741 -3.579 -3.458 -3.456 -3.522 -3.580 -3.612 -3.613 -3.686 -3.682 -3.783 -3.822 -3.763 -3.857 -4.333 -7.627 -8.894 -8.375 -6.680 -7.321 -7.895 -8.465 -8.863 -9.231 -9.239 -8.798 -8.196 -7.940 -7.393 -7.114 -7.125 -7.093 -7.109 -7.398 -7.573 -7.681 -7.403 -7.279 -7.207 -6.994 -6.756
-8.759 -8.233 -8.165 -8.112 -8.135 -8.093 -8.125 -8.220 -8.241 -8.261 -8.301 -8.273 -8.187 -8.116 -7.997 -7.882 -7.720 -7.552 -7.451 -7.488 -7.561 -7.623 -7.607 -7.507 -7.248 -7.021 -6.978 -7.025 -6.913 -6.690 -6.458 -6.243 -6.068 -6.055 -6.096 -6.234 -6.291 -6.382 -6.440 -6.300 -6.174 -6.272 -6.391 -7.354 -7.810 -11.394 -12.182 -10.689 -9.132 -9.248 -9.521 -9.814 -10.317 -10.769 -10.898 -10.961 -10.912 -10.664 -10.047 -9.759 -9.595 -9.357 -9.140 -9.095 -9.068 -9.175 -9.213 -9.218 -9.153 -9.172 -8.956
