data-raw/tempfiles/04_grid_data_4000BP.asc
ncols 144
nrows 72
xllcorner -180
yllcorner -90
cellsize 2.5
nodata_value -9999
[rows 0 to 31 of 72, columns 71 to 141 of 144]
-17.118 -17.193 -17.223 -17.303 -17.287 -17.329 -17.154 -17.062 -17.032 -17.141 -17.104 -17.142 -17.141 -17.098 -17.042 -17.086 -17.069 -17.082 -17.127 -17.149 -17.153 -17.206 -17.235 -17.289 -17.344 -17.338 -17.273 -17.303 -17.335 -17.379 -17.444 -17.431 -17.458 -17.498 -17.535 -17.559 -17.583 -17.571 -17.584 -17.495 -17.547 -17.603 -17.645 -17.647 -17.645 -17.646 -17.632 -17.597 -17.603 -17.603 -17.596 -17.588 -17.531 -17.502 -17.547 -17.514 -17.485 -17.540 -17.557 -17.560 -17.554 -17.531 -17.502 -17.501 -17.503 -17.486 -17.464 -17.436 -17.425 -17.412 -17.381
-16.277 -16.265 -16.222 -16.126 -16.043 -16.042 -16.028 -15.987 -16.013 -16.034 -16.015 -16.024 -16.007 -16.033 -16.055 -16.104 -16.142 -16.166 -16.200 -16.256 -16.283 -16.338 -16.422 -16.477 -16.526 -16.526 -16.516 -16.542 -16.565 -16.588 -16.618 -16.628 -16.650 -16.682 -16.722 -16.726 -16.741 -16.764 -16.788 -16.838 -16.892 -16.934 -16.964 -16.989 -17.015 -17.050 -17.049 -17.040 -17.069 -17.087 -17.095 -17.078 -17.095 -17.081 -17.063 -17.075 -17.057 -17.057 -17.041 -17.012 -16.994 -16.935 -16.881 -16.847 -16.844 -16.812 -16.789 -16.797 -16.797 -16.804 -16.804
-15.104 -15.032 -14.846 -14.732 -14.700 -14.636 -14.552 -14.528 -14.556 -14.638 -14.694 -14.729 -14.810 -14.936 -15.075 -15.226 -15.373 -15.486 -15.626 -15.759 -15.867 -15.947 -16.006 -16.039 -16.078 -16.095 -16.144 -16.190 -16.228 -16.267 -16.313 -16.347 -16.364 -16.368 -16.377 -16.377 -16.384 -16.404 -16.420 -16.442 -16.418 -16.415 -16.429 -16.447 -16.484 -16.529 -16.558 -16.592 -16.629 -16.679 -16.725 -16.763 -16.831 -16.823 -16.803 -16.797 -16.777 -16.739 -16.703 -16.665 -16.620 -16.548 -16.498 -16.425 -16.362 -16.266 -16.187 -16.092 -15.883 -15.840 -15.838
-12.487 -12.002 -11.512 -11.207 -11.189 -11.183 -11.358 -11.533 -12.008 -12.449 -12.955 -13.115 -13.359 -13.719 -14.042 -14.292 -14.539 -14.657 -14.731 -14.809 -14.890 -14.963 -14.996 -14.985 -14.994 -15.141 -15.326 -15.482 -15.631 -15.775 -15.830 -15.909 -15.947 -15.967 -16.012 -16.018 -16.200 -16.557 -18.006 -17.460 -16.144 -15.711 -15.740 -15.879 -15.960 -16.000 -16.048 -16.063 -16.101 -16.180 -16.252 -16.278 -16.359 -16.348 -16.321 -16.349 -16.328 -16.306 -16.280 -16.196 -16.087 -15.980 -15.858 -15.670 -15.451 -15.224 -15.120 -15.164 -15.280 -15.389 -15.445
-8.593 -7.522 -6.718 -6.355 -6.765 -8.340 -10.621 -12.484 -12.629 -11.938 -12.179 -12.023 -12.084 -12.358 -12.666 -12.886 -13.114 -13.220 -13.178 -13.106 -13.034 -12.970 -12.883 -12.777 -12.721 -12.729 -12.858 -13.007 -13.272 -13.530 -13.810 -14.133 -14.400 -14.667 -14.934 -15.168 -15.356 -15.649 -16.611 -17.364 -16.742 -17.437 -17.144 -15.662 -15.500 -15.765 -15.838 -15.857 -15.936 -16.006 -16.078 -16.119 -16.080 -16.082 -16.088 -16.114 -16.166 -16.201 -16.188 -16.159 -16.048 -15.947 -15.826 -15.633 -15.356 -15.035 -14.695 -14.564 -14.723 -14.788 -14.802
-6.117 -5.466 -5.022 -4.826 -4.869 -5.206 -5.891 -7.251 -8.166 -8.538 -8.653 -8.697 -8.689 -8.821 -9.139 -9.446 -9.636 -9.651 -9.548 -9.509 -9.595 -9.704 -9.693 -9.994 -10.597 -10.775 -10.976 -11.145 -11.085 -11.235 -11.681 -12.201 -12.655 -13.112 -13.447 -13.737 -14.153 -14.543 -15.164 -15.504 -15.827 -16.799 -17.498 -17.174 -17.528 -17.497 -15.986 -15.579 -15.756 -15.846 -15.823 -15.778 -15.780 -15.694 -15.592 -15.712 -16.612 -16.481 -16.247 -15.650 -15.613 -15.592 -15.405 -15.162 -14.781 -14.284 -13.557 -13.355 -13.457 -13.480 -13.373
-4.582 -4.048 -3.622 -3.409 -3.264 -3.261 -3.346 -3.410 -3.576 -3.643 -3.812 -3.806 -3.757 -3.922 -4.269 -4.767 -5.202 -5.431 -5.588 -5.906 -6.471 -7.350 -8.991 -10.575 -10.016 -9.691 -9.522 -9.591 -9.814 -10.208 -10.296 -10.731 -11.293 -12.491 -13.272 -13.584 -14.346 -14.834 -15.287 -15.460 -15.405 -15.272 -15.223 -15.304 -15.576 -15.767 -15.571 -15.823 -15.741 -15.448 -15.377 -15.498 -15.121 -14.853 -14.908 -14.900 -15.011 -15.211 -14.950 -14.625 -14.620 -14.568 -14.480 -14.369 -14.226 -14.039 -13.697 -13.206 -12.797 -12.531 -12.342
-1.313 -0.666 -0.226 0.106 0.418 0.606 0.776 1.016 1.017 0.634 -0.092 -0.962 -1.482 -0.704 -0.753 -1.275 -1.757 -2.429 -3.291 -4.218 -5.245 -6.694 -8.730 -9.039 -8.895 -8.791 -8.791 -8.913 -10.354 -10.480 -9.526 -10.573 -11.507 -11.770 -11.912 -11.896 -12.019 -12.451 -12.870 -13.113 -13.313 -13.558 -13.917 -14.387 -14.661 -14.435 -14.153 -14.079 -14.139 -14.568 -14.960 -15.460 -15.082 -14.191 -14.725 -14.473 -14.176 -14.401 -14.019 -13.811 -13.773 -13.318 -13.041 -12.993 -12.952 -12.218 -12.098 -11.970 -11.551 -11.143 -11.030
1.584 2.203 2.699 3.070 3.398 3.591 3.288 0.474 -2.603 -3.381 -3.005 -2.824 -2.836 -2.414 -1.981 -1.498 -0.868 -1.421 -2.931 -3.898 -4.980 -5.752 -6.528 -7.156 -7.634 -8.344 -8.748 -8.214 -8.420 -8.857 -7.963 -8.643 -9.159 -9.601 -9.680 -9.726 -10.427 -11.865 -13.338 -13.914 -13.649 -12.647 -12.136 -12.618 -13.156 -12.967 -12.280 -11.901 -12.262 -12.330 -12.261 -13.308 -14.524 -13.750 -13.749 -13.534 -14.422 -13.777 -12.284 -11.732 -11.784 -11.224 -10.499 -9.860 -9.781 -9.815 -10.494 -10.980 -10.471 -10.556 -11.554
3.534 4.118 4.503 4.653 4.806 4.313 0.132 -2.166 -2.292 -1.324 -1.217 -1.789 -2.066 -1.817 -1.448 -1.338 -1.534 -1.871 -1.994 -2.456 -3.512 -3.999 -4.640 -4.883 -5.621 -6.385 -6.535 -6.452 -6.403 -6.593 -6.929 -7.483 -7.416 -7.184 -7.309 -7.194 -7.972 -9.052 -10.036 -11.110 -11.291 -10.879 -10.413 -10.409 -10.529 -10.696 -10.704 -10.432 -10.466 -10.471 -10.349 -12.005 -13.206 -12.419 -12.677 -12.614 -13.340 -12.808 -11.968 -11.520 -9.944 -8.733 -8.965 -8.611 -8.719 -8.804 -8.770 -9.218 -9.366 -9.050 -8.486
5.232 5.695 6.109 5.769 4.301 1.720 -0.219 0.115 0.526 1.212 0.810 0.058 -0.292 -0.293 -0.130 -0.336 -0.214 -0.457 -0.846 -1.383 -1.889 -2.213 -2.308 -2.631 -4.299 -4.012 -3.799 -4.030 -4.414 -4.930 -5.368 -5.584 -5.528 -5.202 -5.156 -5.340 -6.324 -7.345 -7.581 -7.969 -8.134 -8.198 -8.093 -8.108 -8.215 -8.495 -8.506 -8.182 -8.229 -8.248 -8.260 -8.810 -10.021 -10.702 -11.144 -11.287 -12.210 -11.985 -11.638 -11.197 -10.331 -9.339 -8.812 -8.359 -8.458 -7.496 -7.154 -6.937 -6.572 -6.474 -6.230
6.760 7.014 7.026 2.312 -0.366 1.037 1.261 2.343 3.462 2.767 1.952 2.002 1.876 1.872 1.550 1.036 0.566 0.418 0.280 0.123 -0.150 -0.478 -0.670 -1.009 -2.124 -1.176 -1.274 -1.673 -2.186 -2.663 -3.208 -3.347 -3.359 -3.690 -3.952 -4.009 -4.033 -4.714 -5.548 -6.043 -5.986 -6.006 -6.219 -6.120 -6.079 -6.139 -5.825 -5.628 -5.862 -6.282 -6.529 -7.026 -7.648 -8.194 -8.731 -9.254 -9.856 -8.792 -8.282 -7.878 -7.850 -7.862 -7.572 -4.618 -2.166 -2.707 -2.913 -2.968 -3.343 -3.189 -0.777
7.965 7.842 7.733 5.072 4.569 5.367 4.373 4.606 5.221 4.975 4.455 3.713 3.726 3.292 2.553 2.122 1.969 1.665 1.529 1.490 1.225 0.661 0.686 0.523 -0.175 0.833 0.686 0.025 -0.457 -0.941 -1.303 -1.637 -1.808 -1.994 -2.265 -2.373 -2.330 -2.569 -3.445 -3.827 -3.737 -3.798 -4.466 -4.769 -4.570 -4.830 -5.663 -6.094 -5.205 -5.372 -5.916 -6.519 -6.718 -6.788 -6.597 -6.859 -6.248 -2.706 -1.300 -1.189 -0.892 -1.090 -1.215 0.472 -0.445 -2.259 0.653 2.112 2.574 2.762 2.781
8.831 8.855 8.562 8.273 7.868 7.219 5.989 6.605 6.679 6.217 5.201 4.735 4.420 3.995 3.468 3.372 3.318 3.156 3.064 2.931 2.579 2.476 2.384 2.101 1.272 1.872 1.578 1.045 0.678 0.243 -0.117 -0.495 -0.612 -0.625 -0.468 -0.288 -0.437 -0.593 -1.072 -1.284 -1.571 -2.247 -2.792 -3.306 -4.729 -6.410 -6.599 -6.648 -6.986 -5.913 -5.724 -5.832 -6.501 -7.193 -5.751 -4.417 -2.382 -0.714 -0.172 0.307 0.839 1.526 2.123 0.230 -2.066 -0.852 2.740 3.484 3.718 3.927 4.052
9.041 9.597 9.472 9.245 8.952 8.744 8.589 8.099 7.525 7.143 6.245 5.475 5.130 4.741 4.514 4.204 4.182 4.242 3.783 3.592 3.814 3.628 2.995 2.579 1.650 2.569 2.495 2.040 1.718 1.733 1.660 1.392 1.228 1.216 1.407 1.125 -0.078 -0.013 -1.400 -3.405 -3.410 -1.672 -1.410 -2.326 -3.026 -4.919 -4.141 -4.157 -4.063 -3.717 -3.008 -2.509 -3.013 -4.170 -4.148 -1.913 -1.085 -0.560 -0.131 0.762 1.622 2.466 3.074 1.154 0.021 3.204 4.262 4.502 4.814 5.016 5.097
9.982 10.323 10.080 9.524 8.800 8.490 8.678 8.352 8.117 7.667 7.411 6.892 6.578 6.328 5.901 5.828 5.816 5.819 5.699 5.617 5.616 5.257 4.708 3.756 3.204 3.304 3.274 2.939 2.476 2.663 2.727 3.129 3.379 2.610 0.850 -1.066 -3.701 -2.792 -2.218 -3.129 -5.183 -4.289 -1.843 -0.687 -0.944 -1.639 -0.764 -1.122 -1.808 -2.541 -1.855 -0.925 -0.802 -2.530 -3.827 -1.424 -0.873 0.248 0.316 0.899 1.803 2.713 3.269 3.202 3.982 4.862 5.201 5.456 5.652 5.828 5.935
11.276 10.720 10.466 9.661 9.226 8.270 7.900 8.776 8.168 8.018 6.964 7.408 7.908 7.881 7.650 7.566 7.527 7.869 8.007 8.018 7.689 7.530 7.306 5.836 4.963 5.391 5.441 4.267 3.684 3.648 2.773 2.584 3.065 3.050 2.345 -1.108 -4.949 -3.166 -0.474 -2.992 -3.866 -1.363 0.371 -0.120 -2.053 -0.622 1.169 1.556 0.551 -0.126 1.664 1.129 1.037 0.864 1.058 0.456 -0.854 1.650 1.596 1.763 2.513 3.132 3.537 4.108 4.960 5.518 5.882 6.154 6.263 6.463 6.658
12.647 11.569 10.529 8.100 7.110 6.840 8.163 9.831 10.886 10.359 8.108 8.297 10.256 10.353 10.314 10.735 10.814 10.372 10.017 10.101 9.755 10.101 9.963 8.545 7.495 7.904 8.210 7.626 7.507 6.839 6.492 6.871 6.169 4.665 4.245 5.739 4.206 -0.266 -0.151 -0.986 -1.531 -0.818 1.671 1.767 1.898 2.063 1.762 2.509 1.564 3.295 4.874 3.555 2.894 3.681 3.223 1.171 3.583 4.591 3.607 3.342 3.595 4.104 4.701 5.335 6.006 6.501 6.731 6.830 6.832 7.126 7.527
13.271 11.774 12.723 11.881 14.016 13.072 13.497 12.040 9.794 10.668 10.809 11.264 12.077 12.483 12.499 12.714 12.681 9.484 8.750 10.518 11.785 12.141 11.829 10.998 10.540 11.234 11.429 11.255 10.590 9.255 7.816 6.457 3.980 2.559 1.824 2.592 5.438 5.532 4.729 4.477 4.573 4.540 4.228 4.863 5.591 4.953 4.060 3.159 4.760 7.389 6.592 5.105 3.906 5.068 4.134 5.147 6.845 7.016 5.833 5.301 5.532 6.158 6.916 7.481 7.881 8.129 8.205 8.302 8.273 8.470 9.128
12.514 14.027 15.950 16.430 16.020 16.282 15.257 15.314 14.576 11.293 12.258 13.284 13.908 12.760 11.507 12.496 11.957 9.521 6.970 9.133 12.480 13.926 14.750 14.448 14.508 14.298 14.447 13.556 12.584 7.684 2.312 -0.811 1.759 6.641 8.556 8.501 9.369 10.260 8.741 5.582 7.145 8.256 7.427 7.125 6.141 5.283 5.176 6.264 7.927 8.939 7.654 5.387 5.031 7.919 7.837 8.806 9.706 9.296 8.977 8.170 8.678 9.384 9.938 10.218 10.292 10.363 10.502 10.715 10.920 11.121 11.241
15.070 17.556 17.811 17.909 17.639 17.740 17.541 17.314 17.686 15.342 16.444 16.626 14.107 11.844 11.970 10.114 10.702 9.968 7.272 9.149 13.310 15.762 17.396 16.269 16.533 16.714 16.863 14.119 9.189 0.122 -5.616 4.017 11.203 11.275 11.195 8.992 4.826 3.722 3.061 -2.706 -1.892 4.720 8.362 8.572 8.295 7.777 9.371 13.336 11.956 10.623 9.972 9.388 10.541 11.434 11.650 12.179 11.935 11.555 12.314 12.518 12.976 13.357 13.438 13.396 13.360 13.393 13.474 13.649 13.823 13.947 13.969
17.672 17.547 17.360 17.324 17.871 18.755 18.323 18.917 18.934 18.433 18.196 18.540 18.031 17.314 17.050 17.846 18.473 19.201 16.876 11.110 10.272 13.626 14.722 15.024 13.596 16.732 15.160 12.170 9.885 0.767 -3.455 -7.220 -3.972 -0.324 -2.460 -7.010 -7.570 -5.633 -0.682 0.615 -1.261 1.757 6.626 8.734 10.385 10.847 12.642 14.424 13.296 12.493 12.051 11.817 12.377 13.904 14.366 13.504 12.238 14.902 15.675 15.988 16.040 16.339 16.269 16.156 16.077 16.093 16.152 16.155 16.213 16.275 16.310
16.252 16.521 18.423 21.087 21.131 20.891 20.050 19.805 19.790 19.722 19.621 19.559 19.880 20.164 20.570 18.286 19.536 21.498 23.345 18.631 12.472 14.130 18.447 19.696 16.765 17.443 11.692 7.807 8.646 16.894 13.021 -0.890 -8.002 -7.587 -5.493 -5.529 -5.563 -5.338 -3.712 -2.648 -2.162 0.340 5.225 10.888 12.969 13.983 15.670 15.633 15.002 14.118 14.122 14.628 15.550 15.662 16.127 16.591 17.339 18.070 18.524 18.616 18.402 18.576 18.596 18.477 18.434 18.446 18.444 18.473 18.485 18.475 18.506
20.075 20.046 21.262 21.990 21.558 21.005 21.698 21.864 21.449 22.265 22.035 21.476 21.552 21.541 21.279 20.199 21.312 22.677 24.627 25.666 23.523 13.892 15.717 17.570 21.374 21.741 21.082 17.208 16.427 23.883 22.890 17.285 2.041 -5.201 -4.203 -3.388 -2.860 -2.670 -2.683 -1.316 0.516 2.939 10.901 16.577 14.993 15.579 16.862 16.657 16.779 16.177 16.256 17.709 18.788 18.702 19.742 19.899 19.960 20.239 20.374 20.377 20.293 20.136 20.471 20.479 20.414 20.433 20.453 20.449 20.414 20.421 20.407
23.069 22.508 22.156 22.456 22.214 21.707 21.682 22.061 22.855 23.484 22.760 22.674 22.882 22.887 22.640 21.805 22.947 23.204 24.371 25.340 26.093 23.320 19.324 18.530 22.336 20.774 22.411 19.556 23.027 25.134 24.997 23.269 21.660 15.568 5.447 0.008 0.387 1.493 6.929 8.244 5.295 7.250 14.189 17.199 16.510 17.336 18.155 18.605 17.884 17.659 18.735 20.315 21.116 21.500 21.655 21.857 21.990 21.975 21.987 22.058 22.075 21.924 22.166 22.268 22.212 22.220 22.228 22.243 22.183 22.187 22.137
23.710 24.735 23.801 22.122 22.344 22.805 22.658 22.984 23.627 23.586 23.141 22.463 22.865 24.194 25.759 25.798 24.395 24.178 25.296 25.375 26.620 26.139 25.995 26.777 25.800 24.682 24.469 24.568 25.259 26.060 24.432 24.236 24.237 24.039 23.543 21.680 19.768 18.640 20.006 19.725 13.795 14.168 14.408 17.333 18.273 18.771 19.494 19.580 19.702 20.360 21.917 22.707 22.897 22.964 23.250 23.607 23.700 23.641 23.609 23.677 23.663 23.708 23.839 23.869 23.770 23.782 23.806 23.846 23.751 23.724 23.662
25.012 25.109 24.074 20.880 21.544 21.807 21.983 23.138 23.102 22.656 23.508 22.361 24.350 25.557 26.828 25.978 27.226 26.169 25.596 25.495 26.779 27.665 27.240 27.130 26.878 25.649 25.358 25.487 26.008 26.522 25.623 25.313 24.453 24.046 23.884 24.100 23.899 23.409 21.650 22.572 18.473 17.833 18.100 20.724 21.611 21.158 21.721 21.742 22.610 22.133 24.437 24.644 24.535 24.506 24.692 25.008 25.168 25.174 25.181 25.154 25.105 25.139 25.231 25.201 25.084 25.013 25.032 25.034 24.971 24.900 24.851
26.207 25.713 25.043 25.000 23.858 24.356 24.520 22.899 21.336 23.612 23.704 23.599 25.224 26.715 27.979 27.430 27.933 25.536 25.776 26.281 26.984 27.474 28.116 28.849 27.758 25.622 25.675 25.769 26.043 26.474 25.631 25.565 25.618 25.246 25.191 25.403 25.627 25.522 23.321 23.482 21.409 21.361 21.141 23.538 23.402 23.447 23.821 24.446 25.346 25.767 25.967 25.889 25.894 25.965 26.033 26.133 26.245 26.305 26.321 26.257 26.207 26.245 26.227 26.172 26.080 26.011 26.011 25.973 25.945 25.797 25.712
27.027 26.751 26.442 26.511 24.441 25.261 26.265 27.013 27.179 26.406 24.708 25.255 26.545 28.182 29.301 28.361 27.954 26.889 23.044 26.082 27.121 27.478 27.171 27.436 25.978 26.057 26.315 26.612 26.824 27.120 25.098 25.925 26.653 25.852 25.731 26.977 26.728 26.728 25.737 25.269 24.561 24.728 23.434 24.482 24.793 25.238 25.914 26.473 26.994 26.910 27.113 26.905 26.933 27.035 27.042 26.977 27.061 27.210 27.026 26.953 27.031 27.004 26.972 26.919 26.867 26.755 26.693 26.652 26.603 26.429 26.358
27.883 28.126 27.453 27.115 26.841 26.720 27.412 28.605 29.348 28.287 25.703 25.611 27.410 28.498 29.362 28.862 26.546 28.672 23.480 25.272 25.140 26.223 25.932 26.273 26.278 26.406 26.624 26.950 27.158 27.461 25.766 26.392 26.936 27.534 27.577 27.369 26.999 26.772 26.705 27.057 26.356 26.838 26.806 25.225 25.990 26.695 27.097 27.492 27.728 26.258 27.472 27.332 27.600 27.625 27.506 27.475 27.554 27.667 27.508 27.433 27.517 27.513 27.445 27.354 27.225 27.104 27.007 26.934 26.855 26.754 26.647
27.449 27.612 27.682 26.878 26.749 27.802 28.950 29.505 29.743 28.091 25.924 26.801 27.579 28.387 28.040 25.203 20.816 28.134 25.717 25.633 27.046 27.157 26.753 26.644 26.708 26.823 27.003 27.316 27.478 27.668 27.043 25.123 26.586 27.922 27.694 27.459 27.235 27.030 27.082 27.392 26.567 27.401 27.451 26.682 25.894 27.445 27.751 27.953 28.136 27.645 27.609 27.678 27.895 27.982 27.826 27.806 27.855 27.839 27.618 27.625 27.697 27.667 27.558 27.442 27.294 27.195 27.107 27.075 27.054 27.008 26.902
27.383 27.616 27.360 26.164 25.398 27.193 28.038 28.698 28.120 27.707 27.053 27.424 26.905 26.705 26.394 21.846 18.494 26.508 27.178 27.442 26.926 27.232 26.803 26.952 27.226 27.365 27.534 27.723 27.700 27.875 27.801 25.809 27.617 27.927 28.032 27.697 27.484 27.248 27.244 27.456 27.214 27.568 27.125 26.993 26.493 27.819 28.085 28.177 28.161 27.780 27.590 27.855 28.150 28.066 27.894 27.844 27.876 27.889 27.772 27.764 27.729 27.724 27.638 27.518 27.377 27.331 27.317 27.366 27.432 27.345 27.144
