data-raw/tempfiles/04_grid_data_4000BP.asc
ncols 144
nrows 72
xllcorner -180
yllcorner -90
cellsize 2.5
nodata_value -9999
[rows 32 to 63 of 72, columns 71 to 141 of 144]
27.001 26.457 26.323 26.684 26.014 26.466 26.542 27.124 27.504 27.124 25.913 26.301 26.533 26.314 24.852 19.037 17.823 22.069 23.666 25.833 26.479 26.822 26.826 27.106 27.417 27.601 27.808 28.010 28.044 28.086 28.106 27.359 27.923 27.930 28.110 27.831 27.674 27.503 27.542 27.689 27.622 27.929 27.882 27.608 27.788 27.991 28.141 28.328 28.217 28.101 27.134 27.220 27.912 27.866 27.753 27.700 27.763 27.845 27.837 27.695 27.719 27.839 27.721 27.571 27.541 27.564 27.585 27.656 27.768 27.619 27.372
26.466 26.770 26.591 26.419 25.609 23.834 23.851 25.224 26.190 25.895 25.793 26.104 25.973 26.145 26.562 22.657 20.028 24.928 27.318 27.760 27.674 26.746 27.038 27.233 27.458 27.568 27.699 27.821 27.891 27.966 28.016 28.063 27.874 27.280 28.068 27.974 27.932 27.828 27.778 27.313 27.954 27.022 27.818 28.022 28.041 27.984 28.080 26.769 27.632 27.960 27.393 27.302 27.787 27.717 27.649 27.619 27.645 27.603 27.350 27.541 27.896 27.862 27.842 27.708 27.756 27.815 27.780 27.756 27.808 27.702 27.526
26.789 26.823 26.798 26.422 25.565 24.433 23.926 24.707 25.393 25.094 24.689 24.862 24.407 24.918 25.942 28.393 24.853 27.180 27.948 28.280 26.938 26.977 27.136 27.261 27.391 27.468 27.596 27.676 27.765 27.791 27.804 27.762 27.747 27.759 27.816 27.837 27.850 27.824 27.733 25.945 26.205 26.939 27.663 28.122 28.005 27.595 26.869 25.294 27.499 27.879 27.770 27.642 27.661 27.639 27.533 27.209 27.154 27.458 27.676 27.867 28.018 28.005 27.947 27.798 27.791 27.846 27.774 27.742 27.813 27.866 27.814
26.454 26.455 26.446 26.378 26.292 24.557 24.396 25.237 25.435 25.284 24.960 24.347 22.769 22.533 23.518 23.776 26.459 28.740 28.115 27.172 26.926 26.909 27.033 27.197 27.323 27.406 27.515 27.580 27.636 27.684 27.703 27.642 27.593 27.580 27.621 27.666 27.680 27.570 27.409 27.234 26.123 26.965 27.701 28.067 27.715 27.362 25.892 25.260 27.216 26.835 27.208 27.546 27.238 27.554 27.457 27.665 27.665 27.770 27.805 27.862 28.022 28.113 27.985 27.795 27.740 27.760 27.754 27.791 27.897 28.023 28.028
25.774 25.804 25.840 25.837 26.118 25.061 24.554 25.511 25.380 25.312 24.928 23.989 21.673 21.282 22.184 20.952 25.676 27.668 26.946 26.991 26.945 26.938 26.999 27.127 27.201 27.227 27.277 27.357 27.486 27.571 27.555 27.488 27.448 27.468 27.485 27.457 27.404 27.327 27.218 27.077 26.794 25.732 27.259 27.731 27.699 27.368 26.997 26.760 26.783 25.795 27.405 27.684 27.457 26.859 26.035 27.200 27.214 27.567 27.660 27.686 27.925 28.114 28.061 27.830 27.726 27.769 27.786 27.838 27.894 27.975 28.099
25.454 25.446 25.509 25.602 26.017 25.080 24.457 25.333 25.597 25.413 25.081 24.574 22.104 22.683 23.908 22.851 25.171 26.701 27.030 27.146 26.919 26.860 26.873 26.961 27.015 27.017 27.042 27.091 27.214 27.422 27.446 27.353 27.299 27.313 27.311 27.293 27.210 27.199 27.181 26.994 27.037 26.608 26.244 27.670 27.902 28.231 27.738 27.452 27.072 26.307 27.788 27.314 27.199 27.326 26.435 23.319 22.615 24.538 26.364 27.564 27.947 27.512 27.870 27.820 27.652 27.698 27.743 27.742 27.777 27.865 27.997
24.867 24.761 24.745 24.950 25.283 25.258 24.970 24.422 24.293 24.936 24.979 25.121 23.990 23.488 23.376 22.922 25.007 26.631 26.986 27.045 26.852 26.691 26.708 26.769 26.830 26.860 26.883 26.909 27.041 27.237 27.306 27.234 27.197 27.114 27.142 27.177 27.155 27.161 27.160 27.139 27.307 27.229 26.977 26.931 27.279 27.812 28.062 28.196 28.203 28.237 28.068 27.805 27.691 27.642 27.635 27.424 26.803 24.948 20.672 22.638 26.692 26.734 27.763 27.441 27.547 27.556 27.625 27.626 27.617 27.681 27.818
24.011 23.769 23.636 23.878 24.304 24.887 25.505 23.817 23.491 23.654 23.771 24.348 23.177 22.512 21.934 22.261 24.856 26.465 26.740 26.872 26.683 26.541 26.575 26.625 26.681 26.706 26.690 26.709 26.878 27.039 27.100 26.972 27.008 26.994 26.955 26.995 27.045 27.082 27.092 27.124 27.204 27.234 27.290 27.212 27.126 27.143 27.137 27.630 27.865 27.944 27.843 27.623 27.982 27.934 28.007 27.925 27.750 27.256 26.401 24.673 25.038 27.290 27.631 27.539 27.339 27.102 27.438 27.434 27.439 27.476 27.583
22.927 22.761 22.582 22.534 22.895 23.669 23.289 21.088 22.431 23.179 23.233 22.721 23.179 22.487 21.775 22.886 24.026 26.563 27.016 26.926 26.568 26.437 26.474 26.515 26.505 26.476 26.484 26.489 26.629 26.715 26.754 26.504 26.688 26.722 26.751 26.758 26.785 26.849 26.896 26.927 26.902 26.883 26.829 27.047 27.149 27.418 27.627 27.795 28.082 28.241 28.254 28.184 27.982 28.227 28.135 28.192 28.109 27.535 26.701 26.616 26.300 26.931 27.287 27.323 27.184 27.050 27.160 27.122 27.111 27.190 27.329
22.079 21.974 21.770 21.525 21.432 22.263 23.521 21.159 21.969 23.118 23.784 23.251 22.713 23.540 22.539 23.047 23.952 26.562 26.784 26.708 24.699 26.072 26.482 26.362 26.251 26.201 26.188 26.183 26.223 26.242 26.191 26.027 26.197 26.290 26.337 26.348 26.320 26.323 26.364 26.410 26.312 26.317 26.403 26.505 26.626 26.850 27.177 27.502 27.903 28.146 28.268 28.163 28.373 28.780 28.360 28.520 28.224 27.734 26.456 26.411 26.566 26.756 26.910 26.921 26.784 26.761 26.721 26.537 26.581 26.759 26.983
21.628 21.464 21.220 20.824 20.234 22.533 25.089 24.478 23.345 24.100 24.846 23.514 23.670 24.010 25.319 24.598 25.566 26.609 26.393 26.493 23.309 25.827 26.282 26.095 25.917 25.848 25.791 25.745 25.700 25.645 25.503 25.558 25.567 25.590 25.562 25.539 25.506 25.451 25.413 25.454 25.362 25.381 25.474 25.547 25.877 26.211 26.626 27.102 27.575 27.750 28.309 27.993 29.243 29.018 28.490 28.113 27.651 27.708 26.387 25.379 26.142 26.202 26.285 26.226 26.124 26.134 26.090 25.804 25.752 26.000 26.304
21.431 21.106 20.947 20.553 19.747 20.215 23.601 23.715 23.148 24.044 24.707 24.050 22.774 21.416 23.955 25.831 26.134 26.270 25.604 22.671 22.784 26.028 26.076 25.703 25.302 25.213 25.143 25.088 24.983 24.905 24.723 24.768 24.745 24.584 24.497 24.519 24.410 24.343 24.234 24.178 24.056 24.102 24.021 24.410 24.774 25.309 25.958 26.655 26.961 27.843 28.504 28.643 28.035 28.121 27.917 27.741 27.385 27.497 24.884 24.127 25.438 25.395 25.422 25.260 25.129 25.161 25.190 24.993 24.743 24.910 25.247
21.188 20.811 20.528 20.344 19.866 18.813 21.546 21.682 21.119 23.068 24.280 23.822 23.217 24.683 25.479 25.470 25.821 25.551 25.077 22.240 24.181 25.487 25.502 24.983 24.714 24.386 24.287 24.174 24.076 23.964 23.896 23.760 23.619 23.476 23.352 23.308 23.194 23.088 22.848 22.845 22.669 22.631 22.630 23.052 23.438 24.080 25.220 26.823 26.810 27.143 27.380 27.203 26.783 26.054 25.605 25.891 26.025 26.174 25.021 24.525 24.012 24.351 24.513 24.265 24.065 24.079 23.987 23.614 23.776 23.827 24.056
20.865 20.546 20.119 19.694 19.574 18.574 18.885 21.627 21.618 22.142 22.468 22.417 22.238 24.263 26.173 25.000 24.952 24.797 24.589 22.637 24.660 24.752 24.564 24.222 23.885 23.551 23.383 23.222 23.155 23.026 22.785 22.647 22.464 22.307 22.152 22.065 21.981 21.778 21.507 21.550 21.193 21.110 21.165 21.626 22.192 22.813 24.925 25.428 25.283 26.015 26.773 26.329 25.214 23.943 23.726 25.269 25.762 25.576 24.780 23.558 23.107 23.049 23.546 23.381 23.087 23.012 23.074 23.013 22.814 22.778 22.852
20.348 20.098 19.766 19.425 19.398 18.759 18.111 21.309 21.691 22.125 20.816 19.590 18.795 21.231 24.567 23.949 23.812 23.778 24.198 23.965 23.818 23.378 23.187 23.032 22.693 22.426 22.216 22.066 22.012 21.850 21.492 21.430 21.319 21.111 20.910 20.578 20.331 20.158 20.148 20.046 19.450 19.489 19.572 20.113 20.709 21.393 23.289 23.902 23.842 24.266 24.421 23.722 22.037 21.910 23.423 24.568 24.825 24.442 23.730 22.685 21.689 21.271 22.195 22.508 22.117 21.967 21.845 21.710 21.538 21.502 21.591
19.580 19.259 19.042 18.951 18.866 18.629 17.824 20.007 21.096 21.009 19.373 18.420 16.395 21.094 23.205 22.846 22.766 22.595 22.587 22.470 22.267 21.748 21.200 20.828 20.969 20.709 20.707 20.344 20.496 20.451 20.312 20.042 19.761 19.000 17.860 17.226 17.131 17.158 17.579 17.662 17.289 17.428 18.217 18.758 19.210 19.930 21.162 21.920 21.399 21.897 21.912 22.310 21.445 21.331 22.060 23.206 23.220 23.356 23.239 22.437 21.838 18.944 20.806 21.574 21.160 20.819 20.600 20.305 20.149 20.160 20.242
18.400 18.171 18.148 18.131 18.041 18.060 17.980 17.849 19.606 19.060 18.444 17.276 18.484 21.650 21.674 21.317 21.267 21.104 20.976 20.850 20.474 19.422 19.402 19.313 19.467 19.410 19.195 18.690 18.385 18.909 18.783 18.120 16.615 15.848 15.720 15.665 15.583 15.498 15.364 15.376 15.410 15.554 16.446 17.231 17.538 18.263 19.349 19.701 19.415 19.787 20.652 21.430 20.848 20.486 20.504 20.758 20.320 21.076 20.996 20.609 19.754 17.390 20.360 20.486 20.137 19.786 19.479 19.165 18.912 18.739 18.768
16.628 16.481 16.562 16.748 16.682 16.815 17.054 17.158 17.923 18.668 19.393 19.816 19.800 19.801 19.680 19.411 19.415 19.331 19.218 18.568 17.883 17.903 18.090 17.964 17.582 17.532 16.913 16.406 16.364 16.962 16.538 15.116 14.314 14.236 14.227 14.086 13.941 13.825 13.801 13.752 13.773 13.973 14.504 15.260 15.837 16.642 17.719 18.012 18.178 18.351 18.263 17.292 17.154 17.235 17.936 19.142 18.903 19.627 19.429 18.446 16.560 18.635 19.452 19.063 18.710 18.363 18.048 17.815 17.440 17.118 17.052
14.935 14.851 14.717 14.671 14.757 15.047 15.510 16.156 16.788 17.361 17.686 17.971 17.904 17.778 17.633 17.651 17.598 17.422 17.121 16.470 16.256 16.340 16.214 16.030 15.819 15.978 15.730 15.332 15.035 14.083 13.553 13.020 13.227 13.475 13.052 12.450 12.329 12.400 12.700 12.665 12.484 12.751 13.254 13.615 14.107 14.648 15.360 15.787 15.783 15.509 15.328 15.327 15.414 15.581 15.777 16.169 16.700 17.151 16.851 15.844 14.511 17.267 17.681 17.441 17.175 16.840 16.555 16.327 16.051 15.775 15.355
12.597 12.770 12.702 12.707 12.766 13.097 13.707 14.470 15.246 15.453 15.590 15.379 15.147 15.067 15.067 14.812 14.752 14.600 14.392 14.502 14.639 14.641 14.791 14.703 14.769 14.689 14.533 14.052 13.492 12.594 11.962 12.696 13.223 13.143 12.976 12.605 12.067 11.873 11.722 11.064 11.158 11.712 12.092 12.213 12.410 12.620 13.042 13.485 13.445 13.399 13.421 13.484 13.685 13.864 13.973 14.353 14.779 15.351 15.541 15.134 15.451 15.614 15.704 15.588 15.374 15.105 14.912 14.876 14.890 14.876 14.001
10.362 10.473 10.527 10.538 10.523 10.806 11.218 11.882 12.445 12.403 12.454 12.370 12.357 12.448 12.269 12.167 12.008 11.741 11.539 11.660 11.750 11.790 12.285 12.657 13.032 13.133 12.980 12.571 12.247 11.774 11.238 10.760 10.797 11.124 11.218 11.028 10.991 10.990 10.828 10.567 10.728 10.800 10.693 10.670 10.652 10.684 10.791 11.018 11.257 11.528 11.614 11.532 11.658 12.048 12.191 12.481 12.896 13.304 13.478 12.688 13.530 13.927 13.928 13.836 13.695 13.521 13.488 13.560 13.767 12.435 12.043
8.706 8.535 8.543 8.297 8.452 8.497 8.773 8.953 9.038 9.292 9.365 9.463 9.613 9.739 9.580 9.364 9.250 8.892 8.763 8.759 8.735 8.803 9.262 9.958 10.551 10.915 10.993 10.587 10.227 10.187 10.060 9.880 9.454 9.150 9.001 8.952 9.156 9.173 9.042 9.060 9.141 9.227 9.205 9.296 9.406 9.422 9.442 9.455 9.668 10.064 10.184 10.189 10.250 10.447 10.557 10.807 11.207 11.486 11.854 12.099 12.269 12.249 12.104 12.034 12.055 12.057 12.206 12.034 9.499 9.192 11.680
6.800 6.775 6.660 6.281 6.063 6.012 6.189 6.449 6.630 6.656 6.560 6.737 7.164 7.298 7.244 7.080 7.093 7.093 7.001 6.888 6.729 6.725 6.961 7.341 7.764 8.069 8.098 7.806 7.618 7.613 7.707 7.763 7.583 7.411 7.472 7.690 7.585 7.092 7.028 6.894 6.833 6.997 7.297 7.379 7.493 7.684 7.810 8.000 8.035 8.343 8.753 8.891 9.011 9.228 9.320 9.305 9.670 9.933 10.107 10.360 10.401 10.388 10.322 10.350 10.453 10.668 10.954 10.344 9.076 10.715 10.838
4.869 4.901 4.901 4.753 4.580 4.426 4.366 4.437 4.401 4.418 4.374 4.591 4.993 5.227 5.323 5.281 5.262 5.376 5.446 5.453 5.407 5.387 5.330 5.363 5.494 5.621 5.667 5.575 5.377 5.499 5.395 5.300 5.300 5.315 5.458 5.424 5.243 5.463 5.694 5.269 5.041 5.265 5.446 5.409 5.313 5.597 5.925 6.175 6.330 6.488 6.979 7.272 7.482 7.694 7.858 7.912 7.957 8.264 8.346 8.472 8.641 8.729 8.778 8.867 8.989 9.233 9.478 9.613 9.557 9.345 9.221
2.907 3.007 2.990 2.881 2.721 2.571 2.563 2.557 2.538 2.510 2.551 2.717 3.009 3.313 3.509 3.607 3.726 3.748 3.771 3.836 3.889 3.922 3.809 3.694 3.705 3.743 3.870 3.960 3.935 3.940 3.706 3.501 3.389 3.389 3.441 3.570 3.603 3.824 3.899 3.646 3.349 3.406 3.576 3.668 3.672 3.651 3.899 4.139 4.421 4.672 5.038 5.481 5.802 5.867 5.844 6.135 6.234 6.346 6.452 6.567 6.822 7.048 7.226 7.318 7.489 7.698 7.931 8.087 8.144 8.069 7.911
1.033 1.096 1.108 1.047 0.904 0.808 0.848 0.931 0.957 1.004 1.113 1.315 1.631 1.940 2.155 2.317 2.351 2.349 2.285 2.251 2.374 2.431 2.336 2.251 2.201 2.350 2.454 2.510 2.456 2.377 2.089 1.801 1.565 1.516 1.713 1.986 2.082 2.266 2.173 1.983 1.966 2.146 2.143 2.083 2.077 1.988 2.274 2.606 2.896 3.186 3.482 3.802 4.001 4.119 4.218 4.458 4.474 4.453 4.492 4.637 4.896 5.214 5.462 5.488 5.522 5.959 6.367 6.698 6.828 6.803 6.674
-0.809 -0.807 -0.835 -0.884 -0.927 -0.874 -0.766 -0.574 -0.466 -0.332 0.023 0.365 0.661 0.900 1.025 1.213 1.206 1.185 1.185 1.040 0.989 0.933 0.801 0.725 0.645 0.711 0.752 0.765 0.721 0.582 0.311 0.024 -0.188 -0.203 -0.043 0.240 0.438 0.516 0.541 0.532 0.464 0.459 0.486 0.580 0.668 0.736 0.921 1.206 1.416 1.723 1.926 2.119 2.217 2.427 2.712 2.868 2.972 2.889 2.752 2.807 2.935 3.184 3.516 3.596 3.516 3.809 4.542 5.069 5.395 5.487 5.430
-2.541 -2.542 -2.567 -2.715 -2.674 -2.442 -2.278 -2.114 -1.889 -1.517 -1.170 -0.890 -0.577 -0.590 -0.615 -0.489 -0.536 -0.519 -0.545 -0.690 -0.774 -0.858 -1.080 -1.319 -1.383 -1.256 -1.244 -1.177 -1.382 -1.732 -2.081 -2.360 -2.456 -2.394 -2.229 -1.739 -1.404 -1.399 -1.563 -1.517 -1.396 -1.297 -1.100 -0.939 -0.709 -0.487 -0.272 -0.106 0.195 0.383 0.545 0.763 0.919 1.025 1.291 1.342 1.290 1.482 1.397 1.198 1.256 1.293 1.412 1.681 1.715 1.862 2.497 3.047 3.441 3.658 3.654
-3.906 -3.782 -3.721 -4.026 -4.080 -3.807 -3.689 -3.476 -3.259 -3.144 -2.975 -2.730 -2.608 -2.637 -2.540 -2.518 -2.439 -2.452 -2.555 -2.639 -2.808 -3.151 -3.496 -3.748 -3.933 -3.821 -3.928 -4.000 -4.257 -4.429 -4.568 -4.620 -4.473 -4.379 -4.339 -4.196 -3.967 -3.909 -3.886 -3.826 -3.642 -3.401 -3.071 -2.793 -2.553 -2.272 -1.916 -1.743 -1.399 -1.194 -0.938 -0.683 -0.474 -0.370 -0.388 -0.462 -0.603 -0.545 -0.594 -0.752 -0.837 -0.930 -0.951 -0.560 -0.346 -0.246 0.139 0.423 0.664 0.911 1.233
-5.062 -4.927 -4.781 -4.723 -4.820 -4.975 -5.123 -5.095 -5.035 -4.956 -4.884 -4.816 -4.819 -4.795 -4.719 -4.749 -4.543 -4.524 -4.683 -4.783 -5.149 -5.597 -5.903 -6.302 -6.691 -6.581 -6.864 -7.153 -7.311 -7.319 -7.196 -7.159 -6.971 -6.821 -6.903 -7.051 -7.054 -6.985 -6.900 -6.982 -6.921 -6.669 -6.190 -5.731 -5.303 -5.049 -4.908 -4.751 -4.310 -3.872 -3.629 -3.599 -3.533 -3.505 -3.695 -3.863 -4.024 -4.064 -4.028 -4.145 -4.147 -4.094 -4.124 -3.934 -3.968 -3.846 -3.493 -3.190 -2.905 -2.648 -2.442
-6.540 -6.180 -6.141 -6.129 -6.085 -6.382 -6.834 -7.004 -7.037 -6.907 -6.981 -7.003 -6.959 -6.952 -6.854 -6.688 -6.734 -6.888 -7.123 -7.902 -8.894 -12.365 -15.230 -12.553 -10.690 -10.700 -10.793 -10.224 -10.216 -10.447 -10.119 -10.270 -9.690 -9.445 -10.871 -12.096 -12.391 -12.211 -12.511 -14.552 -13.986 -14.251 -14.440 -12.047 -9.888 -11.255 -11.503 -9.601 -8.526 -8.949 -9.908 -10.558 -10.246 -12.367 -13.399 -12.758 -12.620 -11.166 -9.678 -8.805 -8.327 -8.160 -7.991 -7.550 -7.488 -7.063 -6.743 -6.119 -6.113 -5.947 -5.716
-8.957 -8.541 -7.955 -7.763 -7.546 -7.694 -8.464 -8.603 -8.451 -8.440 -8.537 -8.499 -8.434 -9.048 -10.559 -9.886 -9.234 -12.463 -17.584 -20.198 -21.745 -24.838 -26.978 -26.154 -25.081 -23.586 -21.761 -18.176 -15.808 -14.022 -12.083 -11.390 -14.290 -18.422 -21.001 -22.826 -23.808 -25.041 -26.133 -26.662 -26.306 -26.307 -26.922 -26.433 -24.724 -22.910 -21.676 -20.956 -20.889 -22.035 -23.815 -24.703 -25.017 -26.170 -27.801 -28.275 -27.439 -24.902 -21.613 -18.873 -17.720 -16.293 -15.666 -14.263 -12.504 -10.847 -10.632 -9.834 -9.371 -9.019 -8.994
