data-raw/tempfiles/04_grid_data_4000BP.asc
ncols 144
nrows 72
xllcorner -180
yllcorner -90
cellsize 2.5
nodata_value -9999
[rows 0 to 31 of 72, columns 0 to 70 of 144]
-17.062 -17.221 -17.289 -17.306 -17.282 -17.271 -17.276 -17.287 -17.300 -17.321 -17.306 -17.321 -17.346 -17.364 -17.351 -17.363 -17.347 -17.386 -17.419 -17.423 -17.470 -17.438 -17.445 -17.510 -17.510 -17.469 -17.465 -17.475 -17.524 -17.582 -17.586 -17.557 -17.586 -17.540 -17.577 -17.555 -17.593 -17.545 -17.536 -17.573 -17.581 -17.638 -17.613 -17.590 -17.590 -17.578 -17.571 -17.600 -17.594 -17.567 -17.544 -17.516 -17.422 -17.368 -17.268 -17.287 -17.236 -17.170 -17.158 -17.152 -17.137 -17.147 -17.179 -17.243 -17.287 -17.370 -17.279 -17.211 -17.121 -17.107 -17.082
-16.656 -16.778 -16.791 -16.783 -16.761 -16.698 -16.603 -16.509 -16.413 -16.319 -16.209 -16.131 -16.144 -16.147 -16.175 -16.216 -16.261 -16.344 -16.455 -16.547 -16.621 -16.607 -16.690 -16.789 -16.851 -16.913 -16.950 -16.999 -17.053 -17.131 -17.179 -17.177 -17.195 -17.181 -17.187 -17.157 -17.117 -17.052 -17.043 -17.032 -17.010 -17.028 -16.966 -16.940 -16.930 -16.950 -16.957 -16.931 -17.055 -17.088 -17.111 -17.172 -17.136 -17.129 -17.097 -17.075 -17.051 -16.990 -16.972 -16.957 -16.903 -16.868 -16.840 -16.723 -16.612 -16.567 -16.569 -16.493 -16.438 -16.383 -16.324
-15.607 -15.596 -15.626 -15.675 -15.733 -15.686 -15.699 -15.781 -15.847 -15.878 -15.849 -15.824 -15.805 -15.790 -15.792 -15.753 -15.747 -15.754 -15.788 -15.788 -15.839 -15.875 -15.946 -16.052 -16.141 -16.237 -16.333 -16.465 -16.612 -16.773 -16.911 -17.001 -17.064 -17.081 -17.046 -16.990 -16.953 -16.967 -17.299 -17.785 -17.806 -17.857 -17.853 -17.819 -17.678 -17.426 -17.091 -16.747 -16.791 -16.959 -17.064 -17.098 -17.285 -17.732 -18.206 -19.021 -19.849 -20.200 -20.290 -20.310 -19.626 -18.721 -17.076 -16.192 -15.930 -15.903 -15.832 -15.666 -15.504 -15.369 -15.235
-15.478 -15.419 -15.464 -15.536 -15.603 -15.685 -15.702 -15.748 -15.778 -15.744 -15.680 -15.638 -15.566 -15.586 -15.618 -15.589 -15.595 -15.602 -15.682 -15.748 -15.795 -15.934 -16.035 -16.102 -16.185 -16.199 -16.235 -16.327 -16.343 -16.409 -16.533 -16.456 -16.725 -17.737 -20.740 -21.304 -21.471 -20.944 -21.444 -21.991 -21.944 -22.053 -22.126 -21.412 -19.629 -18.668 -18.549 -19.637 -19.812 -19.967 -20.060 -20.161 -20.582 -21.305 -21.866 -22.534 -22.726 -22.375 -22.363 -22.385 -22.035 -21.683 -21.106 -19.558 -18.901 -16.425 -14.652 -13.867 -13.530 -13.237 -12.925
-14.792 -14.657 -14.640 -14.628 -14.590 -14.574 -14.633 -14.756 -14.804 -14.789 -14.767 -14.747 -14.843 -14.973 -15.084 -15.176 -15.262 -15.396 -15.587 -15.822 -16.009 -16.201 -16.251 -16.267 -16.283 -16.241 -16.475 -16.969 -16.456 -16.302 -17.019 -17.217 -16.225 -17.058 -20.166 -20.779 -19.799 -18.618 -19.201 -21.075 -19.825 -16.904 -14.874 -15.020 -16.290 -16.821 -18.199 -19.507 -20.694 -21.735 -22.806 -23.712 -24.540 -25.373 -25.901 -26.017 -25.661 -24.807 -23.587 -21.964 -20.049 -18.253 -17.138 -16.516 -14.568 -13.448 -12.492 -12.061 -11.501 -10.818 -9.824
-13.116 -13.044 -13.003 -12.975 -12.952 -12.966 -13.012 -13.084 -13.192 -13.299 -13.346 -13.417 -13.604 -13.794 -14.026 -14.249 -14.538 -14.859 -15.155 -15.351 -15.484 -15.513 -15.387 -15.609 -16.133 -16.018 -16.044 -15.624 -15.477 -15.355 -15.630 -16.653 -16.678 -16.081 -16.046 -16.143 -16.912 -18.427 -18.786 -18.104 -14.605 -12.145 -11.568 -11.687 -12.957 -13.098 -13.058 -13.496 -14.913 -16.929 -19.494 -22.116 -23.830 -25.149 -25.916 -26.151 -25.875 -25.304 -24.557 -23.442 -21.577 -18.901 -16.630 -14.787 -12.119 -11.101 -10.517 -9.816 -8.970 -8.003 -6.992
-12.125 -11.899 -11.732 -11.623 -11.568 -11.529 -11.629 -11.712 -11.900 -12.048 -12.202 -12.329 -12.501 -12.599 -12.697 -12.787 -12.937 -13.113 -13.230 -13.286 -13.171 -13.021 -14.562 -15.479 -15.868 -15.537 -14.740 -14.608 -14.526 -14.569 -13.913 -14.944 -15.874 -14.874 -16.581 -15.569 -15.306 -15.216 -15.361 -15.044 -13.958 -12.545 -11.838 -11.710 -11.615 -11.368 -10.964 -10.167 -8.664 -9.445 -12.737 -17.466 -20.789 -23.149 -24.556 -25.545 -26.085 -26.105 -25.222 -22.839 -19.742 -16.589 -14.578 -12.081 -9.089 -7.769 -6.998 -6.207 -5.756 -5.562 -5.170
-10.923 -10.134 -9.760 -9.540 -9.391 -9.371 -9.508 -9.909 -10.814 -11.109 -11.048 -10.595 -10.581 -10.656 -10.837 -11.173 -11.309 -11.318 -11.273 -11.252 -11.107 -10.977 -12.369 -12.904 -12.768 -13.841 -13.976 -14.535 -14.799 -14.578 -13.753 -13.619 -14.505 -15.199 -15.481 -13.451 -14.569 -15.491 -15.534 -15.063 -14.065 -14.118 -13.979 -13.153 -11.239 -10.445 -10.097 -8.649 -7.399 -5.935 -7.394 -10.606 -15.181 -19.437 -21.868 -23.478 -24.857 -25.128 -23.262 -19.328 -16.008 -13.758 -11.775 -8.181 -5.962 -4.588 -3.809 -3.374 -3.061 -2.612 -2.012
-10.225 -8.468 -7.758 -7.488 -7.035 -6.715 -7.936 -9.957 -10.415 -10.835 -11.040 -10.744 -10.753 -10.839 -10.691 -10.422 -9.609 -8.875 -8.742 -8.927 -9.574 -10.380 -11.363 -12.150 -11.357 -10.943 -11.978 -13.324 -13.518 -13.358 -13.415 -12.865 -12.656 -12.750 -13.246 -13.531 -12.705 -12.456 -13.067 -11.393 -10.530 -10.453 -10.464 -11.699 -11.361 -9.896 -8.851 -7.505 -6.136 -4.221 -4.033 -5.268 -10.393 -15.779 -19.158 -20.944 -21.998 -20.844 -15.862 -13.249 -10.862 -7.484 -4.385 -2.642 -1.789 -1.233 -0.888 -0.702 -0.412 0.152 0.879
-7.613 -6.995 -6.575 -5.804 -4.746 -4.511 -5.006 -5.803 -5.699 -5.365 -5.747 -5.838 -5.608 -5.290 -5.154 -5.920 -7.140 -6.959 -6.275 -5.968 -5.858 -6.401 -7.239 -8.276 -9.082 -9.141 -9.921 -10.829 -11.088 -11.603 -11.836 -12.134 -12.355 -12.556 -12.878 -12.847 -12.236 -11.445 -11.510 -10.338 -9.922 -9.578 -9.059 -8.868 -8.749 -9.432 -10.076 -7.298 -5.037 -2.749 -2.511 -6.188 -10.698 -15.382 -17.462 -14.756 -10.191 -8.219 -3.020 -0.067 0.744 1.393 0.986 -0.037 -1.067 -0.673 1.106 1.780 1.861 2.240 2.816
-3.214 -2.456 -3.148 -2.867 -2.482 -2.102 -2.378 -2.844 -2.409 -1.844 -2.412 -3.524 -3.829 -4.222 -4.865 -4.491 -4.358 -4.869 -5.620 -6.689 -7.319 -5.719 -4.105 -4.269 -4.929 -5.720 -7.034 -7.893 -8.205 -8.513 -8.896 -9.382 -9.750 -10.122 -10.510 -10.209 -9.436 -9.361 -9.302 -8.484 -7.920 -7.482 -6.994 -7.483 -8.941 -9.085 -6.574 -4.861 -3.090 -1.352 -0.150 -2.224 -9.865 -16.225 -15.158 -4.856 1.254 2.061 2.499 3.057 3.607 3.906 3.895 2.793 0.736 1.679 3.735 4.238 4.280 4.416 4.758
-0.280 -0.075 -0.387 -0.520 -0.598 -0.486 -0.530 -1.023 -1.439 -0.868 -2.738 -0.674 -1.313 -1.519 -3.177 -6.176 -5.539 -3.273 -3.267 -3.983 -4.539 -4.739 -2.890 -2.116 -2.633 -2.461 -3.092 -3.600 -4.875 -5.569 -6.263 -7.221 -7.751 -7.955 -8.010 -8.133 -8.132 -7.965 -7.624 -7.097 -6.426 -7.356 -7.477 -6.434 -5.690 -5.069 -4.165 -2.827 -1.200 -0.044 0.787 1.291 -2.205 -5.895 -6.131 2.203 3.456 4.037 4.755 5.159 5.589 5.786 6.087 6.328 6.643 6.846 6.834 6.859 6.768 6.704 6.667
2.412 2.293 1.860 1.445 1.112 1.124 1.343 0.921 1.102 0.718 2.055 4.084 4.665 5.503 5.668 4.980 2.963 0.624 -0.719 -2.147 -2.388 -2.644 -1.116 -0.251 -0.608 -1.130 -1.221 -1.054 -2.057 -2.910 -3.700 -4.458 -5.419 -5.675 -6.072 -6.581 -6.985 -7.039 -6.778 -6.235 -5.357 -5.421 -5.595 -5.200 -4.036 -3.790 -4.493 -2.219 -0.377 1.149 2.229 2.758 3.218 3.505 3.374 4.184 4.810 5.306 5.966 6.462 6.931 7.310 7.793 8.059 8.245 8.427 8.499 8.484 8.350 8.016 7.715
4.071 4.111 4.050 3.790 3.620 3.642 3.852 3.792 3.715 4.247 4.835 5.494 5.876 5.952 6.353 6.661 6.948 6.863 5.999 2.211 0.047 -0.687 -0.054 1.289 1.786 1.539 1.117 0.800 0.105 -0.752 -1.384 -1.921 -2.522 -2.919 -3.293 -4.058 -5.131 -5.198 -5.332 -5.226 -4.299 -3.249 -3.798 -3.700 -2.875 -2.734 -2.889 -1.493 -0.367 1.041 2.446 3.660 4.647 5.347 5.765 6.155 6.476 6.997 7.535 7.978 8.472 8.892 9.316 9.796 9.958 10.031 10.086 9.940 9.675 8.960 7.692
5.246 5.385 5.470 5.460 5.431 5.423 5.558 5.718 5.988 6.193 6.257 6.453 6.620 6.989 7.357 7.676 7.921 8.068 8.197 7.833 4.923 2.772 3.131 1.305 0.571 2.204 2.832 1.968 1.483 1.146 0.784 0.312 -0.889 -1.009 -1.521 -1.926 -2.148 -2.167 -1.957 -3.377 -2.872 -1.936 -2.477 -3.381 -3.397 -2.808 -1.845 -0.214 0.600 0.984 1.649 3.484 5.183 6.511 7.413 7.942 8.179 8.420 8.756 9.181 9.653 10.068 10.478 10.831 11.082 11.212 11.155 10.804 9.676 9.578 9.040
5.958 6.174 6.273 6.433 6.525 6.620 6.648 6.721 6.705 6.933 7.097 7.318 7.529 7.812 8.126 8.451 8.724 9.067 9.083 9.245 8.896 4.823 2.960 3.597 2.125 0.575 3.716 4.288 3.486 3.126 2.269 1.946 1.948 1.224 0.261 -0.345 -0.673 -0.433 0.132 -0.165 -0.396 -0.476 -1.228 -1.671 -1.116 -0.651 0.113 1.200 1.745 2.491 2.377 3.667 5.056 6.717 8.361 9.582 10.218 10.473 10.647 10.989 11.325 11.550 11.824 12.040 12.233 12.365 12.280 11.904 11.246 10.924 9.968
6.723 7.034 7.176 7.336 7.445 7.522 7.623 7.738 7.810 7.980 8.180 8.412 8.612 8.909 9.125 9.383 9.617 9.883 10.168 10.345 10.471 9.981 9.618 6.397 6.315 5.189 4.441 6.242 6.075 5.677 4.997 4.513 3.793 3.571 2.749 1.556 1.283 1.177 1.195 1.220 1.171 0.964 0.774 1.133 2.439 2.871 3.314 3.470 3.601 4.231 4.581 4.526 5.188 6.791 8.948 10.868 12.053 12.471 12.603 12.809 12.979 13.062 13.191 13.304 13.410 13.490 13.501 13.391 13.036 12.615 11.796
7.814 8.203 8.365 8.539 8.696 8.820 8.921 9.058 9.206 9.391 9.629 9.825 9.921 10.033 10.142 10.331 10.520 10.699 11.060 11.477 11.765 11.662 11.547 9.387 10.333 7.454 4.723 4.906 7.031 8.360 7.643 7.338 6.597 5.754 5.390 4.755 4.669 4.672 4.052 3.962 3.833 4.016 4.142 3.710 4.756 5.431 5.600 5.494 5.654 5.816 5.786 5.899 6.554 8.214 10.475 12.461 13.485 13.898 14.160 14.264 14.393 14.439 14.404 14.400 14.422 14.507 14.574 14.562 14.406 14.165 13.612
9.660 9.982 10.147 10.308 10.485 10.579 10.657 10.779 10.942 11.067 11.202 11.420 11.523 11.602 11.674 11.738 11.892 11.969 12.272 12.538 12.608 12.377 11.549 8.447 8.249 8.048 5.479 4.016 4.749 7.041 8.736 9.531 9.168 7.888 7.494 7.855 7.730 7.681 8.050 7.814 7.618 7.646 7.147 7.058 6.775 7.037 7.299 7.856 8.638 9.234 9.590 9.602 10.156 11.751 13.543 14.772 15.193 15.356 15.572 15.617 15.635 15.593 15.553 15.499 15.576 15.673 15.685 15.631 14.854 13.426 13.624
12.096 12.112 12.220 12.403 12.535 12.603 12.591 12.660 12.757 12.863 12.988 13.106 13.170 13.185 13.190 13.301 13.382 13.535 13.628 13.770 13.589 12.872 11.806 9.434 9.648 8.035 8.993 5.700 5.791 5.106 9.597 10.326 10.656 10.562 10.156 10.403 10.454 10.402 10.423 10.548 9.470 10.053 10.209 9.866 9.742 10.791 12.134 13.247 13.916 14.311 14.439 14.301 14.509 15.295 16.030 16.559 16.753 16.783 16.903 16.895 16.780 16.582 16.579 16.505 16.736 16.860 16.896 16.685 15.142 13.331 12.450
14.803 14.448 14.530 14.562 14.579 14.611 14.605 14.633 14.668 14.716 14.795 14.854 14.869 14.831 14.853 14.952 15.036 15.149 15.182 15.124 14.769 13.813 13.753 13.685 9.569 9.279 8.883 7.756 7.373 3.702 10.137 12.459 12.915 12.876 13.070 12.939 13.287 12.998 12.753 12.031 12.215 13.969 13.356 13.977 15.354 16.337 17.108 17.764 18.043 18.030 18.028 17.921 17.824 17.951 18.088 18.202 18.288 18.265 18.229 18.003 17.618 17.444 17.566 17.845 18.040 18.128 18.122 17.821 17.425 16.511 14.888
17.061 16.587 16.596 16.559 16.530 16.500 16.472 16.456 16.493 16.518 16.541 16.509 16.433 16.380 16.385 16.422 16.474 16.503 16.452 16.320 16.043 15.171 14.025 15.701 14.074 16.495 14.284 11.198 10.130 7.903 11.698 14.215 14.834 15.208 14.236 14.876 15.177 14.337 13.349 13.851 15.769 16.084 17.074 18.029 18.841 19.465 19.609 19.718 19.747 19.712 19.692 19.647 19.596 19.562 19.565 19.577 19.559 19.506 19.426 19.214 18.830 18.614 18.588 18.876 19.004 19.132 19.071 18.801 18.571 18.136 16.914
18.986 18.517 18.448 18.465 18.349 18.293 18.256 18.180 18.217 18.176 18.139 18.091 17.897 17.826 17.818 17.780 17.751 17.731 17.616 17.404 17.055 16.323 15.358 15.167 16.646 18.894 20.881 16.127 11.704 13.430 14.517 16.108 17.377 17.027 16.860 17.088 16.565 16.389 16.708 17.619 18.274 19.396 20.099 20.250 20.415 21.071 21.164 21.143 21.166 21.156 21.120 21.071 21.040 21.015 20.950 20.807 20.735 20.655 20.491 20.310 20.125 20.040 20.004 20.101 20.059 20.004 19.898 19.649 19.279 17.700 16.463
20.780 20.409 20.258 20.172 20.022 19.923 19.914 19.882 19.841 19.786 19.716 19.662 19.490 19.339 19.270 19.118 18.988 18.873 18.670 18.418 18.038 17.451 16.786 16.499 16.699 18.688 22.783 19.792 16.510 17.032 16.984 18.061 18.505 18.548 18.716 18.288 18.740 18.535 18.468 19.555 21.339 22.051 21.916 21.600 21.643 22.391 22.471 22.543 22.572 22.535 22.454 22.374 22.246 22.202 22.079 21.924 21.795 21.671 21.507 21.348 21.268 21.107 21.040 20.870 20.822 20.783 20.554 20.047 18.823 17.072 20.064
22.452 22.183 21.928 21.708 21.537 21.433 21.361 21.270 21.179 21.114 21.058 20.990 20.845 20.714 20.585 20.362 20.148 19.946 19.668 19.344 18.878 18.355 17.804 17.635 17.716 18.217 21.944 22.429 16.534 16.091 18.466 19.863 20.892 20.324 21.022 21.025 21.556 21.289 20.828 20.995 22.976 23.539 23.348 23.235 22.679 23.610 23.910 23.891 23.863 23.770 23.572 23.374 23.347 23.251 23.088 22.906 22.749 22.615 22.428 22.208 22.066 21.886 21.812 21.781 21.727 21.384 21.229 21.435 21.894 23.056 23.092
23.875 23.622 23.376 23.133 22.978 22.849 22.708 22.582 22.510 22.464 22.397 22.278 22.158 21.980 21.751 21.489 21.242 20.974 20.624 20.164 19.653 19.102 18.688 18.535 18.678 18.909 21.110 23.154 20.854 15.569 19.830 20.593 22.765 22.919 23.548 23.837 24.157 24.112 23.565 22.673 24.258 24.733 24.598 24.693 23.718 24.193 25.036 25.069 25.011 24.856 24.606 24.283 24.281 24.217 24.096 23.971 23.780 23.594 23.363 23.113 22.990 22.801 22.574 22.598 22.272 21.753 22.610 22.912 22.974 23.667 23.569
24.901 24.702 24.527 24.392 24.235 24.091 23.940 23.827 23.830 23.846 23.623 23.330 23.106 22.887 22.672 22.404 22.139 21.834 21.419 20.975 20.423 19.874 19.499 19.433 19.614 20.051 20.962 23.194 23.828 19.648 16.897 17.689 21.863 24.100 25.011 25.295 25.547 25.647 25.257 24.868 25.266 25.597 25.706 25.776 25.186 24.830 25.961 26.158 26.058 25.813 25.607 25.343 25.174 25.067 25.046 24.896 24.687 24.459 24.137 23.826 23.618 23.244 22.878 22.635 21.787 22.409 24.161 24.658 24.960 25.227 24.994
25.726 25.478 25.330 25.238 25.120 25.023 24.969 24.905 24.947 24.720 24.507 24.107 23.829 23.646 23.456 23.276 23.009 22.696 22.327 21.897 21.454 21.049 20.812 20.844 21.095 21.620 22.317 23.316 24.282 23.591 18.763 17.444 20.520 24.454 25.643 26.004 25.833 26.179 26.074 25.850 25.839 25.791 26.451 26.467 25.928 25.654 26.586 26.842 26.806 26.490 26.303 26.136 25.905 25.556 25.390 25.378 25.221 24.923 24.560 24.197 23.898 23.467 23.091 22.547 21.576 24.228 25.834 25.603 25.687 25.811 26.058
26.174 25.925 25.830 25.783 25.715 25.611 25.536 25.485 25.485 24.895 24.843 24.658 24.412 24.249 24.143 23.985 23.757 23.544 23.260 22.951 22.684 22.452 22.413 22.491 22.693 23.323 23.901 24.652 25.205 25.391 22.819 21.058 18.956 22.928 25.855 26.117 25.130 26.639 26.883 27.003 27.167 26.901 27.223 25.149 26.028 26.318 27.185 27.255 27.159 27.046 26.710 26.482 26.280 25.965 25.763 25.657 25.521 25.155 24.764 24.402 24.084 23.619 23.219 22.839 22.295 25.128 28.337 27.062 26.731 26.227 26.481
26.391 26.239 26.158 26.068 25.977 25.868 25.762 25.662 25.576 25.461 25.301 25.088 24.954 24.823 24.746 24.593 24.428 24.320 24.177 24.065 24.028 24.056 24.149 24.358 24.627 24.997 25.347 25.739 26.053 26.433 27.125 27.145 25.453 23.615 24.790 22.477 24.749 25.634 26.824 27.356 27.597 27.681 27.547 26.761 26.794 27.521 27.729 27.344 27.241 27.153 26.867 26.700 26.341 26.113 25.875 25.617 25.501 25.254 24.930 24.648 24.435 24.123 23.865 23.800 23.756 26.756 28.762 28.628 27.884 26.720 26.818
26.635 26.490 26.422 26.345 26.272 26.169 26.059 25.956 25.815 25.746 25.679 25.585 25.499 25.416 25.359 25.206 25.134 25.099 25.056 25.069 25.088 25.187 25.360 25.553 25.782 25.957 26.152 26.378 26.673 26.956 27.415 27.688 27.686 27.315 27.277 25.385 24.873 24.222 26.344 27.556 27.703 27.531 27.058 27.129 27.915 28.174 27.974 27.499 27.238 27.170 27.040 26.919 26.634 26.274 26.082 25.742 25.676 25.583 25.360 25.158 25.061 25.007 24.908 24.875 24.907 27.008 28.350 28.221 27.618 27.522 27.393
26.940 26.716 26.651 26.570 26.488 26.434 26.383 26.342 26.262 26.104 26.033 25.992 25.887 25.844 25.816 25.673 25.662 25.658 25.601 25.644 25.701 25.743 25.897 26.004 26.132 26.254 26.415 26.500 26.753 27.008 27.177 27.301 27.322 27.364 27.569 27.574 27.454 26.698 26.186 27.654 27.554 26.643 26.095 27.820 26.848 27.302 27.550 27.515 27.433 27.304 27.175 27.034 26.822 26.479 26.282 25.961 25.907 25.861 25.729 25.640 25.563 25.586 25.575 25.537 25.832 26.568 26.062 26.422 26.679 26.847 27.110
