data-raw/tempfiles/04_grid_data_4000BP.asc
ncols 144
nrows 72
xllcorner -180
yllcorner -90
cellsize 2.5
nodata_value -9999
[rows 32 to 63 of 72, columns 0 to 70 of 144]
27.182 26.898 26.876 26.843 26.782 26.710 26.702 26.638 26.599 26.487 26.412 26.349 26.293 26.223 26.161 26.102 26.085 26.042 25.994 25.977 26.002 26.005 26.018 26.088 26.168 26.217 26.287 26.353 26.487 26.612 26.647 26.717 26.827 26.966 27.096 27.072 27.050 27.080 25.901 26.101 26.297 25.796 25.886 24.452 26.901 27.685 27.307 26.641 26.954 27.130 27.139 27.090 27.017 26.801 26.670 26.439 26.334 26.115 26.115 26.088 26.091 26.148 26.176 26.171 26.458 26.985 27.152 25.840 24.872 25.762 26.406
27.332 27.103 27.036 26.992 26.930 26.867 26.824 26.821 26.862 26.780 26.631 26.538 26.474 26.384 26.327 26.283 26.275 26.219 26.143 26.083 26.088 26.060 26.000 26.005 26.017 26.019 26.018 26.032 26.070 26.072 26.093 26.172 26.293 26.406 26.445 26.481 26.595 26.743 26.846 26.755 25.892 22.719 21.315 24.551 26.325 23.154 24.239 24.032 25.377 26.782 26.898 27.018 27.027 26.919 26.844 26.710 26.606 26.395 26.336 26.399 26.486 26.528 26.504 26.468 26.656 27.053 27.602 26.747 25.581 25.715 26.105
27.316 27.232 27.166 27.173 27.085 27.004 27.033 27.083 27.168 27.126 26.848 26.629 26.605 26.511 26.356 26.415 26.355 26.206 26.201 26.110 25.945 25.923 25.840 25.730 25.705 25.603 25.520 25.534 25.472 25.439 25.450 25.492 25.602 25.737 25.827 25.927 26.064 26.062 26.079 26.069 25.699 22.510 23.505 26.102 25.290 23.104 23.183 25.662 25.704 26.099 26.254 26.418 26.993 26.920 26.999 26.939 26.728 26.516 26.419 26.548 26.689 26.647 26.524 26.358 26.370 26.507 26.857 26.925 26.720 26.554 26.743
27.335 27.348 27.284 27.213 27.100 26.972 26.918 27.012 27.108 26.980 26.669 26.438 26.282 26.207 26.123 26.111 26.050 25.868 25.763 25.701 25.534 25.382 25.255 25.125 24.973 24.861 24.712 24.658 24.609 24.499 24.439 24.448 24.471 24.428 24.479 24.625 24.811 24.842 25.052 25.228 22.921 22.498 25.406 25.950 25.674 24.969 25.174 26.161 25.694 26.209 26.433 26.189 26.937 27.059 27.173 27.057 26.901 26.708 26.585 26.633 26.618 26.496 26.305 26.089 25.929 25.919 26.120 26.280 26.420 26.425 26.468
27.538 27.475 27.463 27.410 27.274 27.128 27.034 27.050 27.057 26.936 26.728 26.558 26.406 26.307 26.276 26.221 26.092 25.963 25.859 25.745 25.642 25.478 25.275 25.072 24.892 24.726 24.578 24.492 24.422 24.337 24.224 24.094 24.002 23.854 23.794 23.756 23.952 23.796 23.816 24.025 19.562 25.863 26.542 26.397 26.277 25.914 25.747 26.331 26.361 26.793 27.126 27.502 27.297 27.056 27.227 27.245 27.085 26.896 26.696 26.648 26.571 26.418 26.214 25.960 25.737 25.653 25.641 25.701 25.840 25.910 25.863
27.812 27.653 27.753 27.691 27.523 27.411 27.304 27.276 27.255 27.069 26.920 26.834 26.686 26.638 26.677 26.499 26.352 26.292 26.159 26.059 26.018 25.831 25.702 25.573 25.324 25.190 25.082 24.843 24.729 24.721 24.539 24.431 24.330 24.095 23.991 23.888 23.811 23.538 23.085 23.561 21.733 25.939 26.598 26.413 26.368 25.155 25.871 26.681 27.360 26.730 26.572 27.060 27.305 26.698 28.374 28.382 27.750 27.378 26.900 26.751 26.687 26.495 26.273 26.019 25.818 25.724 25.635 25.581 25.595 25.640 25.574
27.974 27.750 27.963 28.004 27.771 27.609 27.598 27.539 27.456 27.307 27.186 27.112 27.061 26.998 26.923 26.739 26.600 26.472 26.399 26.305 26.196 26.096 25.948 25.831 25.699 25.519 25.369 25.176 25.030 24.897 24.722 24.545 24.408 24.237 24.040 23.846 23.706 23.501 23.029 23.222 20.497 24.392 26.223 26.494 26.781 25.926 26.081 26.257 26.913 26.056 25.588 26.178 27.242 27.470 28.036 28.332 28.586 27.173 26.857 26.825 26.712 26.492 26.244 25.999 25.782 25.658 25.478 25.199 25.036 25.016 24.971
28.055 27.858 28.143 28.229 27.982 27.839 27.831 27.808 27.662 27.410 27.250 27.189 27.187 27.176 27.052 26.849 26.693 26.584 26.515 26.395 26.263 26.100 25.925 25.772 25.640 25.484 25.345 25.181 24.952 24.728 24.517 24.303 24.069 23.814 23.513 23.249 23.125 23.054 22.697 21.985 19.358 19.645 25.475 25.146 25.991 26.274 26.487 26.310 26.219 25.800 25.709 26.324 27.594 27.538 28.039 27.683 27.185 25.353 26.701 26.696 26.561 26.323 25.998 25.706 25.435 25.202 24.921 24.506 24.106 24.056 24.072
27.866 27.649 27.886 28.042 27.895 27.842 27.814 27.722 27.562 27.341 27.214 27.203 27.272 27.267 27.116 26.947 26.773 26.596 26.514 26.344 26.161 25.999 25.811 25.609 25.499 25.329 25.155 25.021 24.743 24.479 24.245 23.920 23.543 23.231 22.866 22.573 22.362 22.221 22.017 21.775 20.906 14.534 21.257 24.679 25.451 26.405 26.166 26.148 25.820 26.155 26.351 26.995 27.351 25.990 27.074 25.503 25.642 26.443 26.590 26.330 26.101 25.851 25.503 25.167 24.806 24.497 24.197 23.802 23.451 23.130 23.015
27.419 27.237 27.375 27.394 27.398 27.376 27.370 27.317 27.195 27.065 27.067 27.141 27.208 27.202 27.066 26.904 26.729 26.473 26.245 26.087 25.938 25.739 25.566 25.392 25.195 24.999 24.787 24.569 24.360 24.100 23.792 23.479 23.077 22.692 22.256 21.701 21.317 21.207 21.294 21.194 20.799 18.448 11.883 12.522 21.650 25.886 25.787 25.507 25.069 26.100 26.276 27.057 26.230 25.165 26.085 24.495 25.666 26.482 26.258 25.871 25.540 25.252 24.873 24.490 24.129 23.932 23.690 23.306 22.864 22.497 22.255
26.751 26.658 26.735 26.656 26.575 26.619 26.713 26.772 26.712 26.671 26.741 26.835 26.866 26.833 26.741 26.626 26.436 26.126 25.894 25.728 25.600 25.406 25.218 25.011 24.845 24.648 24.425 24.187 23.914 23.670 23.416 23.067 22.550 22.036 21.721 21.098 20.899 20.748 20.538 20.392 20.185 20.373 18.074 11.557 11.230 20.582 24.681 24.757 25.631 26.469 25.816 26.007 24.730 24.523 24.741 24.686 25.836 26.203 25.950 25.542 25.204 24.846 24.415 23.980 23.590 23.524 23.356 22.947 22.587 22.172 21.839
25.713 25.614 25.658 25.596 25.504 25.582 25.777 25.882 25.878 25.860 25.872 25.868 25.884 25.944 25.937 25.967 25.862 25.561 25.295 25.118 25.010 24.868 24.688 24.541 24.382 24.190 23.998 23.764 23.511 23.286 22.761 22.268 21.723 21.774 21.653 21.271 20.769 20.547 20.148 19.954 19.722 19.712 19.789 19.360 10.017 12.072 21.118 24.883 25.553 26.051 25.156 24.848 24.552 23.412 23.338 25.089 25.837 25.761 25.517 25.213 24.912 24.581 24.150 23.696 23.283 23.233 23.166 22.718 22.419 22.085 21.761
24.441 24.279 24.234 24.189 24.192 24.318 24.452 24.512 24.554 24.568 24.576 24.552 24.630 24.750 24.849 24.944 24.917 24.657 24.377 24.240 24.167 24.115 23.991 23.849 23.699 23.553 23.404 23.229 23.022 22.762 22.055 21.627 21.493 21.596 21.393 21.079 20.693 20.365 19.941 19.507 19.195 19.056 18.731 19.158 12.074 8.505 20.379 24.802 25.169 24.064 24.555 24.716 23.659 21.865 21.950 24.560 25.306 25.184 24.859 24.639 24.409 24.122 23.800 23.452 23.007 22.918 22.808 22.499 22.239 21.959 21.567
22.997 22.878 22.823 22.805 22.824 22.877 22.929 22.939 23.006 23.080 23.076 23.116 23.241 23.360 23.438 23.536 23.510 23.361 23.216 23.116 23.079 23.068 23.004 22.894 22.747 22.663 22.587 22.575 22.419 21.902 21.448 21.225 21.252 21.177 20.969 20.685 20.399 20.137 19.719 19.266 18.874 18.557 18.133 18.751 11.425 7.662 22.051 24.304 23.867 22.967 22.840 21.788 21.441 22.504 23.856 24.457 24.389 24.160 23.864 23.715 23.635 23.453 23.213 22.986 22.694 22.495 22.406 22.124 21.882 21.655 21.271
21.467 21.415 21.397 21.420 21.425 21.414 21.429 21.405 21.429 21.500 21.570 21.625 21.728 21.809 21.861 21.946 21.930 21.855 21.854 21.825 21.817 21.828 21.797 21.729 21.680 21.619 21.738 21.777 21.441 20.798 21.038 20.799 20.714 20.503 20.321 20.053 19.859 19.601 19.264 18.739 18.454 17.994 17.544 18.192 6.117 11.369 22.183 23.068 22.810 22.033 20.865 19.154 21.404 22.680 23.181 23.188 22.941 22.729 22.567 22.504 22.500 22.415 22.233 22.090 21.936 21.723 21.607 21.422 21.168 20.944 20.645
20.042 20.052 20.065 20.053 19.983 19.975 19.954 19.931 19.957 19.981 20.037 20.076 20.142 20.186 20.230 20.302 20.295 20.318 20.343 20.334 20.366 20.362 20.339 20.349 20.361 20.393 20.716 20.659 20.037 19.916 19.953 19.863 19.703 19.453 19.378 19.158 19.032 18.786 18.436 17.987 17.809 17.381 16.931 16.241 8.507 18.635 21.588 21.494 21.162 21.179 19.920 19.119 20.890 21.868 21.911 21.631 21.416 21.294 21.178 21.157 21.115 21.068 20.953 20.833 20.749 20.624 20.479 20.334 20.244 20.138 19.871
18.784 18.790 18.771 18.690 18.603 18.530 18.461 18.443 18.468 18.504 18.517 18.529 18.568 18.616 18.642 18.678 18.690 18.729 18.799 18.807 18.798 18.783 18.759 18.742 18.767 18.997 19.413 19.118 18.796 18.768 18.644 18.531 18.462 18.317 18.241 18.057 17.962 17.791 17.562 17.311 17.085 16.628 16.112 13.436 13.371 19.974 19.290 19.846 19.787 19.348 19.208 20.225 20.388 20.590 20.368 20.047 19.850 19.723 19.661 19.677 19.611 19.528 19.451 19.395 19.322 19.236 19.196 19.060 18.810 18.523 18.593
17.393 17.454 17.401 17.290 17.158 17.068 17.009 16.951 16.924 16.962 16.959 16.929 16.928 16.956 16.966 17.040 17.053 17.094 17.136 17.106 17.041 17.038 16.961 16.931 17.085 17.341 17.574 17.199 16.757 16.883 16.960 16.940 16.992 16.876 16.842 16.791 16.726 16.645 16.535 16.349 16.115 15.720 15.190 12.919 13.107 18.126 18.528 18.125 18.235 17.906 18.282 18.582 19.015 18.943 18.729 18.514 18.302 18.136 17.987 17.887 17.815 17.704 17.591 17.583 17.512 17.412 17.476 17.333 17.195 16.922 16.758
16.040 16.075 15.979 15.890 15.757 15.655 15.562 15.500 15.473 15.468 15.440 15.420 15.357 15.368 15.412 15.479 15.501 15.513 15.525 15.503 15.447 15.368 15.255 15.396 15.208 15.482 15.342 15.200 15.060 14.761 15.020 15.232 15.272 15.342 15.231 15.285 15.399 15.399 15.282 15.126 15.020 14.564 14.184 11.761 13.973 17.618 16.951 15.988 16.589 16.456 16.653 17.112 17.526 17.327 17.087 16.932 16.754 16.500 16.292 16.082 15.906 15.763 15.668 15.601 15.559 15.483 15.419 15.264 15.119 14.989 14.877
14.836 14.901 14.699 14.576 14.405 14.298 14.204 14.139 14.106 14.066 14.045 14.004 13.952 13.908 13.892 13.937 13.991 14.020 14.042 14.030 13.949 13.847 13.830 13.802 13.404 13.394 13.444 13.369 13.268 12.827 13.353 13.566 13.608 13.664 13.673 13.782 13.889 14.013 14.058 13.989 13.892 13.689 12.979 10.372 15.449 16.818 16.175 15.377 14.791 14.094 14.645 15.550 15.705 15.432 15.199 15.074 14.898 14.679 14.482 14.273 14.033 13.875 13.747 13.651 13.547 13.450 13.369 13.239 13.041 12.803 12.590
13.399 13.461 13.300 13.169 13.009 12.879 12.791 12.708 12.667 12.622 12.570 12.535 12.476 12.431 12.388 12.375 12.412 12.447 12.440 12.440 12.362 12.250 12.154 11.943 11.895 11.769 11.937 11.641 11.685 11.568 11.940 12.007 12.001 12.006 12.002 12.143 12.230 12.401 12.588 12.632 12.579 12.523 11.688 9.305 11.542 14.575 15.355 14.112 12.550 12.068 12.707 13.639 13.574 13.170 12.914 12.725 12.555 12.403 12.292 12.183 12.059 11.932 11.859 11.694 11.551 11.401 11.356 11.296 11.015 10.652 10.413
11.810 12.009 12.004 11.910 11.777 11.612 11.519 11.431 11.369 11.320 11.273 11.178 11.098 11.029 10.984 10.925 10.900 10.889 10.862 10.857 10.803 10.745 10.684 10.435 10.356 10.330 10.173 10.112 10.217 10.417 10.560 10.582 10.487 10.405 10.422 10.510 10.650 10.834 11.061 11.148 11.261 11.325 10.077 8.072 11.887 13.978 12.990 11.681 10.674 10.620 11.310 11.712 11.489 11.026 10.702 10.491 10.290 10.081 9.950 9.825 9.733 9.703 9.696 9.661 9.540 9.295 9.163 9.102 8.970 8.747 8.745
10.215 10.547 10.709 10.723 10.639 10.506 10.409 10.296 10.197 10.101 10.010 9.899 9.805 9.720 9.638 9.553 9.511 9.463 9.421 9.392 9.392 9.352 9.311 9.075 9.142 8.890 8.731 8.872 9.101 9.173 9.115 9.037 8.950 8.965 9.035 9.053 9.146 9.317 9.476 9.610 9.789 9.790 6.605 6.677 11.021 11.858 10.948 9.984 9.188 9.109 9.521 9.687 9.505 9.124 8.888 8.702 8.410 8.087 7.808 7.554 7.399 7.370 7.409 7.489 7.452 7.199 6.946 6.794 6.706 6.709 6.784
9.093 9.371 9.593 9.625 9.546 9.468 9.376 9.292 9.175 9.056 8.960 8.859 8.732 8.609 8.480 8.397 8.362 8.310 8.258 8.232 8.177 8.070 8.012 7.636 7.561 7.497 7.601 7.854 7.816 7.776 7.682 7.638 7.631 7.645 7.729 7.745 7.749 7.891 8.101 8.295 8.445 8.149 3.574 6.044 9.967 10.415 9.355 8.661 7.969 7.665 7.582 7.377 7.197 6.925 6.678 6.496 6.181 5.869 5.615 5.391 5.193 5.179 5.231 5.377 5.444 5.344 5.092 4.843 4.647 4.605 4.732
8.003 8.163 8.287 8.264 8.177 8.141 8.087 8.028 7.965 7.870 7.748 7.626 7.507 7.392 7.328 7.272 7.209 7.158 7.129 7.101 7.042 6.677 6.432 6.436 6.210 6.061 6.461 6.590 6.518 6.504 6.426 6.431 6.479 6.467 6.455 6.510 6.588 6.704 6.865 7.001 7.118 7.234 4.734 6.465 8.125 7.884 7.540 7.228 6.938 6.202 5.608 5.212 4.906 4.540 4.142 3.847 3.614 3.460 3.307 3.176 3.125 3.168 3.289 3.490 3.546 3.532 3.361 3.098 2.824 2.736 2.719
6.873 6.909 6.925 6.859 6.724 6.632 6.575 6.482 6.403 6.272 6.089 5.908 5.736 5.681 5.716 5.725 5.711 5.682 5.653 5.667 5.571 5.445 5.457 5.239 5.110 5.255 5.379 5.401 5.412 5.419 5.409 5.385 5.262 5.281 5.311 5.358 5.430 5.489 5.556 5.527 5.732 6.051 5.654 5.004 5.390 6.024 5.906 5.663 5.482 4.900 4.245 3.767 3.285 2.808 2.344 2.045 1.868 1.673 1.623 1.384 1.293 1.369 1.526 1.714 1.806 1.849 1.744 1.589 1.297 1.126 0.994
5.621 5.468 5.359 5.202 5.053 4.889 4.762 4.603 4.374 4.169 3.892 3.585 3.333 3.263 3.357 3.518 3.640 3.669 3.589 3.531 3.549 3.632 3.772 3.874 3.885 3.949 4.004 4.056 4.093 4.106 4.107 4.079 4.012 3.967 3.991 4.006 4.026 4.065 4.083 4.139 4.328 4.623 4.737 4.776 4.688 4.490 3.906 3.421 3.107 2.739 2.282 1.866 1.398 1.003 0.669 0.493 0.444 0.345 0.122 -0.212 -0.465 -0.520 -0.216 0.027 0.082 0.041 -0.075 -0.255 -0.475 -0.685 -0.893
3.855 3.451 3.371 3.252 3.058 2.889 2.726 2.440 2.182 1.862 1.537 1.251 0.974 0.875 0.944 1.069 1.133 1.112 1.161 1.243 1.459 1.648 1.930 2.077 2.137 2.221 2.313 2.435 2.429 2.437 2.452 2.460 2.436 2.474 2.503 2.511 2.557 2.640 2.722 2.791 2.901 2.888 2.958 2.969 2.708 2.365 1.665 1.211 0.767 0.347 -0.142 -0.610 -1.105 -1.378 -1.689 -1.841 -1.917 -2.057 -2.244 -2.412 -2.603 -2.591 -2.118 -1.956 -2.076 -2.288 -2.512 -2.652 -2.704 -2.722 -2.675
1.876 1.377 1.230 1.031 0.808 0.602 0.357 0.041 -0.216 -0.406 -0.923 -1.131 -1.494 -1.683 -1.771 -1.851 -1.555 -1.117 -0.868 -0.716 -0.528 -0.303 0.034 0.277 0.409 0.567 0.642 0.671 0.600 0.630 0.648 0.651 0.698 0.749 0.743 0.799 0.876 0.994 1.108 1.148 1.173 0.958 0.821 0.619 0.193 -0.229 -0.577 -0.963 -1.578 -2.200 -2.914 -3.615 -4.403 -4.924 -5.035 -4.425 -4.379 -4.329 -4.310 -4.351 -4.422 -4.337 -4.143 -4.112 -4.186 -4.331 -4.373 -4.351 -4.326 -4.213 -4.058
-1.065 -1.494 -1.774 -1.937 -2.246 -2.551 -2.870 -3.243 -3.368 -3.479 -3.711 -3.925 -4.117 -4.145 -4.049 -3.827 -3.583 -3.389 -3.156 -2.962 -2.762 -2.333 -1.911 -1.708 -1.542 -1.430 -1.393 -1.388 -1.354 -1.312 -1.255 -1.166 -1.091 -1.070 -1.105 -1.089 -1.005 -0.968 -0.968 -1.003 -1.103 -1.281 -1.386 -1.729 -2.023 -2.405 -3.275 -5.261 -5.677 -5.237 -5.549 -6.336 -7.185 -7.799 -7.554 -6.458 -5.852 -5.767 -5.665 -5.622 -5.679 -5.678 -5.674 -5.898 -6.124 -6.063 -5.833 -5.752 -5.680 -5.549 -5.260
-5.201 -5.218 -5.388 -5.504 -5.704 -5.883 -6.033 -6.201 -6.285 -6.289 -6.405 -6.446 -6.353 -6.208 -6.048 -5.959 -5.922 -5.720 -5.431 -5.241 -5.097 -4.979 -4.919 -4.835 -4.632 -4.397 -4.298 -4.259 -4.183 -3.976 -3.730 -3.553 -3.416 -3.399 -3.457 -3.517 -3.553 -3.568 -3.661 -3.673 -3.793 -3.850 -3.805 -3.916 -4.409 -7.700 -8.970 -8.443 -6.742 -7.369 -7.920 -8.471 -8.844 -9.203 -9.211 -8.771 -8.174 -7.926 -7.388 -7.132 -7.162 -7.148 -7.178 -7.471 -7.649 -7.756 -7.477 -7.346 -7.254 -7.026 -6.771
-9.011 -8.507 -8.463 -8.430 -8.467 -8.431 -8.468 -8.563 -8.580 -8.589 -8.608 -8.551 -8.432 -8.322 -8.159 -8.000 -7.793 -7.591 -7.463 -7.482 -7.546 -7.603 -7.588 -7.496 -7.249 -7.039 -7.014 -7.075 -6.972 -6.751 -6.511 -6.275 -6.078 -6.047 -6.076 -6.209 -6.267 -6.364 -6.433 -6.305 -6.189 -6.300 -6.430 -7.406 -7.879 -11.457 -12.216 -10.701 -9.124 -9.221 -9.480 -9.761 -10.256 -10.708 -10.844 -10.920 -10.888 -10.657 -10.057 -9.790 -9.642 -9.413 -9.197 -9.145 -9.107 -9.211 -9.245 -9.243 -9.150 -9.146 -8.915
