data-raw/tempfiles/05_grid_data_5000BP.asc
ncols 144
nrows 72
xllcorner -180
yllcorner -90
cellsize 2.5
nodata_value -9999
[rows 32 to 63 of 72, columns 71 to 141 of 144]
26.897 26.345 26.164 26.611 25.965 26.362 26.393 26.900 27.295 26.964 25.782 26.181 26.275 26.063 24.849 18.974 17.662 21.870 23.494 25.719 26.373 26.731 26.739 27.016 27.334 27.528 27.743 27.943 27.971 28.006 28.028 27.280 27.862 27.871 28.055 27.793 27.632 27.454 27.483 27.625 27.550 27.845 27.808 27.545 27.710 27.904 28.049 28.238 28.129 28.015 27.046 27.133 27.831 27.799 27.693 27.641 27.699 27.781 27.777 27.642 27.663 27.776 27.652 27.504 27.475 27.497 27.513 27.585 27.698 27.550 27.303
26.394 26.690 26.492 26.350 25.552 23.732 23.717 25.073 26.060 25.776 25.683 25.984 25.869 26.008 26.463 22.637 19.976 24.821 27.186 27.641 27.579 26.654 26.949 27.144 27.375 27.491 27.627 27.755 27.827 27.904 27.952 28.000 27.812 27.220 28.005 27.913 27.875 27.769 27.719 27.252 27.888 26.948 27.737 27.941 27.952 27.891 27.989 26.684 27.548 27.879 27.314 27.227 27.719 27.659 27.596 27.568 27.590 27.549 27.298 27.493 27.840 27.798 27.769 27.635 27.680 27.736 27.698 27.677 27.736 27.634 27.460
26.745 26.762 26.723 26.349 25.496 24.327 23.801 24.578 25.285 24.997 24.590 24.745 24.304 24.840 25.853 28.334 24.807 27.100 27.864 28.174 26.839 26.886 27.050 27.181 27.316 27.396 27.528 27.613 27.704 27.733 27.740 27.697 27.679 27.691 27.748 27.766 27.780 27.753 27.663 25.873 26.136 26.867 27.585 28.041 27.921 27.513 26.785 25.218 27.427 27.814 27.711 27.589 27.610 27.595 27.492 27.169 27.113 27.417 27.632 27.822 27.965 27.943 27.876 27.724 27.711 27.761 27.687 27.659 27.739 27.794 27.745
26.404 26.394 26.375 26.304 26.212 24.452 24.279 25.117 25.329 25.189 24.867 24.237 22.672 22.453 23.459 23.722 26.395 28.649 28.037 27.093 26.824 26.812 26.946 27.123 27.254 27.341 27.452 27.522 27.579 27.625 27.637 27.570 27.519 27.507 27.548 27.591 27.605 27.492 27.328 27.150 26.041 26.888 27.623 27.987 27.638 27.291 25.823 25.192 27.152 26.781 27.168 27.512 27.204 27.520 27.423 27.633 27.634 27.737 27.768 27.820 27.972 28.055 27.920 27.724 27.662 27.673 27.665 27.706 27.821 27.948 27.955
25.709 25.728 25.756 25.757 26.040 24.980 24.467 25.418 25.286 25.215 24.839 23.903 21.603 21.229 22.142 20.914 25.625 27.577 26.849 26.896 26.847 26.842 26.911 27.050 27.129 27.159 27.210 27.297 27.428 27.512 27.490 27.420 27.380 27.400 27.417 27.387 27.330 27.246 27.129 26.984 26.703 25.648 27.176 27.648 27.618 27.299 26.933 26.695 26.720 25.742 27.366 27.652 27.425 26.821 25.996 27.162 27.179 27.530 27.620 27.641 27.877 28.062 28.004 27.764 27.651 27.687 27.702 27.757 27.820 27.898 28.022
25.382 25.364 25.422 25.525 25.947 25.012 24.377 25.240 25.495 25.317 25.006 24.517 22.033 22.624 23.850 22.743 25.095 26.616 26.936 27.046 26.818 26.759 26.780 26.876 26.932 26.937 26.963 27.021 27.150 27.358 27.381 27.286 27.232 27.243 27.241 27.224 27.141 27.125 27.098 26.906 26.948 26.524 26.163 27.588 27.821 28.153 27.667 27.380 27.005 26.249 27.744 27.279 27.169 27.291 26.397 23.274 22.568 24.479 26.310 27.512 27.905 27.469 27.823 27.762 27.586 27.624 27.669 27.671 27.710 27.797 27.926
24.800 24.685 24.665 24.880 25.219 25.195 24.891 24.327 24.182 24.833 24.882 25.066 23.914 23.406 23.299 22.793 24.857 26.539 26.895 26.946 26.747 26.587 26.608 26.678 26.739 26.770 26.794 26.828 26.965 27.165 27.236 27.165 27.129 27.039 27.067 27.105 27.088 27.093 27.086 27.057 27.223 27.147 26.897 26.850 27.197 27.731 27.984 28.119 28.133 28.176 28.020 27.767 27.658 27.609 27.598 27.380 26.747 24.879 20.601 22.580 26.653 26.702 27.726 27.392 27.488 27.492 27.560 27.563 27.558 27.621 27.755
23.965 23.719 23.584 23.826 24.245 24.817 25.410 23.718 23.385 23.577 23.682 24.224 23.050 22.389 21.825 22.182 24.765 26.365 26.639 26.766 26.570 26.432 26.475 26.535 26.591 26.617 26.602 26.626 26.797 26.957 27.022 26.897 26.934 26.913 26.872 26.918 26.977 27.016 27.020 27.043 27.120 27.150 27.205 27.126 27.039 27.058 27.056 27.558 27.801 27.889 27.798 27.587 27.946 27.893 27.960 27.868 27.689 27.192 26.340 24.623 25.005 27.266 27.603 27.501 27.291 27.048 27.380 27.376 27.383 27.420 27.524
22.911 22.746 22.567 22.507 22.842 23.574 23.131 20.976 22.353 23.130 23.176 22.616 23.072 22.383 21.697 22.792 23.947 26.470 26.916 26.818 26.458 26.327 26.373 26.426 26.418 26.389 26.399 26.409 26.549 26.632 26.676 26.431 26.619 26.649 26.673 26.683 26.714 26.778 26.818 26.841 26.815 26.796 26.744 26.959 27.059 27.328 27.541 27.718 28.016 28.190 28.212 28.174 27.949 28.181 28.058 28.089 27.985 27.448 26.630 26.558 26.262 26.905 27.261 27.295 27.150 27.010 27.111 27.068 27.055 27.135 27.271
22.085 21.989 21.791 21.533 21.410 22.162 23.302 21.004 21.934 23.113 23.773 23.191 22.637 23.440 22.473 22.987 23.866 26.474 26.687 26.592 24.581 25.965 26.380 26.269 26.159 26.111 26.102 26.102 26.144 26.160 26.111 25.954 26.132 26.222 26.267 26.278 26.250 26.252 26.284 26.325 26.226 26.235 26.324 26.425 26.540 26.761 27.089 27.418 27.828 28.076 28.198 28.076 28.289 28.677 28.266 28.428 28.089 27.636 26.379 26.347 26.520 26.723 26.881 26.895 26.759 26.732 26.683 26.491 26.529 26.706 26.928
21.646 21.497 21.265 20.856 20.244 22.492 24.799 24.243 23.392 24.150 24.874 23.505 23.647 23.919 25.142 24.547 25.535 26.527 26.309 26.378 23.152 25.712 26.184 25.992 25.814 25.746 25.693 25.655 25.613 25.556 25.416 25.477 25.494 25.519 25.491 25.467 25.435 25.380 25.339 25.380 25.292 25.318 25.416 25.487 25.809 26.133 26.543 27.018 27.489 27.675 28.211 27.738 28.928 28.722 28.320 28.040 27.643 27.703 26.372 25.331 26.098 26.164 26.251 26.197 26.099 26.111 26.062 25.769 25.710 25.955 26.256
21.451 21.142 20.996 20.596 19.753 20.167 23.381 23.466 23.152 24.109 24.758 24.081 22.830 21.422 23.860 25.734 26.095 26.206 25.578 22.621 22.684 25.908 25.978 25.606 25.204 25.113 25.043 24.990 24.888 24.808 24.622 24.671 24.654 24.500 24.419 24.445 24.339 24.274 24.168 24.118 24.003 24.059 23.987 24.375 24.730 25.248 25.884 26.566 26.841 27.781 28.480 28.533 27.797 27.867 27.686 27.642 27.408 27.561 24.944 24.150 25.412 25.359 25.386 25.224 25.099 25.136 25.167 24.968 24.713 24.875 25.207
21.211 20.847 20.578 20.394 19.896 18.783 21.398 21.468 21.080 23.099 24.320 23.856 23.286 24.753 25.476 25.421 25.767 25.491 25.058 22.238 24.139 25.410 25.415 24.901 24.634 24.303 24.201 24.087 23.989 23.873 23.798 23.659 23.522 23.387 23.271 23.235 23.123 23.019 22.782 22.785 22.620 22.595 22.604 23.031 23.411 24.039 25.166 26.747 26.678 27.000 27.346 27.116 26.665 25.893 25.406 25.733 26.000 26.217 25.104 24.604 24.050 24.329 24.477 24.224 24.029 24.050 23.964 23.593 23.753 23.800 24.024
20.898 20.590 20.172 19.748 19.621 18.605 18.905 21.590 21.558 22.148 22.499 22.425 22.249 24.276 26.170 24.965 24.902 24.750 24.543 22.597 24.610 24.693 24.501 24.165 23.833 23.497 23.324 23.163 23.095 22.964 22.713 22.568 22.384 22.236 22.089 22.008 21.922 21.712 21.436 21.478 21.128 21.055 21.124 21.595 22.164 22.778 24.883 25.386 25.189 25.872 26.597 26.087 24.976 23.780 23.531 25.073 25.616 25.501 24.757 23.600 23.189 23.100 23.507 23.335 23.047 22.983 23.050 22.992 22.793 22.755 22.824
20.382 20.144 19.822 19.485 19.450 18.801 18.138 21.294 21.610 22.103 20.846 19.621 18.799 21.221 24.547 23.918 23.771 23.740 24.162 23.926 23.773 23.327 23.136 22.989 22.654 22.389 22.178 22.034 21.984 21.823 21.456 21.383 21.270 21.070 20.876 20.549 20.295 20.111 20.089 19.980 19.384 19.430 19.524 20.077 20.681 21.368 23.237 23.835 23.782 24.176 24.294 23.559 21.829 21.760 23.290 24.411 24.672 24.282 23.537 22.477 21.564 21.239 22.150 22.459 22.076 21.935 21.814 21.681 21.512 21.479 21.566
19.608 19.301 19.096 19.010 18.921 18.671 17.854 20.009 21.018 20.965 19.380 18.464 16.414 21.085 23.175 22.811 22.729 22.562 22.557 22.439 22.229 21.703 21.153 20.787 20.933 20.677 20.679 20.326 20.487 20.449 20.301 20.022 19.737 18.983 17.851 17.222 17.121 17.138 17.544 17.618 17.240 17.380 18.176 18.726 19.186 19.916 21.143 21.856 21.359 21.865 21.870 22.245 21.358 21.236 21.971 23.119 23.113 23.230 23.060 22.109 21.510 18.754 20.736 21.523 21.118 20.786 20.564 20.268 20.116 20.135 20.220
18.418 18.203 18.193 18.184 18.093 18.104 18.009 17.864 19.603 19.050 18.449 17.300 18.498 21.645 21.652 21.287 21.234 21.073 20.948 20.821 20.436 19.376 19.353 19.267 19.426 19.374 19.166 18.675 18.381 18.913 18.780 18.108 16.597 15.838 15.718 15.671 15.587 15.497 15.355 15.360 15.389 15.531 16.424 17.213 17.526 18.257 19.347 19.700 19.435 19.821 20.685 21.449 20.851 20.477 20.462 20.703 20.260 21.021 20.920 20.469 19.415 17.100 20.298 20.450 20.104 19.757 19.440 19.122 18.874 18.715 18.752
16.640 16.505 16.598 16.794 16.733 16.864 17.095 17.188 17.947 18.684 19.407 19.834 19.814 19.801 19.668 19.389 19.389 19.305 19.194 18.544 17.853 17.867 18.052 17.928 17.549 17.503 16.889 16.388 16.358 16.963 16.534 15.104 14.295 14.221 14.219 14.081 13.935 13.818 13.793 13.743 13.761 13.957 14.485 15.242 15.822 16.632 17.714 18.012 18.186 18.376 18.290 17.316 17.171 17.244 17.937 19.127 18.881 19.573 19.366 18.353 16.414 18.449 19.427 19.067 18.706 18.355 18.023 17.781 17.410 17.105 17.046
14.940 14.864 14.740 14.703 14.797 15.092 15.553 16.195 16.822 17.391 17.712 17.990 17.918 17.786 17.633 17.643 17.585 17.407 17.106 16.453 16.236 16.317 16.189 16.008 15.800 15.960 15.714 15.320 15.030 14.086 13.557 13.020 13.219 13.468 13.043 12.440 12.315 12.383 12.686 12.651 12.470 12.735 13.234 13.592 14.085 14.629 15.343 15.774 15.774 15.505 15.328 15.326 15.411 15.574 15.770 16.163 16.696 17.123 16.802 15.777 14.432 17.190 17.695 17.470 17.193 16.845 16.541 16.303 16.028 15.765 15.354
12.593 12.769 12.706 12.717 12.783 13.121 13.734 14.498 15.274 15.480 15.615 15.399 15.164 15.079 15.075 14.818 14.754 14.600 14.388 14.494 14.627 14.626 14.777 14.692 14.760 14.683 14.527 14.049 13.495 12.607 11.984 12.719 13.245 13.162 12.990 12.608 12.060 11.860 11.708 11.050 11.143 11.695 12.071 12.189 12.385 12.595 13.017 13.460 13.419 13.374 13.397 13.458 13.655 13.829 13.937 14.321 14.754 15.331 15.520 15.112 15.429 15.594 15.698 15.593 15.378 15.097 14.890 14.848 14.866 14.859 13.988
10.331 10.442 10.498 10.511 10.500 10.789 11.206 11.874 12.439 12.397 12.448 12.362 12.348 12.439 12.259 12.157 11.995 11.725 11.517 11.635 11.720 11.758 12.254 12.630 13.007 13.114 12.966 12.563 12.249 11.790 11.271 10.799 10.838 11.164 11.253 11.054 11.007 10.997 10.832 10.571 10.731 10.802 10.694 10.666 10.645 10.672 10.776 10.998 11.231 11.498 11.581 11.495 11.614 11.997 12.136 12.426 12.847 13.262 13.440 12.650 13.495 13.895 13.896 13.805 13.666 13.487 13.451 13.520 13.731 12.404 12.008
8.631 8.458 8.467 8.222 8.381 8.430 8.710 8.896 8.985 9.241 9.315 9.413 9.563 9.691 9.535 9.319 9.206 8.845 8.711 8.703 8.676 8.742 9.202 9.902 10.499 10.873 10.961 10.569 10.222 10.198 10.087 9.916 9.494 9.190 9.040 8.986 9.185 9.196 9.062 9.079 9.158 9.244 9.222 9.312 9.417 9.428 9.442 9.447 9.651 10.038 10.150 10.147 10.199 10.385 10.485 10.731 11.133 11.416 11.788 12.032 12.205 12.185 12.038 11.964 11.985 11.989 12.139 11.966 9.435 9.130 11.616
6.674 6.645 6.530 6.153 5.939 5.893 6.076 6.342 6.527 6.557 6.463 6.643 7.072 7.208 7.156 6.993 7.006 7.006 6.913 6.798 6.639 6.634 6.870 7.253 7.682 8.000 8.048 7.777 7.607 7.615 7.720 7.781 7.601 7.429 7.493 7.712 7.608 7.115 7.051 6.915 6.852 7.015 7.316 7.398 7.512 7.700 7.820 8.003 8.027 8.324 8.723 8.849 8.955 9.156 9.233 9.209 9.571 9.835 10.012 10.268 10.309 10.294 10.225 10.247 10.348 10.564 10.853 10.243 8.970 10.609 10.729
4.716 4.745 4.745 4.598 4.428 4.278 4.223 4.299 4.269 4.291 4.252 4.473 4.879 5.116 5.215 5.173 5.155 5.269 5.340 5.349 5.304 5.284 5.228 5.262 5.402 5.544 5.612 5.541 5.361 5.494 5.394 5.302 5.299 5.316 5.464 5.435 5.259 5.481 5.710 5.282 5.051 5.273 5.455 5.419 5.324 5.608 5.933 6.177 6.324 6.469 6.949 7.228 7.422 7.615 7.761 7.804 7.845 8.151 8.235 8.365 8.535 8.621 8.667 8.751 8.870 9.114 9.358 9.494 9.435 9.215 9.087
2.748 2.844 2.826 2.716 2.556 2.409 2.404 2.403 2.389 2.368 2.417 2.590 2.889 3.199 3.398 3.499 3.621 3.644 3.671 3.740 3.795 3.831 3.720 3.607 3.626 3.677 3.826 3.937 3.930 3.947 3.718 3.512 3.395 3.398 3.453 3.588 3.626 3.846 3.918 3.662 3.359 3.411 3.580 3.670 3.673 3.651 3.894 4.128 4.402 4.642 4.997 5.428 5.732 5.778 5.736 6.011 6.105 6.214 6.320 6.439 6.695 6.921 7.099 7.189 7.359 7.567 7.798 7.951 8.006 7.923 7.755
0.886 0.944 0.952 0.887 0.742 0.645 0.687 0.774 0.806 0.861 0.980 1.193 1.519 1.836 2.057 2.225 2.264 2.267 2.209 2.181 2.310 2.371 2.281 2.202 2.161 2.323 2.442 2.516 2.480 2.415 2.136 1.848 1.608 1.557 1.753 2.029 2.124 2.305 2.205 2.007 1.982 2.154 2.144 2.076 2.061 1.963 2.239 2.561 2.840 3.119 3.405 3.715 3.901 4.004 4.085 4.311 4.317 4.291 4.329 4.476 4.737 5.059 5.311 5.340 5.376 5.814 6.221 6.549 6.669 6.637 6.496
-0.934 -0.936 -0.968 -1.022 -1.067 -1.014 -0.904 -0.708 -0.595 -0.453 -0.088 0.266 0.573 0.820 0.952 1.143 1.139 1.124 1.132 0.997 0.958 0.914 0.792 0.730 0.663 0.743 0.803 0.838 0.808 0.683 0.417 0.122 -0.099 -0.127 0.020 0.296 0.482 0.550 0.564 0.541 0.459 0.440 0.450 0.524 0.590 0.631 0.794 1.059 1.250 1.546 1.740 1.928 2.023 2.225 2.502 2.651 2.750 2.667 2.536 2.596 2.733 2.994 3.335 3.427 3.355 3.652 4.383 4.906 5.221 5.299 5.225
-2.647 -2.647 -2.673 -2.820 -2.778 -2.545 -2.375 -2.206 -1.976 -1.597 -1.244 -0.955 -0.635 -0.645 -0.665 -0.539 -0.585 -0.566 -0.583 -0.718 -0.789 -0.858 -1.065 -1.287 -1.333 -1.190 -1.161 -1.080 -1.277 -1.620 -1.975 -2.265 -2.381 -2.346 -2.204 -1.734 -1.417 -1.427 -1.605 -1.580 -1.476 -1.398 -1.227 -1.094 -0.897 -0.714 -0.529 -0.394 -0.120 0.055 0.211 0.425 0.588 0.699 0.968 1.029 0.984 1.188 1.122 0.939 1.018 1.079 1.217 1.507 1.553 1.708 2.342 2.884 3.266 3.463 3.435
-4.003 -3.875 -3.807 -4.105 -4.152 -3.872 -3.744 -3.524 -3.301 -3.181 -3.009 -2.760 -2.639 -2.671 -2.578 -2.559 -2.482 -2.495 -2.594 -2.674 -2.835 -3.168 -3.500 -3.735 -3.901 -3.775 -3.869 -3.942 -4.202 -4.383 -4.538 -4.609 -4.487 -4.428 -4.421 -4.308 -4.098 -4.055 -4.047 -4.006 -3.843 -3.626 -3.325 -3.080 -2.879 -2.637 -2.318 -2.178 -1.859 -1.670 -1.420 -1.161 -0.940 -0.820 -0.817 -0.870 -0.985 -0.897 -0.917 -1.044 -1.095 -1.155 -1.143 -0.722 -0.487 -0.379 0.005 0.280 0.504 0.727 1.021
-5.185 -5.038 -4.878 -4.805 -4.890 -5.031 -5.166 -5.131 -5.065 -4.990 -4.922 -4.860 -4.870 -4.848 -4.776 -4.810 -4.611 -4.601 -4.768 -4.875 -5.250 -5.702 -6.000 -6.390 -6.778 -6.666 -6.957 -7.259 -7.424 -7.449 -7.336 -7.314 -7.149 -7.021 -7.126 -7.301 -7.327 -7.264 -7.189 -7.277 -7.230 -7.002 -6.549 -6.115 -5.719 -5.495 -5.382 -5.254 -4.829 -4.396 -4.151 -4.102 -4.011 -3.953 -4.107 -4.247 -4.375 -4.378 -4.309 -4.390 -4.362 -4.284 -4.285 -4.078 -4.085 -3.941 -3.594 -3.300 -3.032 -2.808 -2.631
-6.709 -6.332 -6.272 -6.241 -6.188 -6.476 -6.934 -7.094 -7.123 -6.989 -7.058 -7.087 -7.041 -7.030 -6.931 -6.759 -6.813 -6.980 -7.226 -8.024 -9.036 -12.526 -15.402 -12.726 -10.883 -10.906 -11.017 -10.475 -10.464 -10.703 -10.373 -10.535 -9.965 -9.718 -11.158 -12.394 -12.696 -12.531 -12.831 -14.871 -14.314 -14.590 -14.789 -12.416 -10.272 -11.648 -11.914 -10.023 -8.940 -9.364 -10.306 -10.926 -10.595 -12.681 -13.684 -13.031 -12.866 -11.390 -9.893 -8.997 -8.509 -8.340 -8.157 -7.708 -7.631 -7.182 -6.864 -6.227 -6.227 -6.071 -5.863
-9.170 -8.741 -8.133 -7.916 -7.690 -7.847 -8.641 -8.790 -8.636 -8.609 -8.694 -8.644 -8.566 -9.168 -10.664 -9.978 -9.324 -12.563 -17.696 -20.328 -21.898 -25.017 -27.177 -26.370 -25.335 -23.867 -22.060 -18.510 -16.145 -14.329 -12.374 -11.679 -14.585 -18.696 -21.267 -23.095 -24.074 -25.308 -26.404 -26.935 -26.580 -26.580 -27.196 -26.707 -24.996 -23.178 -21.937 -21.204 -21.117 -22.240 -23.992 -24.853 -25.144 -26.276 -27.902 -28.378 -27.548 -25.016 -21.737 -19.019 -17.881 -16.473 -15.870 -14.462 -12.694 -11.031 -10.821 -10.006 -9.506 -9.135 -9.107
