data-raw/tempfiles/05_grid_data_5000BP.asc
ncols 144
nrows 72
xllcorner -180
yllcorner -90
cellsize 2.5
nodata_value -9999
[rows 0 to 31 of 72, columns 0 to 70 of 144]
-16.723 -16.874 -16.940 -16.957 -16.937 -16.931 -16.938 -16.950 -16.962 -16.979 -16.960 -16.973 -16.997 -17.017 -17.005 -17.016 -17.000 -17.038 -17.069 -17.075 -17.124 -17.093 -17.105 -17.172 -17.171 -17.131 -17.125 -17.126 -17.181 -17.228 -17.224 -17.192 -17.192 -17.144 -17.181 -17.124 -17.159 -17.098 -17.109 -17.147 -17.131 -17.158 -17.137 -17.100 -17.069 -17.056 -17.036 -17.017 -17.059 -17.029 -17.009 -16.994 -16.898 -16.841 -16.760 -16.782 -16.727 -16.675 -16.670 -16.671 -16.671 -16.684 -16.717 -16.811 -16.870 -16.979 -16.886 -16.818 -16.717 -16.704 -16.685
-16.372 -16.486 -16.493 -16.479 -16.454 -16.388 -16.290 -16.191 -16.089 -15.986 -15.867 -15.782 -15.791 -15.789 -15.813 -15.848 -15.888 -15.967 -16.073 -16.162 -16.235 -16.220 -16.303 -16.403 -16.465 -16.527 -16.563 -16.610 -16.669 -16.746 -16.792 -16.793 -16.807 -16.795 -16.808 -16.774 -16.742 -16.685 -16.676 -16.678 -16.662 -16.675 -16.617 -16.598 -16.580 -16.595 -16.601 -16.545 -16.685 -16.732 -16.771 -16.845 -16.819 -16.813 -16.787 -16.769 -16.741 -16.678 -16.661 -16.641 -16.586 -16.549 -16.514 -16.396 -16.279 -16.232 -16.234 -16.160 -16.107 -16.055 -16.002
-15.370 -15.351 -15.368 -15.406 -15.454 -15.403 -15.410 -15.484 -15.538 -15.556 -15.512 -15.475 -15.446 -15.423 -15.414 -15.365 -15.350 -15.351 -15.377 -15.370 -15.416 -15.447 -15.516 -15.622 -15.711 -15.807 -15.904 -16.034 -16.178 -16.336 -16.471 -16.559 -16.620 -16.638 -16.609 -16.552 -16.526 -16.555 -16.892 -17.402 -17.450 -17.496 -17.496 -17.471 -17.322 -17.062 -16.711 -16.300 -16.334 -16.550 -16.724 -16.799 -17.008 -17.473 -17.957 -18.781 -19.613 -19.960 -20.048 -20.063 -19.375 -18.466 -16.810 -15.911 -15.647 -15.617 -15.546 -15.382 -15.223 -15.090 -14.959
-15.305 -15.237 -15.269 -15.322 -15.373 -15.436 -15.438 -15.470 -15.481 -15.428 -15.345 -15.288 -15.201 -15.207 -15.223 -15.179 -15.171 -15.166 -15.236 -15.292 -15.329 -15.461 -15.554 -15.618 -15.703 -15.716 -15.756 -15.859 -15.879 -15.962 -16.096 -16.031 -16.350 -17.370 -20.393 -21.015 -21.216 -20.734 -21.197 -21.779 -21.802 -21.954 -22.033 -21.364 -19.621 -18.648 -18.551 -19.649 -19.771 -19.973 -20.110 -20.226 -20.678 -21.412 -21.951 -22.625 -22.815 -22.428 -22.404 -22.402 -22.017 -21.652 -21.053 -19.439 -18.737 -16.204 -14.431 -13.654 -13.344 -13.059 -12.752
-14.671 -14.522 -14.490 -14.462 -14.402 -14.360 -14.391 -14.490 -14.517 -14.480 -14.435 -14.397 -14.476 -14.590 -14.682 -14.755 -14.824 -14.944 -15.122 -15.345 -15.525 -15.710 -15.752 -15.770 -15.790 -15.751 -16.004 -16.521 -16.025 -15.896 -16.641 -16.862 -15.928 -16.806 -19.936 -20.608 -19.689 -18.586 -19.156 -21.020 -19.850 -16.946 -14.937 -15.134 -16.437 -17.032 -18.452 -19.802 -21.011 -22.074 -23.160 -24.090 -24.924 -25.755 -26.274 -26.366 -25.985 -25.107 -23.849 -22.190 -20.241 -18.408 -17.258 -16.565 -14.525 -13.349 -12.375 -11.958 -11.425 -10.759 -9.773
-13.017 -12.929 -12.870 -12.823 -12.779 -12.767 -12.782 -12.821 -12.905 -12.988 -13.014 -13.064 -13.234 -13.408 -13.623 -13.828 -14.099 -14.406 -14.689 -14.875 -15.003 -15.031 -14.907 -15.137 -15.673 -15.575 -15.633 -15.255 -15.155 -15.053 -15.356 -16.415 -16.484 -15.928 -15.925 -16.062 -16.875 -18.436 -18.852 -18.188 -14.690 -12.196 -11.599 -11.711 -12.990 -13.175 -13.232 -13.745 -15.225 -17.284 -19.872 -22.515 -24.247 -25.574 -26.331 -26.543 -26.235 -25.634 -24.857 -23.717 -21.822 -19.111 -16.811 -14.901 -12.133 -11.104 -10.533 -9.867 -9.035 -8.081 -7.073
-11.962 -11.730 -11.557 -11.433 -11.358 -11.295 -11.369 -11.421 -11.586 -11.703 -11.830 -11.939 -12.097 -12.183 -12.258 -12.336 -12.472 -12.645 -12.757 -12.804 -12.687 -12.538 -14.081 -15.015 -15.426 -15.119 -14.356 -14.269 -14.241 -14.324 -13.704 -14.779 -15.754 -14.795 -16.538 -15.569 -15.347 -15.299 -15.483 -15.191 -14.106 -12.691 -11.962 -11.829 -11.726 -11.422 -10.993 -10.127 -8.716 -9.590 -13.033 -17.811 -21.154 -23.517 -24.918 -25.879 -26.395 -26.393 -25.484 -23.087 -19.973 -16.789 -14.721 -12.194 -9.147 -7.866 -7.121 -6.364 -5.940 -5.777 -5.406
-10.645 -9.860 -9.482 -9.267 -9.104 -9.065 -9.179 -9.553 -10.416 -10.685 -10.591 -10.124 -10.102 -10.176 -10.350 -10.690 -10.825 -10.844 -10.810 -10.788 -10.647 -10.524 -11.919 -12.468 -12.349 -13.450 -13.612 -14.207 -14.520 -14.341 -13.563 -13.479 -14.412 -15.151 -15.471 -13.478 -14.634 -15.596 -15.664 -15.212 -14.215 -14.267 -14.137 -13.321 -11.399 -10.583 -10.119 -8.587 -7.293 -5.933 -7.545 -10.863 -15.473 -19.735 -22.158 -23.745 -25.099 -25.346 -23.460 -19.499 -16.181 -13.919 -11.901 -8.294 -6.066 -4.751 -4.040 -3.646 -3.383 -2.976 -2.418
-9.819 -8.070 -7.344 -7.079 -6.640 -6.306 -7.506 -9.507 -9.904 -10.282 -10.463 -10.163 -10.173 -10.260 -10.132 -9.889 -9.113 -8.404 -8.296 -8.507 -9.160 -9.978 -10.983 -11.777 -10.995 -10.592 -11.644 -13.013 -13.236 -13.110 -13.208 -12.710 -12.547 -12.685 -13.223 -13.540 -12.742 -12.517 -13.147 -11.485 -10.626 -10.545 -10.565 -11.821 -11.483 -10.013 -8.957 -7.590 -6.192 -4.270 -4.159 -5.469 -10.630 -16.029 -19.407 -21.183 -22.223 -21.056 -16.042 -13.379 -10.977 -7.617 -4.514 -2.786 -1.981 -1.482 -1.208 -1.100 -0.889 -0.391 0.286
-7.117 -6.496 -6.051 -5.280 -4.234 -3.978 -4.428 -5.186 -5.102 -4.747 -5.114 -5.187 -4.966 -4.666 -4.564 -5.355 -6.613 -6.480 -5.827 -5.550 -5.475 -6.034 -6.896 -7.946 -8.769 -8.850 -9.646 -10.572 -10.855 -11.391 -11.646 -11.978 -12.233 -12.467 -12.820 -12.813 -12.227 -11.455 -11.543 -10.381 -9.968 -9.630 -9.120 -8.950 -8.851 -9.529 -10.168 -7.385 -5.122 -2.820 -2.607 -6.348 -10.906 -15.640 -17.737 -15.045 -10.508 -8.580 -3.421 -0.440 0.416 1.067 0.688 -0.334 -1.408 -1.072 0.643 1.238 1.227 1.534 2.053
-2.701 -1.955 -2.614 -2.298 -1.916 -1.502 -1.724 -2.127 -1.730 -1.189 -1.759 -2.853 -3.146 -3.558 -4.223 -3.877 -3.769 -4.320 -5.118 -6.213 -6.860 -5.305 -3.720 -3.905 -4.595 -5.422 -6.763 -7.653 -7.991 -8.321 -8.723 -9.226 -9.620 -10.026 -10.438 -10.163 -9.410 -9.352 -9.312 -8.506 -7.945 -7.519 -7.038 -7.543 -9.022 -9.174 -6.657 -4.955 -3.203 -1.473 -0.292 -2.407 -10.102 -16.517 -15.490 -5.218 0.837 1.596 1.940 2.499 3.074 3.402 3.424 2.340 0.267 1.163 3.156 3.592 3.551 3.619 3.910
0.128 0.359 0.073 -0.023 -0.055 0.107 0.124 -0.303 -0.758 -0.222 -2.099 -0.014 -0.631 -0.826 -2.483 -5.492 -4.873 -2.631 -2.661 -3.415 -3.963 -4.185 -2.390 -1.654 -2.209 -2.084 -2.758 -3.310 -4.630 -5.357 -6.079 -7.058 -7.611 -7.848 -7.944 -8.102 -8.127 -7.978 -7.647 -7.128 -6.462 -7.404 -7.533 -6.494 -5.759 -5.148 -4.252 -2.941 -1.356 -0.250 0.545 1.008 -2.535 -6.267 -6.539 1.762 2.946 3.472 4.152 4.544 4.985 5.203 5.530 5.789 6.106 6.281 6.219 6.177 6.020 5.898 5.830
2.686 2.618 2.248 1.881 1.603 1.658 1.920 1.539 1.732 1.324 2.655 4.722 5.343 6.217 6.396 5.706 3.676 1.298 -0.073 -1.530 -1.805 -2.064 -0.561 0.266 -0.127 -0.687 -0.820 -0.706 -1.759 -2.651 -3.479 -4.274 -5.267 -5.559 -5.996 -6.558 -6.993 -7.068 -6.816 -6.279 -5.406 -5.474 -5.650 -5.252 -4.081 -3.846 -4.572 -2.365 -0.584 0.868 1.871 2.343 2.751 3.023 2.873 3.665 4.271 4.732 5.375 5.873 6.349 6.746 7.252 7.539 7.739 7.912 7.952 7.891 7.701 7.304 6.963
4.220 4.322 4.332 4.142 4.036 4.108 4.348 4.307 4.243 4.787 5.378 6.075 6.498 6.620 7.039 7.350 7.624 7.501 6.597 2.782 0.583 -0.172 0.455 1.774 2.244 1.966 1.510 1.156 0.414 -0.460 -1.135 -1.723 -2.398 -2.828 -3.240 -4.035 -5.145 -5.234 -5.382 -5.278 -4.356 -3.306 -3.858 -3.754 -2.922 -2.782 -2.958 -1.627 -0.585 0.738 2.053 3.185 4.112 4.801 5.221 5.610 5.937 6.456 6.996 7.444 7.947 8.382 8.827 9.328 9.509 9.588 9.629 9.455 9.154 8.396 7.077
5.298 5.490 5.643 5.704 5.746 5.798 5.969 6.143 6.413 6.633 6.728 6.960 7.160 7.553 7.936 8.254 8.479 8.594 8.681 8.271 5.328 3.157 3.505 1.668 0.918 2.525 3.121 2.230 1.725 1.404 1.029 0.507 -0.803 -0.992 -1.534 -1.952 -2.182 -2.213 -2.020 -3.444 -2.934 -2.000 -2.546 -3.452 -3.467 -2.876 -1.924 -0.334 0.415 0.710 1.285 3.037 4.666 5.979 6.885 7.430 7.687 7.945 8.294 8.722 9.198 9.621 10.046 10.419 10.691 10.834 10.779 10.417 9.274 9.156 8.592
5.928 6.190 6.346 6.566 6.718 6.861 6.930 7.021 7.021 7.263 7.454 7.703 7.944 8.249 8.572 8.895 9.146 9.450 9.426 9.539 9.122 5.030 3.163 3.781 2.302 0.731 3.803 4.356 3.543 3.201 2.355 2.014 2.031 1.247 0.239 -0.506 -0.831 -0.563 0.011 -0.278 -0.497 -0.585 -1.348 -1.803 -1.242 -0.766 0.003 1.073 1.586 2.280 2.082 3.303 4.637 6.266 7.904 9.133 9.783 10.054 10.241 10.580 10.916 11.144 11.428 11.660 11.871 12.018 11.946 11.577 10.926 10.612 9.661
6.611 6.956 7.147 7.359 7.519 7.642 7.783 7.922 8.013 8.198 8.420 8.672 8.902 9.223 9.458 9.719 9.937 10.167 10.402 10.534 10.601 10.059 9.690 6.446 6.357 5.226 4.433 6.197 6.023 5.602 4.927 4.436 3.712 3.492 2.638 1.360 1.018 0.953 0.985 1.021 0.992 0.774 0.573 0.908 2.194 2.657 3.124 3.289 3.416 4.032 4.338 4.230 4.852 6.427 8.567 10.482 11.672 12.095 12.237 12.439 12.608 12.693 12.832 12.960 13.081 13.177 13.206 13.116 12.786 12.389 11.605
7.619 8.036 8.239 8.457 8.661 8.832 8.976 9.147 9.318 9.518 9.766 9.977 10.095 10.238 10.377 10.582 10.771 10.923 11.241 11.602 11.841 11.693 11.543 9.347 10.280 7.413 4.666 4.837 6.965 8.229 7.477 7.161 6.377 5.504 5.110 4.467 4.371 4.374 3.760 3.679 3.558 3.737 3.843 3.389 4.384 5.061 5.287 5.210 5.389 5.563 5.530 5.626 6.258 7.898 10.142 12.117 13.137 13.549 13.811 13.916 14.049 14.103 14.085 14.100 14.138 14.237 14.323 14.336 14.218 14.022 13.525
9.377 9.728 9.944 10.150 10.373 10.516 10.636 10.797 10.990 11.137 11.286 11.516 11.634 11.733 11.826 11.909 12.070 12.136 12.406 12.622 12.636 12.357 11.487 8.352 8.116 7.902 5.353 3.885 4.613 6.888 8.548 9.326 8.910 7.604 7.193 7.473 7.360 7.342 7.684 7.456 7.274 7.351 6.827 6.688 6.357 6.589 6.865 7.442 8.250 8.869 9.246 9.266 9.820 11.406 13.186 14.400 14.818 14.983 15.205 15.267 15.304 15.287 15.282 15.253 15.352 15.462 15.489 15.457 14.719 13.338 13.624
11.766 11.820 11.978 12.206 12.382 12.494 12.522 12.628 12.760 12.892 13.038 13.171 13.248 13.276 13.294 13.413 13.500 13.644 13.712 13.812 13.580 12.815 11.705 9.306 9.479 7.837 8.841 5.538 5.617 4.890 9.376 10.092 10.407 10.278 9.866 10.044 10.053 10.040 10.058 10.194 9.136 9.740 9.904 9.510 9.345 10.349 11.674 12.783 13.463 13.878 14.020 13.899 14.119 14.907 15.638 16.156 16.344 16.379 16.511 16.528 16.447 16.288 16.328 16.289 16.547 16.688 16.750 16.569 15.098 13.283 12.453
14.472 14.158 14.286 14.361 14.418 14.484 14.512 14.571 14.640 14.719 14.822 14.902 14.932 14.905 14.932 15.032 15.112 15.213 15.224 15.131 14.736 13.736 13.631 13.543 9.396 9.064 8.727 7.623 7.206 3.486 9.899 12.216 12.670 12.619 12.798 12.623 12.938 12.642 12.399 11.710 11.948 13.695 13.073 13.670 15.026 15.980 16.713 17.349 17.623 17.614 17.612 17.505 17.410 17.541 17.675 17.784 17.863 17.844 17.823 17.629 17.283 17.154 17.324 17.638 17.860 17.966 17.988 17.735 17.446 16.564 14.886
16.785 16.342 16.377 16.368 16.366 16.358 16.359 16.373 16.445 16.503 16.556 16.549 16.489 16.447 16.450 16.482 16.524 16.539 16.473 16.321 16.020 15.113 13.927 15.548 13.904 16.313 14.057 11.002 9.948 7.811 11.629 14.168 14.634 14.953 13.945 14.615 14.898 14.052 13.005 13.529 15.507 15.820 16.816 17.781 18.597 19.218 19.355 19.460 19.480 19.443 19.410 19.347 19.277 19.212 19.193 19.183 19.151 19.101 19.040 18.863 18.520 18.346 18.366 18.679 18.823 18.967 18.933 18.699 18.502 18.147 16.956
18.756 18.302 18.248 18.286 18.186 18.151 18.140 18.092 18.163 18.154 18.147 18.123 17.947 17.885 17.874 17.825 17.783 17.750 17.625 17.404 17.044 16.289 15.291 15.050 16.475 18.718 20.680 15.953 11.587 13.454 14.545 16.156 17.278 16.817 16.582 16.770 16.246 16.077 16.450 17.331 18.033 19.173 19.882 20.060 20.242 20.907 21.010 20.994 21.016 20.999 20.945 20.869 20.804 20.739 20.640 20.463 20.378 20.299 20.156 20.015 19.871 19.823 19.813 19.917 19.880 19.841 19.763 19.551 19.223 17.674 16.504
20.589 20.225 20.079 20.004 19.867 19.788 19.805 19.804 19.794 19.767 19.720 19.686 19.527 19.384 19.310 19.147 19.001 18.874 18.667 18.416 18.036 17.438 16.748 16.417 16.562 18.502 22.580 19.625 16.463 17.156 17.135 18.102 18.423 18.365 18.489 17.973 18.369 18.136 18.222 19.376 21.142 21.879 21.764 21.470 21.527 22.285 22.373 22.448 22.473 22.428 22.329 22.223 22.059 21.976 21.821 21.641 21.502 21.382 21.239 21.116 21.075 20.951 20.886 20.705 20.638 20.618 20.424 19.960 18.789 17.074 20.091
22.295 22.031 21.785 21.575 21.418 21.334 21.286 21.222 21.153 21.106 21.062 21.001 20.860 20.728 20.591 20.358 20.132 19.923 19.645 19.330 18.876 18.353 17.786 17.571 17.591 18.030 21.746 22.233 16.383 16.094 18.479 19.755 20.817 20.184 20.822 20.785 21.277 21.005 20.607 20.852 22.848 23.440 23.264 23.160 22.602 23.529 23.822 23.787 23.746 23.637 23.425 23.211 23.163 23.054 22.877 22.689 22.532 22.399 22.224 22.026 21.908 21.743 21.644 21.592 21.516 21.211 21.099 21.360 21.851 23.034 23.079
23.761 23.519 23.284 23.050 22.908 22.793 22.664 22.557 22.497 22.459 22.395 22.273 22.147 21.960 21.721 21.449 21.194 20.925 20.580 20.131 19.633 19.089 18.667 18.475 18.559 18.724 20.902 22.954 20.671 15.479 19.779 20.435 22.656 22.827 23.417 23.681 23.975 23.932 23.413 22.569 24.176 24.670 24.548 24.642 23.660 24.126 24.951 24.960 24.880 24.704 24.441 24.109 24.100 24.036 23.916 23.797 23.607 23.418 23.185 22.936 22.823 22.632 22.376 22.387 22.039 21.547 22.435 22.792 22.902 23.609 23.509
24.831 24.648 24.487 24.362 24.213 24.072 23.924 23.813 23.818 23.832 23.604 23.302 23.067 22.835 22.607 22.330 22.062 21.761 21.355 20.923 20.381 19.837 19.458 19.361 19.493 19.872 20.758 22.999 23.685 19.605 16.828 17.553 21.774 24.053 24.957 25.228 25.462 25.550 25.164 24.795 25.214 25.553 25.663 25.724 25.127 24.762 25.879 26.053 25.929 25.661 25.443 25.172 25.001 24.899 24.886 24.747 24.538 24.302 23.963 23.640 23.423 23.037 22.643 22.387 21.539 22.163 23.918 24.437 24.807 25.110 24.870
25.703 25.469 25.327 25.240 25.122 25.017 24.955 24.880 24.914 24.679 24.456 24.047 23.758 23.564 23.363 23.177 22.911 22.607 22.247 21.825 21.386 20.982 20.738 20.749 20.965 21.450 22.138 23.146 24.175 23.831 18.939 17.353 20.414 24.394 25.623 25.988 25.801 26.122 26.013 25.790 25.783 25.741 26.396 26.402 25.864 25.587 26.514 26.757 26.703 26.371 26.172 25.995 25.759 25.405 25.242 25.234 25.074 24.766 24.384 24.009 23.702 23.261 22.867 22.314 21.344 23.916 25.466 25.202 25.404 25.592 25.861
26.163 25.918 25.823 25.779 25.704 25.588 25.501 25.434 25.421 24.823 24.760 24.568 24.316 24.146 24.035 23.873 23.647 23.442 23.165 22.863 22.595 22.362 22.318 22.384 22.567 23.173 23.754 24.525 25.109 25.435 23.028 21.010 18.877 22.865 25.835 26.107 25.119 26.602 26.833 26.948 27.107 26.839 27.159 25.075 25.950 26.240 27.107 27.169 27.065 26.941 26.599 26.365 26.155 25.833 25.628 25.523 25.384 25.010 24.605 24.238 23.915 23.445 23.032 22.636 22.104 24.955 28.033 26.662 26.300 25.850 26.116
26.370 26.214 26.128 26.032 25.932 25.810 25.691 25.579 25.482 25.358 25.190 24.974 24.839 24.708 24.630 24.476 24.314 24.211 24.075 23.967 23.927 23.955 24.046 24.253 24.516 24.879 25.240 25.652 25.997 26.374 27.087 27.078 25.389 23.565 24.759 22.455 24.731 25.605 26.775 27.296 27.531 27.612 27.475 26.683 26.711 27.433 27.638 27.248 27.141 27.050 26.764 26.594 26.231 25.997 25.757 25.498 25.381 25.129 24.798 24.519 24.309 23.995 23.725 23.645 23.592 26.666 28.638 28.350 27.485 26.273 26.348
26.587 26.436 26.362 26.277 26.194 26.081 25.962 25.849 25.703 25.628 25.557 25.462 25.378 25.299 25.244 25.093 25.022 24.989 24.950 24.965 24.986 25.088 25.270 25.473 25.707 25.887 26.092 26.331 26.641 26.924 27.377 27.643 27.633 27.264 27.225 25.347 24.854 24.217 26.296 27.483 27.626 27.458 26.990 27.057 27.835 28.088 27.883 27.406 27.143 27.073 26.942 26.819 26.532 26.172 25.983 25.649 25.585 25.489 25.262 25.066 24.976 24.922 24.804 24.755 24.773 26.862 28.188 27.982 27.320 27.184 27.060
26.877 26.651 26.581 26.494 26.405 26.345 26.285 26.239 26.156 25.994 25.921 25.881 25.777 25.739 25.715 25.573 25.564 25.562 25.506 25.551 25.609 25.657 25.821 25.942 26.081 26.212 26.383 26.476 26.733 26.981 27.146 27.263 27.277 27.314 27.511 27.523 27.415 26.678 26.139 27.563 27.452 26.595 26.063 27.790 26.751 27.207 27.461 27.458 27.368 27.237 27.097 26.949 26.733 26.387 26.193 25.881 25.835 25.786 25.649 25.565 25.498 25.523 25.493 25.438 25.721 26.451 25.906 26.221 26.481 26.618 26.891
