data-raw/tempfiles/05_grid_data_5000BP.asc
ncols 144
nrows 72
xllcorner -180
yllcorner -90
cellsize 2.5
nodata_value -9999
[rows 32 to 63 of 72, columns 0 to 70 of 144]
27.115 26.833 26.809 26.775 26.712 26.637 26.624 26.555 26.515 26.402 26.326 26.263 26.209 26.142 26.082 26.024 26.008 25.967 25.922 25.906 25.930 25.936 25.958 26.039 26.130 26.189 26.268 26.338 26.468 26.583 26.611 26.678 26.781 26.913 27.037 27.019 27.002 27.034 25.840 26.014 26.173 25.733 25.858 24.444 26.806 27.573 27.227 26.612 26.927 27.086 27.086 27.025 26.941 26.716 26.583 26.361 26.265 26.046 26.039 26.014 26.027 26.093 26.106 26.084 26.362 26.899 27.049 25.686 24.745 25.652 26.276
27.272 27.046 26.979 26.938 26.880 26.817 26.771 26.764 26.805 26.722 26.575 26.482 26.418 26.328 26.270 26.227 26.219 26.167 26.097 26.039 26.042 26.013 25.955 25.965 25.982 25.990 25.998 26.013 26.045 26.034 26.047 26.126 26.243 26.351 26.387 26.433 26.549 26.692 26.778 26.679 25.811 22.650 21.216 24.425 26.165 23.022 24.213 24.061 25.372 26.700 26.826 26.971 26.956 26.838 26.753 26.619 26.525 26.315 26.247 26.308 26.407 26.466 26.438 26.391 26.573 26.986 27.540 26.668 25.477 25.636 26.054
27.263 27.184 27.121 27.133 27.052 26.976 27.004 27.051 27.137 27.095 26.819 26.601 26.576 26.482 26.327 26.385 26.329 26.187 26.190 26.106 25.942 25.915 25.833 25.722 25.695 25.594 25.511 25.522 25.451 25.400 25.399 25.439 25.548 25.685 25.776 25.885 26.025 26.018 26.026 25.996 25.628 22.419 23.273 25.740 25.060 22.893 23.075 25.667 25.612 25.897 25.898 26.275 26.935 26.844 26.904 26.833 26.629 26.422 26.319 26.442 26.592 26.568 26.449 26.278 26.288 26.442 26.804 26.872 26.657 26.488 26.706
27.285 27.306 27.246 27.182 27.077 26.956 26.903 26.995 27.091 26.965 26.655 26.424 26.267 26.192 26.107 26.096 26.041 25.867 25.774 25.724 25.558 25.406 25.278 25.146 24.990 24.874 24.718 24.658 24.595 24.465 24.390 24.392 24.414 24.373 24.432 24.588 24.778 24.806 25.007 25.170 22.854 22.452 25.298 25.525 25.356 24.737 24.974 26.077 25.375 25.737 25.920 25.785 26.883 27.002 27.083 26.941 26.788 26.600 26.476 26.518 26.506 26.400 26.215 26.000 25.839 25.845 26.060 26.226 26.366 26.372 26.422
27.490 27.437 27.429 27.380 27.251 27.107 27.014 27.027 27.035 26.913 26.705 26.531 26.377 26.276 26.245 26.191 26.069 25.950 25.858 25.757 25.656 25.494 25.291 25.091 24.908 24.735 24.582 24.490 24.410 24.306 24.180 24.041 23.945 23.796 23.740 23.709 23.910 23.755 23.773 23.967 19.482 25.827 26.647 26.538 26.160 25.797 25.519 26.327 25.913 25.505 26.566 27.296 27.325 27.021 27.138 27.128 26.962 26.787 26.589 26.534 26.458 26.313 26.113 25.860 25.637 25.566 25.566 25.633 25.777 25.852 25.808
27.756 27.605 27.707 27.649 27.483 27.370 27.264 27.233 27.213 27.027 26.876 26.786 26.635 26.584 26.622 26.445 26.302 26.248 26.127 26.037 25.998 25.815 25.688 25.561 25.315 25.175 25.064 24.822 24.701 24.682 24.492 24.378 24.270 24.029 23.923 23.823 23.755 23.486 23.034 23.505 21.630 25.684 26.679 26.741 26.261 25.424 26.313 26.613 27.214 25.870 25.924 26.859 27.303 26.670 28.267 28.229 27.542 27.237 26.800 26.644 26.578 26.391 26.171 25.920 25.719 25.635 25.553 25.504 25.524 25.576 25.513
27.911 27.689 27.903 27.944 27.711 27.546 27.533 27.473 27.392 27.244 27.123 27.046 26.992 26.927 26.851 26.666 26.528 26.404 26.338 26.251 26.145 26.048 25.904 25.790 25.660 25.477 25.326 25.132 24.983 24.846 24.668 24.491 24.349 24.169 23.964 23.771 23.637 23.440 22.970 23.158 20.413 24.089 25.982 26.788 26.632 25.796 26.944 26.553 26.764 25.800 25.350 26.072 27.177 27.386 27.915 28.170 28.347 26.948 26.754 26.729 26.612 26.394 26.148 25.906 25.693 25.578 25.403 25.123 24.967 24.953 24.914
27.982 27.783 28.069 28.154 27.906 27.761 27.751 27.729 27.585 27.335 27.177 27.115 27.113 27.103 26.979 26.775 26.619 26.512 26.447 26.332 26.203 26.043 25.871 25.720 25.590 25.432 25.293 25.127 24.896 24.671 24.462 24.254 24.018 23.755 23.443 23.181 23.064 22.998 22.634 21.910 19.270 19.536 25.347 25.133 25.904 26.092 26.532 26.440 26.165 25.647 25.565 26.202 27.472 27.415 27.921 27.579 27.018 25.177 26.590 26.602 26.471 26.235 25.910 25.623 25.360 25.137 24.860 24.443 24.049 24.008 24.032
27.794 27.573 27.811 27.966 27.819 27.765 27.736 27.644 27.486 27.266 27.140 27.130 27.201 27.197 27.047 26.878 26.704 26.528 26.447 26.280 26.101 25.940 25.756 25.556 25.445 25.275 25.104 24.970 24.691 24.426 24.195 23.878 23.500 23.181 22.808 22.521 22.315 22.177 21.955 21.697 20.814 14.438 21.159 24.606 25.463 26.260 26.005 26.045 25.725 26.041 26.200 26.814 27.142 25.828 26.941 25.408 25.545 26.318 26.495 26.245 26.019 25.773 25.424 25.092 24.741 24.444 24.150 23.754 23.410 23.098 22.994
27.352 27.167 27.304 27.322 27.324 27.303 27.297 27.246 27.125 26.995 26.997 27.071 27.140 27.136 27.002 26.840 26.664 26.408 26.179 26.021 25.874 25.678 25.508 25.333 25.135 24.940 24.731 24.516 24.307 24.046 23.740 23.435 23.033 22.643 22.201 21.656 21.280 21.173 21.240 21.120 20.710 18.358 11.791 12.425 21.650 25.880 25.630 25.390 24.961 26.011 26.122 26.835 25.949 24.990 25.956 24.405 25.589 26.404 26.181 25.794 25.466 25.182 24.801 24.421 24.069 23.886 23.653 23.272 22.837 22.480 22.250
26.693 26.598 26.670 26.586 26.502 26.546 26.642 26.703 26.643 26.602 26.671 26.765 26.798 26.767 26.677 26.562 26.372 26.059 25.824 25.655 25.527 25.335 25.150 24.940 24.770 24.570 24.352 24.118 23.847 23.602 23.350 23.005 22.487 21.970 21.653 21.043 20.856 20.709 20.486 20.326 20.110 20.296 17.997 11.479 11.140 20.481 24.537 24.781 25.696 26.465 25.675 25.749 24.407 24.429 24.737 24.643 25.772 26.132 25.876 25.469 25.132 24.778 24.345 23.913 23.533 23.481 23.324 22.922 22.570 22.164 21.841
25.657 25.552 25.590 25.524 25.429 25.508 25.705 25.813 25.810 25.794 25.806 25.804 25.824 25.887 25.883 25.914 25.809 25.504 25.235 25.054 24.945 24.804 24.625 24.475 24.310 24.113 23.918 23.683 23.429 23.199 22.675 22.184 21.636 21.685 21.561 21.190 20.704 20.492 20.091 19.890 19.654 19.642 19.714 19.273 9.904 11.959 20.994 24.815 25.580 26.020 25.104 24.670 24.284 23.221 23.293 25.029 25.772 25.694 25.449 25.141 24.838 24.507 24.079 23.632 23.229 23.191 23.134 22.696 22.408 22.083 21.767
24.386 24.217 24.166 24.118 24.120 24.247 24.384 24.448 24.492 24.510 24.520 24.501 24.585 24.710 24.814 24.910 24.883 24.621 24.337 24.196 24.121 24.069 23.945 23.800 23.645 23.492 23.336 23.152 22.937 22.668 21.957 21.528 21.391 21.487 21.281 20.973 20.599 20.286 19.869 19.438 19.127 18.988 18.663 19.069 11.945 8.384 20.288 24.758 25.177 24.037 24.533 24.656 23.502 21.705 21.840 24.472 25.233 25.118 24.803 24.575 24.336 24.044 23.727 23.389 22.957 22.876 22.776 22.478 22.231 21.964 21.580
22.945 22.819 22.761 22.743 22.764 22.820 22.876 22.889 22.959 23.037 23.038 23.084 23.217 23.344 23.426 23.528 23.502 23.350 23.203 23.099 23.058 23.045 22.980 22.869 22.721 22.632 22.545 22.519 22.348 21.818 21.356 21.129 21.150 21.066 20.848 20.562 20.282 20.031 19.626 19.186 18.801 18.482 18.064 18.685 11.287 7.536 21.977 24.284 23.934 23.115 22.938 21.818 21.413 22.415 23.764 24.393 24.345 24.128 23.834 23.668 23.572 23.378 23.147 22.933 22.654 22.457 22.372 22.099 21.875 21.664 21.293
21.419 21.361 21.342 21.364 21.371 21.364 21.383 21.364 21.392 21.465 21.539 21.599 21.710 21.799 21.857 21.947 21.933 21.857 21.855 21.822 21.808 21.814 21.780 21.713 21.667 21.606 21.718 21.745 21.393 20.739 20.968 20.720 20.624 20.401 20.207 19.930 19.733 19.479 19.153 18.650 18.388 17.948 17.496 18.138 6.001 11.311 22.220 22.947 22.776 22.131 21.105 19.259 21.380 22.639 23.125 23.149 22.925 22.723 22.561 22.478 22.456 22.358 22.186 22.054 21.909 21.689 21.571 21.390 21.155 20.949 20.665
19.997 19.997 20.009 19.998 19.930 19.924 19.908 19.891 19.921 19.948 20.005 20.047 20.120 20.173 20.224 20.303 20.299 20.324 20.349 20.338 20.365 20.355 20.326 20.338 20.355 20.391 20.712 20.649 20.016 19.886 19.912 19.810 19.633 19.369 19.280 19.048 18.911 18.659 18.316 17.890 17.748 17.355 16.919 16.209 8.395 18.509 21.643 21.393 20.998 21.148 20.050 19.303 20.865 21.825 21.876 21.612 21.415 21.304 21.188 21.148 21.090 21.032 20.926 20.816 20.736 20.600 20.446 20.300 20.225 20.136 19.884
18.741 18.733 18.712 18.630 18.546 18.474 18.409 18.397 18.426 18.465 18.479 18.493 18.538 18.593 18.627 18.670 18.687 18.731 18.805 18.815 18.803 18.783 18.754 18.739 18.768 19.003 19.421 19.125 18.800 18.768 18.634 18.506 18.416 18.254 18.164 17.969 17.861 17.676 17.445 17.211 17.024 16.612 16.125 13.442 13.297 19.824 19.138 19.677 19.615 19.246 19.135 20.199 20.377 20.570 20.351 20.038 19.852 19.733 19.670 19.675 19.600 19.514 19.445 19.396 19.321 19.222 19.172 19.033 18.792 18.516 18.598
17.370 17.419 17.362 17.248 17.116 17.028 16.970 16.915 16.892 16.931 16.929 16.900 16.903 16.937 16.952 17.031 17.048 17.095 17.142 17.118 17.056 17.051 16.973 16.942 17.098 17.358 17.593 17.218 16.777 16.904 16.972 16.938 16.971 16.839 16.796 16.737 16.658 16.560 16.439 16.260 16.054 15.698 15.213 12.960 13.093 17.953 18.240 17.930 18.071 17.811 18.232 18.542 19.007 18.935 18.727 18.515 18.309 18.151 18.004 17.903 17.826 17.714 17.603 17.596 17.522 17.417 17.473 17.327 17.188 16.918 16.759
16.035 16.063 15.966 15.876 15.740 15.637 15.543 15.481 15.455 15.451 15.421 15.402 15.340 15.353 15.400 15.469 15.492 15.507 15.524 15.509 15.459 15.383 15.271 15.412 15.225 15.500 15.360 15.218 15.081 14.783 15.039 15.239 15.265 15.323 15.206 15.256 15.360 15.344 15.212 15.057 14.968 14.541 14.205 11.829 14.039 17.600 16.716 15.812 16.477 16.405 16.639 17.122 17.547 17.350 17.110 16.953 16.778 16.529 16.325 16.117 15.939 15.794 15.696 15.625 15.576 15.496 15.428 15.273 15.125 14.993 14.876
14.836 14.903 14.707 14.584 14.412 14.301 14.203 14.135 14.098 14.056 14.034 13.991 13.938 13.894 13.876 13.920 13.973 14.001 14.026 14.018 13.942 13.846 13.832 13.807 13.410 13.399 13.447 13.371 13.272 12.833 13.358 13.565 13.598 13.648 13.656 13.764 13.864 13.976 14.008 13.940 13.857 13.669 12.995 10.442 15.573 16.930 16.218 15.402 14.822 14.118 14.678 15.595 15.757 15.485 15.251 15.125 14.950 14.732 14.538 14.329 14.086 13.922 13.784 13.677 13.563 13.462 13.378 13.246 13.046 12.805 12.587
13.382 13.457 13.305 13.176 13.013 12.876 12.781 12.692 12.644 12.595 12.539 12.503 12.442 12.397 12.352 12.336 12.372 12.407 12.402 12.407 12.335 12.231 12.141 11.935 11.890 11.765 11.932 11.635 11.680 11.563 11.936 11.999 11.988 11.990 11.986 12.126 12.210 12.373 12.551 12.595 12.556 12.516 11.709 9.371 11.657 14.710 15.459 14.171 12.610 12.112 12.764 13.703 13.645 13.243 12.984 12.792 12.619 12.464 12.351 12.239 12.112 11.978 11.893 11.714 11.558 11.400 11.349 11.284 10.998 10.630 10.386
11.754 11.967 11.972 11.883 11.748 11.574 11.474 11.377 11.307 11.253 11.202 11.104 11.022 10.952 10.904 10.844 10.819 10.810 10.789 10.790 10.744 10.696 10.644 10.405 10.334 10.312 10.158 10.098 10.205 10.407 10.550 10.569 10.471 10.386 10.403 10.491 10.628 10.806 11.027 11.114 11.239 11.317 10.098 8.129 11.977 14.084 13.083 11.742 10.712 10.654 11.355 11.768 11.553 11.091 10.765 10.551 10.343 10.128 9.991 9.861 9.765 9.729 9.711 9.661 9.524 9.267 9.125 9.055 8.914 8.683 8.676
10.106 10.447 10.618 10.635 10.548 10.408 10.303 10.182 10.077 9.976 9.881 9.768 9.670 9.582 9.497 9.410 9.370 9.327 9.292 9.273 9.285 9.257 9.230 9.008 9.088 8.848 8.698 8.847 9.080 9.157 9.100 9.021 8.932 8.945 9.013 9.029 9.118 9.284 9.439 9.572 9.759 9.770 6.611 6.723 11.077 11.916 10.993 10.016 9.207 9.121 9.540 9.714 9.536 9.155 8.919 8.731 8.433 8.100 7.812 7.551 7.391 7.358 7.390 7.457 7.403 7.133 6.866 6.702 6.603 6.597 6.663
8.955 9.237 9.463 9.496 9.413 9.327 9.225 9.135 9.010 8.885 8.785 8.680 8.548 8.421 8.289 8.203 8.168 8.119 8.074 8.057 8.013 7.918 7.874 7.514 7.456 7.407 7.527 7.793 7.766 7.736 7.648 7.608 7.603 7.617 7.700 7.715 7.716 7.855 8.063 8.255 8.409 8.121 3.558 6.050 9.987 10.437 9.370 8.669 7.968 7.657 7.574 7.375 7.198 6.926 6.679 6.497 6.176 5.857 5.594 5.363 5.160 5.142 5.185 5.319 5.369 5.251 4.984 4.722 4.517 4.466 4.584
7.830 7.989 8.114 8.089 7.996 7.950 7.886 7.819 7.747 7.646 7.519 7.392 7.271 7.152 7.086 7.029 6.966 6.917 6.892 6.869 6.817 6.460 6.226 6.245 6.036 5.906 6.326 6.474 6.418 6.421 6.356 6.369 6.422 6.413 6.403 6.458 6.535 6.650 6.811 6.948 7.066 7.188 4.702 6.441 8.110 7.878 7.533 7.221 6.925 6.182 5.584 5.188 4.885 4.518 4.119 3.825 3.589 3.431 3.271 3.137 3.082 3.121 3.235 3.423 3.463 3.431 3.245 2.970 2.685 2.589 2.566
6.660 6.689 6.701 6.630 6.486 6.384 6.317 6.213 6.123 5.984 5.796 5.611 5.439 5.384 5.421 5.432 5.420 5.393 5.364 5.380 5.284 5.160 5.178 4.971 4.857 5.021 5.166 5.211 5.244 5.272 5.279 5.268 5.152 5.176 5.210 5.259 5.333 5.394 5.462 5.436 5.647 5.969 5.585 4.957 5.346 5.988 5.882 5.643 5.462 4.874 4.216 3.735 3.253 2.772 2.305 2.004 1.828 1.631 1.581 1.344 1.253 1.328 1.480 1.658 1.733 1.758 1.639 1.474 1.171 0.991 0.852
5.361 5.193 5.077 4.916 4.759 4.587 4.451 4.282 4.045 3.833 3.551 3.244 2.992 2.923 3.019 3.180 3.302 3.329 3.247 3.187 3.200 3.281 3.423 3.532 3.556 3.637 3.710 3.784 3.843 3.875 3.892 3.876 3.813 3.774 3.800 3.817 3.841 3.883 3.909 3.973 4.172 4.481 4.607 4.664 4.592 4.407 3.837 3.364 3.058 2.695 2.244 1.828 1.360 0.960 0.618 0.436 0.384 0.285 0.065 -0.261 -0.506 -0.555 -0.252 -0.015 0.030 -0.027 -0.159 -0.351 -0.583 -0.802 -1.015
3.567 3.143 3.054 2.928 2.728 2.555 2.387 2.092 1.829 1.501 1.171 0.882 0.600 0.498 0.562 0.681 0.739 0.708 0.750 0.825 1.030 1.216 1.498 1.649 1.720 1.817 1.923 2.064 2.077 2.096 2.123 2.140 2.117 2.160 2.193 2.203 2.258 2.348 2.443 2.530 2.655 2.662 2.755 2.785 2.547 2.228 1.549 1.113 0.682 0.274 -0.203 -0.666 -1.160 -1.441 -1.763 -1.926 -2.008 -2.152 -2.335 -2.491 -2.670 -2.645 -2.167 -2.003 -2.128 -2.349 -2.585 -2.736 -2.798 -2.824 -2.780
1.582 1.060 0.904 0.697 0.470 0.262 0.014 -0.306 -0.569 -0.766 -1.292 -1.510 -1.885 -2.087 -2.190 -2.286 -2.007 -1.585 -1.352 -1.214 -1.038 -0.819 -0.482 -0.233 -0.093 0.075 0.161 0.201 0.141 0.177 0.199 0.204 0.253 0.308 0.307 0.372 0.462 0.596 0.732 0.794 0.842 0.651 0.538 0.362 -0.034 -0.427 -0.745 -1.107 -1.705 -2.313 -3.011 -3.703 -4.492 -5.025 -5.151 -4.556 -4.522 -4.478 -4.458 -4.485 -4.540 -4.438 -4.235 -4.197 -4.265 -4.413 -4.459 -4.443 -4.423 -4.313 -4.157
-1.337 -1.787 -2.070 -2.241 -2.554 -2.864 -3.191 -3.571 -3.707 -3.832 -4.079 -4.315 -4.525 -4.575 -4.500 -4.297 -4.074 -3.897 -3.676 -3.495 -3.301 -2.875 -2.451 -2.240 -2.065 -1.945 -1.906 -1.898 -1.865 -1.829 -1.774 -1.687 -1.605 -1.573 -1.593 -1.552 -1.445 -1.379 -1.346 -1.359 -1.436 -1.601 -1.694 -2.022 -2.298 -2.657 -3.501 -5.469 -5.876 -5.427 -5.722 -6.496 -7.345 -7.973 -7.745 -6.668 -6.077 -6.001 -5.902 -5.843 -5.879 -5.857 -5.826 -6.040 -6.260 -6.196 -5.964 -5.882 -5.811 -5.680 -5.390
-5.418 -5.452 -5.630 -5.760 -5.969 -6.165 -6.330 -6.514 -6.615 -6.636 -6.771 -6.833 -6.759 -6.636 -6.495 -6.423 -6.402 -6.209 -5.926 -5.741 -5.596 -5.479 -5.415 -5.320 -5.110 -4.865 -4.757 -4.720 -4.649 -4.447 -4.220 -4.048 -3.903 -3.880 -3.919 -3.952 -3.970 -3.955 -4.024 -4.021 -4.127 -4.179 -4.134 -4.245 -4.738 -8.032 -9.298 -8.791 -7.079 -7.703 -8.231 -8.752 -9.113 -9.473 -9.488 -9.064 -8.480 -8.240 -7.705 -7.435 -7.442 -7.404 -7.413 -7.684 -7.854 -7.955 -7.668 -7.531 -7.438 -7.205 -6.947
-9.157 -8.667 -8.633 -8.618 -8.679 -8.675 -8.740 -8.862 -8.903 -8.933 -8.970 -8.928 -8.821 -8.723 -8.571 -8.420 -8.219 -8.014 -7.883 -7.896 -7.956 -8.013 -7.996 -7.898 -7.643 -7.422 -7.385 -7.437 -7.331 -7.120 -6.896 -6.674 -6.478 -6.442 -6.460 -6.578 -6.624 -6.713 -6.777 -6.648 -6.537 -6.654 -6.793 -7.779 -8.260 -11.857 -12.656 -11.207 -9.662 -9.748 -9.971 -10.211 -10.668 -11.096 -11.222 -11.295 -11.265 -11.037 -10.437 -10.154 -9.985 -9.730 -9.501 -9.434 -9.380 -9.471 -9.493 -9.478 -9.379 -9.372 -9.135
