data-raw/tempfiles/05_grid_data_5000BP.asc
ncols 144
nrows 72
xllcorner -180
yllcorner -90
cellsize 2.5
nodata_value -9999
[rows 0 to 31 of 72, columns 71 to 141 of 144]
-16.723 -16.798 -16.833 -16.911 -16.905 -16.948 -16.779 -16.700 -16.674 -16.785 -16.766 -16.802 -16.799 -16.771 -16.733 -16.778 -16.769 -16.781 -16.830 -16.856 -16.870 -16.933 -16.968 -17.026 -17.089 -17.091 -17.047 -17.086 -17.119 -17.162 -17.230 -17.217 -17.253 -17.303 -17.344 -17.368 -17.396 -17.378 -17.382 -17.274 -17.328 -17.387 -17.440 -17.446 -17.448 -17.450 -17.435 -17.403 -17.407 -17.402 -17.392 -17.383 -17.327 -17.288 -17.326 -17.298 -17.270 -17.302 -17.307 -17.304 -17.295 -17.271 -17.234 -17.222 -17.220 -17.200 -17.170 -17.137 -17.120 -17.101 -17.065
-15.958 -15.949 -15.914 -15.825 -15.752 -15.758 -15.752 -15.723 -15.759 -15.787 -15.782 -15.796 -15.782 -15.818 -15.854 -15.907 -15.951 -15.974 -16.011 -16.071 -16.104 -16.164 -16.252 -16.308 -16.361 -16.366 -16.368 -16.398 -16.423 -16.444 -16.474 -16.486 -16.515 -16.554 -16.597 -16.600 -16.617 -16.641 -16.666 -16.718 -16.773 -16.815 -16.850 -16.877 -16.904 -16.937 -16.933 -16.924 -16.950 -16.964 -16.969 -16.950 -16.966 -16.944 -16.920 -16.931 -16.912 -16.894 -16.866 -16.832 -16.809 -16.744 -16.682 -16.637 -16.625 -16.587 -16.555 -16.555 -16.548 -16.549 -16.543
-14.831 -14.763 -14.579 -14.477 -14.458 -14.411 -14.346 -14.341 -14.391 -14.480 -14.551 -14.609 -14.690 -14.823 -14.976 -15.132 -15.284 -15.407 -15.556 -15.695 -15.808 -15.891 -15.953 -15.992 -16.031 -16.048 -16.099 -16.147 -16.187 -16.227 -16.271 -16.307 -16.327 -16.332 -16.342 -16.341 -16.347 -16.371 -16.392 -16.427 -16.409 -16.410 -16.424 -16.441 -16.475 -16.512 -16.535 -16.564 -16.597 -16.644 -16.686 -16.720 -16.786 -16.776 -16.740 -16.727 -16.707 -16.652 -16.604 -16.561 -16.500 -16.417 -16.355 -16.269 -16.192 -16.085 -15.994 -15.889 -15.673 -15.626 -15.618
-12.320 -11.845 -11.368 -11.087 -11.081 -11.093 -11.278 -11.465 -11.960 -12.418 -12.932 -13.112 -13.368 -13.727 -14.058 -14.318 -14.564 -14.686 -14.761 -14.841 -14.920 -14.989 -15.020 -15.007 -15.010 -15.154 -15.333 -15.486 -15.637 -15.777 -15.826 -15.911 -15.950 -15.974 -16.023 -16.023 -16.203 -16.576 -18.046 -17.543 -16.228 -15.788 -15.809 -15.946 -16.022 -16.055 -16.096 -16.104 -16.137 -16.212 -16.280 -16.304 -16.379 -16.364 -16.332 -16.348 -16.324 -16.292 -16.255 -16.167 -16.049 -15.928 -15.797 -15.599 -15.363 -15.121 -15.006 -15.034 -15.141 -15.246 -15.294
-8.549 -7.493 -6.710 -6.370 -6.801 -8.390 -10.682 -12.556 -12.709 -12.032 -12.284 -12.138 -12.214 -12.497 -12.804 -13.033 -13.263 -13.363 -13.318 -13.239 -13.156 -13.083 -12.987 -12.873 -12.813 -12.814 -12.933 -13.078 -13.341 -13.595 -13.873 -14.198 -14.469 -14.745 -15.008 -15.236 -15.417 -15.711 -16.701 -17.493 -16.894 -17.571 -17.269 -15.783 -15.618 -15.882 -15.944 -15.955 -16.025 -16.085 -16.150 -16.188 -16.145 -16.138 -16.140 -16.156 -16.201 -16.227 -16.207 -16.175 -16.058 -15.950 -15.823 -15.623 -15.339 -15.002 -14.655 -14.511 -14.654 -14.713 -14.717
-6.208 -5.571 -5.146 -4.965 -5.021 -5.369 -6.068 -7.440 -8.369 -8.743 -8.862 -8.911 -8.915 -9.059 -9.387 -9.694 -9.885 -9.900 -9.787 -9.739 -9.813 -9.905 -9.883 -10.176 -10.778 -10.953 -11.150 -11.313 -11.252 -11.403 -11.852 -12.378 -12.840 -13.304 -13.635 -13.910 -14.310 -14.692 -15.315 -15.665 -15.996 -16.963 -17.659 -17.332 -17.688 -17.667 -16.149 -15.721 -15.883 -15.955 -15.916 -15.859 -15.853 -15.762 -15.653 -15.765 -16.653 -16.511 -16.269 -15.667 -15.626 -15.601 -15.412 -15.167 -14.782 -14.282 -13.552 -13.340 -13.429 -13.439 -13.320
-4.843 -4.318 -3.901 -3.692 -3.545 -3.542 -3.621 -3.681 -3.846 -3.904 -4.063 -4.048 -3.983 -4.147 -4.494 -4.985 -5.422 -5.651 -5.807 -6.125 -6.682 -7.556 -9.192 -10.771 -10.216 -9.894 -9.727 -9.806 -10.039 -10.444 -10.541 -10.982 -11.548 -12.746 -13.530 -13.834 -14.592 -15.070 -15.519 -15.689 -15.630 -15.494 -15.440 -15.510 -15.774 -15.958 -15.750 -15.975 -15.883 -15.565 -15.466 -15.563 -15.168 -14.886 -14.932 -14.918 -15.021 -15.211 -14.942 -14.608 -14.592 -14.536 -14.441 -14.330 -14.182 -13.983 -13.622 -13.112 -12.680 -12.391 -12.194
-1.749 -1.112 -0.666 -0.317 0.023 0.235 0.434 0.702 0.725 0.370 -0.331 -1.181 -1.675 -0.875 -0.911 -1.424 -1.900 -2.573 -3.438 -4.370 -5.401 -6.852 -8.894 -9.207 -9.070 -8.978 -8.988 -9.131 -10.593 -10.743 -9.807 -10.868 -11.804 -12.067 -12.203 -12.186 -12.306 -12.733 -13.148 -13.382 -13.575 -13.812 -14.164 -14.624 -14.879 -14.638 -14.337 -14.228 -14.261 -14.661 -15.015 -15.475 -15.067 -14.153 -14.672 -14.414 -14.116 -14.341 -13.963 -13.751 -13.711 -13.251 -12.963 -12.904 -12.838 -12.077 -11.914 -11.761 -11.310 -10.890 -10.748
0.967 1.587 2.103 2.520 2.906 3.163 2.918 0.154 -2.877 -3.611 -3.194 -2.977 -2.965 -2.519 -2.062 -1.569 -0.932 -1.480 -2.995 -3.969 -5.058 -5.839 -6.626 -7.269 -7.757 -8.483 -8.909 -8.404 -8.638 -9.100 -8.229 -8.929 -9.461 -9.902 -9.975 -10.012 -10.706 -12.139 -13.604 -14.172 -13.898 -12.886 -12.367 -12.839 -13.365 -13.156 -12.448 -12.041 -12.358 -12.382 -12.264 -13.257 -14.429 -13.621 -13.600 -13.377 -14.267 -13.634 -12.159 -11.628 -11.699 -11.147 -10.417 -9.752 -9.629 -9.598 -10.202 -10.633 -10.100 -10.186 -11.170
2.751 3.356 3.787 4.021 4.258 3.856 -0.234 -2.465 -2.532 -1.519 -1.366 -1.893 -2.143 -1.874 -1.483 -1.360 -1.546 -1.875 -1.990 -2.459 -3.524 -4.029 -4.682 -4.936 -5.687 -6.470 -6.642 -6.583 -6.555 -6.761 -7.111 -7.681 -7.622 -7.386 -7.514 -7.391 -8.159 -9.241 -10.223 -11.299 -11.478 -11.059 -10.582 -10.569 -10.677 -10.824 -10.817 -10.527 -10.535 -10.502 -10.339 -11.954 -13.109 -12.284 -12.507 -12.427 -13.155 -12.645 -11.828 -11.414 -9.865 -8.667 -8.902 -8.514 -8.577 -8.594 -8.469 -8.823 -8.888 -8.474 -7.922
4.376 4.867 5.349 5.117 3.748 1.271 -0.572 -0.162 0.313 1.047 0.689 -0.019 -0.335 -0.314 -0.137 -0.330 -0.206 -0.442 -0.830 -1.371 -1.887 -2.228 -2.337 -2.664 -4.338 -4.059 -3.862 -4.106 -4.499 -5.019 -5.462 -5.687 -5.636 -5.310 -5.268 -5.455 -6.433 -7.450 -7.692 -8.081 -8.243 -8.304 -8.185 -8.190 -8.287 -8.550 -8.552 -8.220 -8.252 -8.251 -8.236 -8.758 -9.938 -10.583 -10.982 -11.096 -12.011 -11.796 -11.463 -11.049 -10.201 -9.231 -8.717 -8.258 -8.337 -7.325 -6.914 -6.618 -6.148 -5.955 -5.655
5.929 6.223 6.310 1.712 -0.863 0.635 0.943 2.090 3.260 2.615 1.843 1.930 1.836 1.853 1.546 1.040 0.567 0.409 0.260 0.090 -0.202 -0.544 -0.733 -1.074 -2.180 -1.227 -1.323 -1.720 -2.232 -2.701 -3.244 -3.384 -3.401 -3.735 -4.004 -4.074 -4.099 -4.780 -5.614 -6.107 -6.044 -6.049 -6.247 -6.135 -6.083 -6.133 -5.813 -5.616 -5.843 -6.250 -6.482 -6.963 -7.568 -8.092 -8.589 -9.078 -9.656 -8.584 -8.067 -7.655 -7.624 -7.646 -7.378 -4.455 -2.031 -2.579 -2.757 -2.769 -3.095 -2.882 -0.432
7.235 7.153 7.116 4.525 4.102 4.972 4.082 4.366 5.011 4.811 4.330 3.623 3.656 3.225 2.481 2.049 1.877 1.563 1.405 1.357 1.069 0.428 0.500 0.403 -0.272 0.746 0.608 -0.039 -0.530 -1.023 -1.379 -1.704 -1.872 -2.053 -2.312 -2.411 -2.365 -2.604 -3.478 -3.860 -3.770 -3.825 -4.484 -4.782 -4.581 -4.832 -5.656 -6.083 -5.181 -5.333 -5.861 -6.441 -6.627 -6.683 -6.477 -6.711 -6.074 -2.501 -1.075 -0.940 -0.614 -0.809 -0.948 0.720 -0.271 -2.152 0.742 2.209 2.684 2.888 2.938
8.224 8.282 8.048 7.813 7.470 6.865 5.711 6.390 6.483 6.060 5.055 4.614 4.314 3.867 3.318 3.211 3.091 2.906 2.888 2.741 2.384 2.239 2.120 1.943 1.148 1.742 1.451 0.919 0.553 0.095 -0.256 -0.620 -0.725 -0.730 -0.556 -0.350 -0.489 -0.643 -1.122 -1.340 -1.626 -2.305 -2.852 -3.360 -4.789 -6.465 -6.638 -6.675 -6.993 -5.891 -5.679 -5.759 -6.414 -7.098 -5.654 -4.303 -2.246 -0.548 0.035 0.549 1.123 1.829 2.418 0.501 -1.873 -0.768 2.782 3.507 3.731 3.939 4.074
8.590 9.163 9.064 8.876 8.627 8.472 8.359 7.910 7.362 7.026 6.134 5.330 4.999 4.581 4.302 4.005 3.902 3.818 3.514 3.408 3.616 3.441 2.813 2.419 1.515 2.423 2.314 1.846 1.518 1.519 1.456 1.205 1.061 1.060 1.266 1.005 -0.184 -0.118 -1.512 -3.525 -3.531 -1.794 -1.535 -2.452 -3.152 -5.041 -4.251 -4.244 -4.123 -3.743 -2.994 -2.463 -2.950 -4.107 -4.095 -1.853 -0.999 -0.451 0.017 0.961 1.871 2.740 3.344 1.397 0.186 3.241 4.252 4.466 4.759 4.954 5.041
9.683 10.050 9.835 9.297 8.585 8.293 8.511 8.213 8.010 7.592 7.353 6.818 6.487 6.190 5.698 5.733 5.679 5.535 5.265 5.253 5.287 4.992 4.458 3.511 2.994 3.078 3.004 2.690 2.244 2.446 2.492 2.901 3.161 2.409 0.666 -1.234 -3.874 -2.969 -2.408 -3.319 -5.365 -4.455 -1.983 -0.818 -1.064 -1.769 -0.892 -1.247 -1.903 -2.608 -1.891 -0.950 -0.815 -2.544 -3.846 -1.445 -0.880 0.260 0.369 1.003 1.953 2.885 3.432 3.314 4.043 4.837 5.131 5.359 5.537 5.707 5.817
11.106 10.597 10.377 9.583 9.145 8.184 7.842 8.690 8.096 7.966 6.923 7.361 7.848 7.807 7.498 7.466 7.487 7.729 7.733 7.633 7.324 7.208 7.007 5.535 4.678 5.126 5.139 3.987 3.434 3.437 2.569 2.369 2.849 2.832 2.138 -1.303 -5.165 -3.390 -0.716 -3.244 -4.115 -1.593 0.165 -0.309 -2.229 -0.815 1.029 1.422 0.433 -0.225 1.583 1.049 0.956 0.781 0.967 0.366 -0.931 1.626 1.588 1.798 2.560 3.185 3.577 4.105 4.908 5.414 5.745 5.995 6.091 6.285 6.480
12.612 11.571 10.577 8.137 7.130 6.852 8.211 9.862 10.838 10.316 8.068 8.242 10.186 10.280 10.245 10.657 10.752 10.304 9.888 9.886 9.473 9.815 9.679 8.246 7.194 7.614 7.937 7.379 7.289 6.645 6.327 6.712 6.002 4.475 4.050 5.550 3.986 -0.505 -0.397 -1.250 -1.807 -1.096 1.408 1.511 1.637 1.778 1.520 2.376 1.441 3.171 4.750 3.416 2.750 3.539 3.074 1.025 3.451 4.543 3.598 3.334 3.561 4.046 4.614 5.215 5.850 6.313 6.519 6.602 6.595 6.884 7.284
13.506 12.021 12.921 11.957 14.038 13.058 13.482 12.043 9.773 10.654 10.807 11.260 12.012 12.412 12.446 12.689 12.673 9.488 8.654 10.337 11.523 11.879 11.564 10.752 10.313 11.014 11.237 11.070 10.438 9.137 7.693 6.333 3.840 2.404 1.664 2.443 5.292 5.372 4.567 4.290 4.364 4.313 3.997 4.633 5.362 4.760 3.876 3.028 4.630 7.233 6.396 4.866 3.653 4.818 3.922 4.964 6.695 6.888 5.716 5.151 5.376 5.979 6.711 7.246 7.615 7.833 7.888 7.971 7.931 8.125 8.786
12.681 14.323 16.168 16.559 16.059 16.272 15.241 15.306 14.585 11.320 12.284 13.317 13.896 12.715 11.475 12.478 11.947 9.529 6.911 8.979 12.248 13.692 14.470 14.199 14.424 14.159 14.309 13.429 12.474 7.613 2.251 -0.877 1.678 6.551 8.453 8.408 9.289 10.165 8.646 5.469 7.030 8.124 7.286 6.963 5.970 5.131 5.028 6.119 7.753 8.756 7.421 5.107 4.732 7.628 7.589 8.600 9.544 9.137 8.802 7.942 8.434 9.126 9.664 9.922 9.969 10.013 10.131 10.326 10.521 10.715 10.838
15.133 17.674 17.913 17.986 17.678 17.751 17.552 17.341 17.737 15.413 16.514 16.672 14.125 11.844 11.973 10.112 10.680 9.926 7.203 9.013 13.112 15.585 17.176 15.959 16.504 16.758 16.754 14.014 9.101 0.059 -5.651 3.995 11.187 11.258 11.171 8.957 4.796 3.676 2.989 -2.787 -1.961 4.679 8.314 8.501 8.186 7.656 9.236 13.162 11.734 10.380 9.729 9.104 10.245 11.163 11.421 11.986 11.772 11.378 12.110 12.272 12.711 13.079 13.148 13.091 13.037 13.048 13.109 13.265 13.425 13.541 13.564
17.728 17.632 17.449 17.369 17.890 18.758 18.335 18.948 18.991 18.498 18.258 18.580 18.052 17.322 17.059 17.868 18.446 19.105 16.845 11.016 10.083 13.471 14.575 14.837 13.453 16.679 15.041 12.074 9.796 0.690 -3.481 -7.233 -3.985 -0.323 -2.458 -7.018 -7.603 -5.712 -0.809 0.526 -1.324 1.735 6.587 8.677 10.294 10.684 12.465 14.242 13.116 12.293 11.846 11.569 12.116 13.665 14.171 13.328 12.062 14.698 15.448 15.736 15.778 16.073 16.002 15.884 15.794 15.796 15.839 15.828 15.878 15.936 15.974
16.302 16.569 18.471 21.106 21.114 20.859 20.032 19.808 19.816 19.755 19.655 19.577 19.897 20.178 20.586 18.330 19.575 21.459 23.331 18.601 12.340 13.995 18.336 19.580 16.651 17.343 11.559 7.681 8.527 16.771 12.954 -0.932 -8.033 -7.587 -5.499 -5.553 -5.648 -5.482 -3.918 -2.776 -2.285 0.254 5.152 10.796 12.849 13.799 15.451 15.426 14.813 13.932 13.932 14.424 15.328 15.453 15.940 16.425 17.160 17.869 18.298 18.378 18.165 18.342 18.368 18.250 18.202 18.205 18.194 18.212 18.218 18.207 18.239
20.112 20.072 21.259 21.967 21.511 20.938 21.651 21.834 21.433 22.258 22.036 21.476 21.571 21.566 21.306 20.251 21.367 22.724 24.667 25.675 23.456 13.799 15.624 17.480 21.274 21.621 20.944 17.070 16.293 23.721 22.769 17.158 1.945 -5.203 -4.218 -3.453 -3.006 -2.903 -2.988 -1.518 0.372 2.755 10.763 16.444 14.829 15.367 16.617 16.424 16.574 15.986 16.060 17.525 18.607 18.527 19.568 19.727 19.781 20.045 20.168 20.167 20.090 19.941 20.285 20.294 20.228 20.242 20.258 20.248 20.209 20.212 20.199
23.092 22.536 22.166 22.429 22.171 21.659 21.651 22.040 22.835 23.466 22.765 22.715 22.960 22.963 22.700 21.853 22.958 23.164 24.332 25.291 25.999 23.227 19.227 18.433 22.222 20.616 22.195 19.340 22.865 25.042 24.929 23.061 21.285 15.618 5.495 -0.146 0.201 1.236 6.595 7.861 4.999 7.040 14.069 17.091 16.360 17.158 17.931 18.359 17.673 17.475 18.562 20.159 20.969 21.354 21.503 21.700 21.823 21.797 21.802 21.873 21.895 21.752 22.000 22.101 22.044 22.052 22.063 22.075 22.010 22.009 21.960
23.683 24.737 23.810 22.125 22.331 22.799 22.680 23.017 23.663 23.640 23.186 22.543 22.982 24.272 25.790 25.776 24.318 24.025 25.138 25.262 26.499 26.009 25.849 26.620 25.597 24.486 24.223 24.327 25.043 25.947 24.399 24.121 23.854 23.762 23.536 21.481 19.435 18.314 19.645 19.411 13.454 13.928 14.267 17.234 18.136 18.611 19.295 19.341 19.489 20.182 21.761 22.573 22.772 22.838 23.114 23.466 23.549 23.482 23.443 23.510 23.499 23.551 23.685 23.711 23.613 23.626 23.657 23.699 23.601 23.570 23.514
24.906 25.034 24.033 20.864 21.543 21.821 22.028 23.209 23.181 22.751 23.596 22.432 24.433 25.596 26.763 25.841 27.012 25.884 25.315 25.284 26.641 27.508 27.048 26.900 26.596 25.356 25.108 25.262 25.814 26.369 25.577 25.202 24.203 23.715 23.625 23.907 23.535 22.969 21.256 22.300 18.259 17.603 17.951 20.621 21.487 21.018 21.545 21.523 22.406 21.962 24.294 24.526 24.427 24.393 24.570 24.881 25.038 25.039 25.040 25.009 24.963 25.000 25.095 25.061 24.943 24.878 24.906 24.913 24.848 24.776 24.734
25.980 25.496 24.868 24.872 23.779 24.301 24.494 22.896 21.351 23.603 23.671 23.506 25.071 26.505 27.679 27.131 27.578 25.109 25.374 26.019 26.855 27.267 27.857 28.547 27.504 25.371 25.444 25.571 25.886 26.371 25.645 25.434 25.172 24.970 25.024 25.370 25.453 25.255 23.046 23.173 21.159 21.157 20.991 23.439 23.315 23.350 23.690 24.269 25.157 25.603 25.834 25.779 25.793 25.859 25.927 26.030 26.148 26.208 26.221 26.155 26.111 26.154 26.141 26.085 25.993 25.929 25.939 25.907 25.881 25.734 25.655
26.587 26.292 25.998 26.129 24.210 25.066 26.043 26.788 26.937 26.081 24.417 24.908 26.094 27.725 28.789 27.913 27.509 26.403 22.529 25.819 27.079 27.305 26.943 27.177 25.744 25.862 26.137 26.453 26.685 27.009 24.982 25.860 26.302 25.576 25.569 26.945 26.665 26.585 25.572 25.078 24.341 24.553 23.305 24.402 24.735 25.149 25.798 26.313 26.822 26.765 27.002 26.805 26.842 26.941 26.954 26.896 26.992 27.145 26.961 26.889 26.972 26.950 26.924 26.872 26.820 26.712 26.658 26.623 26.576 26.403 26.335
27.335 27.527 26.827 26.577 26.501 26.506 27.086 28.207 28.886 27.723 25.115 25.074 26.776 27.804 28.693 28.252 26.006 28.168 22.955 24.899 25.175 26.129 25.740 26.108 26.122 26.271 26.509 26.839 27.045 27.339 25.557 26.186 26.767 27.408 27.499 27.280 26.919 26.675 26.605 26.951 26.230 26.705 26.713 25.162 25.954 26.618 26.980 27.341 27.569 26.120 27.386 27.250 27.518 27.543 27.432 27.410 27.501 27.619 27.464 27.391 27.481 27.481 27.415 27.324 27.197 27.078 26.986 26.917 26.840 26.738 26.631
27.092 27.242 27.349 26.554 26.703 28.131 28.789 29.173 29.389 27.686 25.491 26.390 27.114 27.863 27.430 24.385 20.010 27.448 25.353 25.381 26.924 27.077 26.625 26.523 26.604 26.737 26.935 27.233 27.377 27.536 26.826 24.925 26.501 27.837 27.642 27.421 27.190 26.969 27.004 27.317 26.465 27.266 27.406 26.655 25.844 27.370 27.649 27.835 28.027 27.544 27.526 27.601 27.820 27.909 27.762 27.747 27.801 27.788 27.573 27.585 27.660 27.631 27.520 27.407 27.260 27.162 27.073 27.042 27.020 26.972 26.864
27.184 27.381 27.158 26.029 25.293 27.406 28.063 28.456 27.853 27.461 26.795 27.168 26.543 26.427 26.115 21.417 17.900 25.985 26.829 27.269 26.795 27.135 26.696 26.854 27.140 27.294 27.477 27.657 27.619 27.769 27.666 25.643 27.552 27.872 27.986 27.670 27.451 27.205 27.180 27.388 27.138 27.456 27.052 26.962 26.432 27.741 27.991 28.077 28.064 27.693 27.505 27.772 28.075 27.996 27.831 27.783 27.816 27.831 27.720 27.717 27.681 27.675 27.585 27.467 27.328 27.282 27.264 27.313 27.378 27.289 27.087
