data-raw/tempfiles/06_grid_data_6000BP.asc
ncols 144
nrows 72
xllcorner -180
yllcorner -90
cellsize 2.5
nodata_value -9999
[rows 0 to 31 of 72, columns 0 to 70 of 144]
-16.825 -16.976 -17.039 -17.053 -17.029 -17.019 -17.023 -17.032 -17.044 -17.058 -17.034 -17.048 -17.072 -17.091 -17.079 -17.087 -17.069 -17.105 -17.128 -17.134 -17.179 -17.143 -17.149 -17.206 -17.198 -17.161 -17.150 -17.144 -17.181 -17.217 -17.215 -17.187 -17.182 -17.141 -17.169 -17.080 -17.099 -17.039 -17.077 -17.130 -17.115 -17.110 -17.087 -17.040 -16.999 -16.980 -16.951 -16.870 -16.945 -16.919 -16.908 -16.913 -16.826 -16.790 -16.755 -16.762 -16.715 -16.673 -16.669 -16.671 -16.679 -16.693 -16.709 -16.839 -16.922 -17.056 -16.973 -16.901 -16.802 -16.794 -16.776
-16.464 -16.580 -16.589 -16.578 -16.554 -16.490 -16.393 -16.296 -16.196 -16.094 -15.975 -15.893 -15.903 -15.902 -15.926 -15.960 -15.998 -16.074 -16.175 -16.263 -16.333 -16.312 -16.390 -16.482 -16.536 -16.598 -16.631 -16.668 -16.712 -16.778 -16.820 -16.819 -16.825 -16.806 -16.810 -16.763 -16.719 -16.658 -16.642 -16.640 -16.621 -16.624 -16.562 -16.538 -16.507 -16.510 -16.506 -16.402 -16.536 -16.589 -16.634 -16.720 -16.710 -16.726 -16.737 -16.729 -16.711 -16.657 -16.643 -16.627 -16.574 -16.538 -16.494 -16.376 -16.263 -16.217 -16.222 -16.150 -16.100 -16.048 -15.992
-15.468 -15.455 -15.479 -15.522 -15.575 -15.528 -15.541 -15.621 -15.682 -15.706 -15.667 -15.635 -15.610 -15.591 -15.581 -15.530 -15.512 -15.509 -15.531 -15.515 -15.552 -15.576 -15.635 -15.727 -15.803 -15.884 -15.969 -16.086 -16.212 -16.359 -16.486 -16.567 -16.616 -16.621 -16.586 -16.509 -16.462 -16.458 -16.785 -17.287 -17.336 -17.362 -17.353 -17.322 -17.150 -16.867 -16.479 -15.938 -15.912 -16.125 -16.334 -16.435 -16.671 -17.204 -17.759 -18.664 -19.517 -19.876 -19.972 -19.991 -19.304 -18.392 -16.704 -15.782 -15.512 -15.479 -15.413 -15.259 -15.113 -14.984 -14.852
-15.375 -15.316 -15.360 -15.428 -15.490 -15.565 -15.578 -15.619 -15.640 -15.597 -15.522 -15.469 -15.389 -15.398 -15.415 -15.373 -15.362 -15.354 -15.424 -15.475 -15.510 -15.639 -15.726 -15.787 -15.864 -15.869 -15.907 -15.997 -16.006 -16.082 -16.197 -16.121 -16.424 -17.411 -20.423 -21.073 -21.266 -20.773 -21.159 -21.701 -21.712 -21.896 -21.967 -21.304 -19.544 -18.545 -18.436 -19.513 -19.555 -19.764 -19.900 -20.012 -20.494 -21.250 -21.814 -22.548 -22.748 -22.367 -22.355 -22.358 -21.966 -21.600 -21.009 -19.327 -18.585 -16.004 -14.224 -13.458 -13.153 -12.859 -12.540
-14.709 -14.577 -14.561 -14.547 -14.508 -14.483 -14.532 -14.645 -14.679 -14.650 -14.617 -14.586 -14.673 -14.793 -14.887 -14.968 -15.043 -15.167 -15.351 -15.580 -15.768 -15.961 -16.001 -16.015 -16.027 -15.984 -16.226 -16.740 -16.237 -16.092 -16.815 -17.011 -16.041 -16.890 -19.985 -20.665 -19.760 -18.676 -19.180 -20.998 -19.789 -16.898 -14.926 -15.139 -16.434 -17.032 -18.448 -19.821 -21.003 -22.077 -23.129 -24.040 -24.872 -25.694 -26.218 -26.315 -25.938 -25.064 -23.812 -22.154 -20.206 -18.362 -17.221 -16.462 -14.337 -13.108 -12.105 -11.686 -11.143 -10.459 -9.444
-13.028 -12.968 -12.935 -12.910 -12.885 -12.895 -12.932 -12.990 -13.081 -13.170 -13.201 -13.265 -13.447 -13.632 -13.853 -14.072 -14.360 -14.686 -14.986 -15.188 -15.335 -15.379 -15.264 -15.482 -16.000 -15.882 -15.909 -15.514 -15.409 -15.282 -15.550 -16.568 -16.580 -15.978 -15.940 -16.051 -16.852 -18.401 -18.805 -18.133 -14.641 -12.119 -11.533 -11.687 -12.975 -13.163 -13.232 -13.778 -15.252 -17.282 -19.846 -22.456 -24.153 -25.461 -26.212 -26.429 -26.139 -25.549 -24.780 -23.639 -21.742 -19.021 -16.719 -14.726 -11.814 -10.761 -10.172 -9.495 -8.631 -7.639 -6.592
-11.984 -11.791 -11.657 -11.567 -11.524 -11.501 -11.607 -11.689 -11.860 -11.991 -12.137 -12.265 -12.433 -12.534 -12.636 -12.732 -12.901 -13.101 -13.223 -13.291 -13.186 -13.041 -14.591 -15.472 -15.846 -15.507 -14.717 -14.599 -14.549 -14.605 -13.941 -14.964 -15.898 -14.890 -16.598 -15.599 -15.356 -15.300 -15.492 -15.202 -14.136 -12.698 -11.944 -11.818 -11.718 -11.382 -10.903 -9.811 -8.380 -9.232 -12.938 -17.746 -21.070 -23.392 -24.775 -25.741 -26.286 -26.291 -25.386 -22.971 -19.848 -16.643 -14.458 -11.835 -8.638 -7.382 -6.605 -5.806 -5.310 -5.094 -4.665
-10.703 -9.978 -9.656 -9.483 -9.365 -9.379 -9.525 -9.937 -10.823 -11.104 -11.038 -10.588 -10.584 -10.668 -10.860 -11.213 -11.378 -11.411 -11.383 -11.371 -11.231 -11.105 -12.500 -13.009 -12.853 -13.913 -14.057 -14.629 -14.911 -14.702 -13.883 -13.739 -14.629 -15.324 -15.606 -13.580 -14.706 -15.656 -15.725 -15.284 -14.307 -14.346 -14.209 -13.370 -11.429 -10.521 -9.974 -8.243 -6.817 -5.415 -7.267 -10.731 -15.351 -19.569 -21.963 -23.545 -24.920 -25.164 -23.268 -19.261 -15.929 -13.651 -11.521 -7.791 -5.400 -4.049 -3.316 -2.855 -2.521 -2.065 -1.454
-9.930 -8.258 -7.615 -7.410 -7.016 -6.742 -7.976 -9.992 -10.431 -10.848 -11.046 -10.758 -10.779 -10.880 -10.756 -10.509 -9.718 -9.004 -8.881 -9.069 -9.723 -10.531 -11.515 -12.306 -11.515 -11.107 -12.157 -13.518 -13.726 -13.568 -13.627 -13.081 -12.868 -12.953 -13.441 -13.717 -12.882 -12.629 -13.242 -11.577 -10.728 -10.641 -10.668 -11.945 -11.589 -10.011 -8.768 -7.321 -5.885 -3.993 -3.975 -5.329 -10.437 -15.787 -19.125 -20.885 -21.934 -20.752 -15.692 -12.966 -10.529 -7.159 -3.987 -2.164 -1.260 -0.629 -0.258 -0.059 0.201 0.724 1.399
-7.313 -6.772 -6.417 -5.714 -4.720 -4.493 -4.975 -5.744 -5.668 -5.392 -5.830 -5.916 -5.695 -5.395 -5.277 -6.061 -7.301 -7.146 -6.464 -6.146 -6.046 -6.592 -7.433 -8.479 -9.301 -9.382 -10.181 -11.107 -11.384 -11.903 -12.127 -12.416 -12.607 -12.775 -13.058 -12.996 -12.364 -11.551 -11.647 -10.471 -10.052 -9.702 -9.191 -9.038 -8.958 -9.579 -10.084 -7.259 -4.992 -2.733 -2.516 -6.243 -10.707 -15.387 -17.426 -14.680 -10.100 -8.162 -2.971 -0.037 0.855 1.533 1.236 0.328 -0.614 -0.101 1.708 2.379 2.396 2.715 3.221
-2.967 -2.293 -3.030 -2.783 -2.453 -2.063 -2.301 -2.712 -2.304 -1.832 -2.524 -3.663 -3.964 -4.370 -5.030 -4.676 -4.555 -5.090 -5.863 -6.908 -7.508 -5.923 -4.316 -4.488 -5.168 -5.988 -7.319 -8.199 -8.529 -8.839 -9.217 -9.686 -10.023 -10.362 -10.696 -10.370 -9.555 -9.441 -9.380 -8.562 -7.978 -7.526 -7.053 -7.567 -9.072 -9.227 -6.643 -4.924 -3.194 -1.525 -0.350 -2.442 -10.030 -16.395 -15.329 -4.996 1.081 1.898 2.277 2.816 3.395 3.758 3.855 2.870 0.939 1.976 4.099 4.589 4.576 4.661 4.943
-0.203 -0.021 -0.363 -0.511 -0.582 -0.445 -0.444 -0.878 -1.308 -0.820 -2.829 -0.826 -1.484 -1.683 -3.356 -6.375 -5.757 -3.510 -3.527 -4.256 -4.735 -4.912 -3.094 -2.331 -2.864 -2.716 -3.359 -3.879 -5.168 -5.864 -6.554 -7.501 -8.011 -8.193 -8.226 -8.347 -8.320 -8.098 -7.711 -7.150 -6.438 -7.336 -7.458 -6.452 -5.735 -5.141 -4.252 -2.947 -1.397 -0.356 0.388 0.826 -2.699 -6.394 -6.641 1.667 2.839 3.399 4.148 4.599 5.088 5.369 5.764 6.096 6.491 6.745 6.765 6.791 6.686 6.601 6.545
2.364 2.248 1.830 1.414 1.097 1.122 1.362 0.965 1.135 0.712 1.963 3.958 4.504 5.326 5.473 4.765 2.728 0.370 -0.989 -2.429 -2.641 -2.863 -1.350 -0.496 -0.862 -1.395 -1.480 -1.312 -2.312 -3.171 -3.963 -4.722 -5.689 -5.938 -6.317 -6.827 -7.219 -7.237 -6.941 -6.364 -5.455 -5.449 -5.583 -5.182 -4.006 -3.791 -4.547 -2.378 -0.635 0.748 1.650 2.031 2.372 2.630 2.500 3.309 3.957 4.461 5.182 5.736 6.263 6.707 7.246 7.581 7.822 8.045 8.146 8.141 8.000 7.677 7.394
3.971 4.028 3.982 3.729 3.576 3.601 3.812 3.748 3.656 4.169 4.720 5.363 5.728 5.774 6.148 6.432 6.698 6.594 5.715 1.918 -0.236 -0.957 -0.333 0.996 1.485 1.229 0.810 0.506 -0.175 -1.014 -1.647 -2.194 -2.837 -3.261 -3.632 -4.371 -5.415 -5.452 -5.552 -5.401 -4.452 -3.335 -3.828 -3.691 -2.838 -2.694 -2.896 -1.592 -0.593 0.670 1.883 2.866 3.660 4.283 4.685 5.094 5.468 6.052 6.678 7.190 7.739 8.208 8.675 9.194 9.396 9.507 9.587 9.461 9.211 8.508 7.279
5.151 5.312 5.407 5.401 5.367 5.352 5.475 5.619 5.866 6.059 6.120 6.313 6.467 6.813 7.150 7.440 7.657 7.783 7.898 7.526 4.615 2.463 2.816 0.974 0.222 1.839 2.453 1.589 1.113 0.813 0.473 0.004 -1.248 -1.423 -1.990 -2.350 -2.509 -2.464 -2.211 -3.582 -3.021 -2.032 -2.533 -3.409 -3.400 -2.796 -1.837 -0.250 0.478 0.732 1.227 2.839 4.285 5.489 6.344 6.884 7.173 7.488 7.913 8.407 8.932 9.387 9.832 10.218 10.499 10.661 10.633 10.309 9.211 9.144 8.641
5.867 6.112 6.224 6.385 6.467 6.538 6.546 6.594 6.563 6.780 6.948 7.171 7.376 7.643 7.929 8.221 8.464 8.775 8.774 8.926 8.572 4.493 2.623 3.278 1.784 0.195 3.266 3.834 3.030 2.627 1.793 1.490 1.579 0.856 -0.120 -0.815 -1.087 -0.752 -0.101 -0.345 -0.526 -0.571 -1.308 -1.750 -1.202 -0.719 0.062 1.153 1.660 2.327 2.089 3.212 4.399 5.906 7.472 8.674 9.333 9.634 9.874 10.264 10.642 10.897 11.200 11.442 11.659 11.818 11.760 11.414 10.789 10.508 9.597
6.605 6.946 7.110 7.282 7.385 7.444 7.520 7.606 7.658 7.818 8.019 8.252 8.448 8.730 8.917 9.145 9.350 9.593 9.863 10.032 10.159 9.673 9.305 6.094 6.026 4.871 4.083 5.858 5.697 5.254 4.549 4.082 3.413 3.211 2.413 1.164 0.856 0.831 0.925 1.022 1.020 0.837 0.647 0.978 2.244 2.685 3.151 3.328 3.473 4.075 4.362 4.210 4.737 6.225 8.294 10.169 11.344 11.766 11.928 12.158 12.358 12.463 12.621 12.759 12.881 12.974 13.002 12.917 12.595 12.219 11.456
7.631 8.053 8.245 8.443 8.613 8.735 8.824 8.938 9.063 9.231 9.461 9.652 9.738 9.832 9.911 10.071 10.234 10.403 10.761 11.182 11.473 11.381 11.285 9.124 10.088 7.230 4.501 4.694 6.848 8.135 7.394 7.100 6.339 5.470 5.049 4.399 4.297 4.310 3.731 3.700 3.624 3.837 3.952 3.480 4.463 5.117 5.314 5.231 5.415 5.597 5.559 5.636 6.232 7.830 10.032 11.975 12.963 13.353 13.600 13.707 13.855 13.924 13.923 13.942 13.976 14.057 14.123 14.119 13.993 13.804 13.319
9.354 9.718 9.937 10.140 10.350 10.469 10.553 10.671 10.818 10.926 11.046 11.244 11.329 11.383 11.427 11.468 11.606 11.682 11.988 12.259 12.325 12.092 11.271 8.191 8.029 7.885 5.353 3.901 4.648 6.931 8.598 9.375 8.935 7.637 7.223 7.521 7.373 7.310 7.668 7.484 7.357 7.460 6.953 6.817 6.516 6.738 6.989 7.543 8.339 8.954 9.327 9.340 9.884 11.450 13.204 14.393 14.778 14.918 15.121 15.184 15.233 15.232 15.241 15.194 15.261 15.324 15.314 15.252 14.490 13.118 13.432
11.702 11.769 11.934 12.170 12.349 12.455 12.466 12.546 12.639 12.731 12.839 12.935 12.975 12.961 12.940 13.030 13.101 13.259 13.356 13.505 13.318 12.602 11.538 9.216 9.444 7.892 8.892 5.615 5.710 5.008 9.498 10.203 10.482 10.335 9.932 10.138 10.154 10.085 10.098 10.236 9.218 9.844 10.025 9.641 9.505 10.540 11.854 12.952 13.613 14.011 14.141 14.009 14.225 15.004 15.727 16.230 16.398 16.423 16.544 16.572 16.507 16.360 16.393 16.319 16.520 16.603 16.615 16.402 14.946 13.082 12.270
14.380 14.072 14.207 14.290 14.355 14.428 14.452 14.498 14.539 14.581 14.644 14.683 14.675 14.612 14.609 14.690 14.767 14.886 14.927 14.875 14.514 13.557 13.506 13.509 9.431 9.137 8.772 7.666 7.283 3.610 10.037 12.348 12.778 12.706 12.877 12.727 13.070 12.780 12.539 11.835 12.044 13.787 13.171 13.780 15.151 16.127 16.884 17.523 17.787 17.760 17.737 17.616 17.512 17.640 17.776 17.887 17.965 17.951 17.942 17.769 17.443 17.328 17.463 17.723 17.869 17.908 17.878 17.592 17.356 16.458 14.698
16.701 16.262 16.299 16.292 16.292 16.284 16.282 16.286 16.335 16.361 16.377 16.334 16.241 16.169 16.153 16.175 16.219 16.252 16.212 16.091 15.820 14.954 13.816 15.483 13.902 16.355 14.124 11.078 10.060 7.950 11.758 14.263 14.769 15.088 14.076 14.711 15.039 14.254 13.259 13.776 15.717 15.943 16.914 17.872 18.685 19.310 19.453 19.555 19.565 19.509 19.457 19.385 19.312 19.266 19.269 19.286 19.282 19.252 19.215 19.055 18.715 18.531 18.479 18.732 18.804 18.896 18.817 18.550 18.344 17.980 16.729
18.677 18.227 18.177 18.213 18.108 18.064 18.044 17.985 18.035 18.002 17.964 17.913 17.712 17.628 17.605 17.551 17.515 17.498 17.396 17.201 16.869 16.152 15.200 15.002 16.461 18.745 20.752 16.050 11.727 13.627 14.707 16.266 17.424 16.982 16.758 16.953 16.426 16.320 16.703 17.580 18.243 19.322 19.975 20.128 20.292 20.946 21.042 21.015 21.027 20.995 20.932 20.858 20.804 20.772 20.708 20.573 20.525 20.464 20.341 20.189 20.025 19.949 19.878 19.932 19.837 19.757 19.643 19.399 19.029 17.431 16.198
20.501 20.142 20.005 19.930 19.785 19.693 19.697 19.680 19.653 19.607 19.540 19.489 19.315 19.158 19.076 18.910 18.768 18.655 18.467 18.239 17.885 17.322 16.675 16.389 16.566 18.527 22.649 19.735 16.608 17.348 17.340 18.263 18.601 18.561 18.682 18.203 18.622 18.405 18.449 19.556 21.260 21.967 21.822 21.505 21.540 22.282 22.355 22.418 22.436 22.385 22.289 22.196 22.058 22.014 21.899 21.760 21.652 21.542 21.394 21.236 21.154 20.975 20.872 20.665 20.584 20.535 20.311 19.815 18.588 16.804 19.729
22.182 21.922 21.685 21.476 21.313 21.221 21.164 21.092 21.016 20.961 20.911 20.845 20.695 20.554 20.402 20.160 19.931 19.732 19.471 19.176 18.743 18.248 17.718 17.541 17.592 18.048 21.768 22.291 16.491 16.248 18.694 20.005 20.992 20.368 21.010 20.978 21.480 21.198 20.754 20.954 22.907 23.465 23.266 23.146 22.577 23.495 23.782 23.750 23.712 23.612 23.416 23.219 23.199 23.116 22.961 22.791 22.631 22.487 22.281 22.036 21.883 21.689 21.606 21.554 21.482 21.149 21.004 21.237 21.653 22.783 22.767
23.629 23.388 23.159 22.928 22.783 22.666 22.537 22.429 22.369 22.328 22.265 22.142 22.010 21.813 21.552 21.268 21.004 20.743 20.416 19.987 19.508 18.989 18.597 18.433 18.542 18.721 20.898 22.960 20.703 15.573 19.893 20.614 22.736 22.944 23.565 23.828 24.118 24.058 23.507 22.618 24.195 24.659 24.515 24.596 23.609 24.073 24.901 24.920 24.849 24.688 24.440 24.124 24.133 24.075 23.958 23.833 23.624 23.421 23.153 22.873 22.739 22.539 22.313 22.343 21.999 21.474 22.295 22.615 22.688 23.361 23.238
24.694 24.510 24.352 24.228 24.078 23.940 23.796 23.692 23.700 23.715 23.488 23.185 22.943 22.695 22.443 22.149 21.871 21.581 21.193 20.783 20.263 19.742 19.386 19.314 19.463 19.848 20.731 22.956 23.603 19.493 16.768 17.537 21.702 23.992 25.032 25.316 25.540 25.614 25.213 24.823 25.216 25.532 25.618 25.666 25.064 24.700 25.825 26.009 25.895 25.639 25.432 25.169 25.003 24.893 24.863 24.699 24.468 24.215 23.861 23.528 23.309 22.937 22.572 22.323 21.456 22.009 23.693 24.128 24.483 24.794 24.580
25.585 25.352 25.208 25.120 25.001 24.898 24.839 24.770 24.803 24.567 24.341 23.927 23.630 23.420 23.202 23.004 22.735 22.446 22.105 21.707 21.292 20.910 20.689 20.718 20.948 21.437 22.113 23.105 24.053 23.173 18.258 16.860 20.283 24.340 25.629 26.014 25.819 26.123 26.016 25.793 25.785 25.739 26.371 26.347 25.801 25.524 26.455 26.699 26.649 26.317 26.120 25.944 25.704 25.339 25.159 25.129 24.961 24.651 24.277 23.910 23.608 23.175 22.783 22.211 21.176 23.530 24.993 24.686 24.892 25.087 25.414
26.061 25.817 25.722 25.676 25.599 25.482 25.396 25.332 25.316 24.716 24.649 24.454 24.196 24.016 23.899 23.732 23.510 23.318 23.055 22.772 22.523 22.308 22.281 22.359 22.551 23.162 23.732 24.473 25.023 25.120 22.443 20.596 18.632 22.781 25.788 26.056 25.073 26.541 26.783 26.907 27.075 26.809 27.130 25.020 25.890 26.178 27.047 27.110 27.005 26.878 26.532 26.295 26.081 25.752 25.537 25.420 25.283 24.912 24.524 24.167 23.847 23.379 22.953 22.512 21.913 24.636 27.559 26.144 25.702 25.146 25.389
26.280 26.124 26.038 25.942 25.840 25.716 25.596 25.482 25.382 25.256 25.086 24.870 24.734 24.601 24.524 24.375 24.222 24.129 24.000 23.900 23.871 23.908 24.008 24.217 24.484 24.850 25.207 25.601 25.910 26.274 26.964 27.044 25.339 23.523 24.690 22.371 24.635 25.505 26.683 27.213 27.455 27.542 27.408 26.617 26.646 27.372 27.578 27.191 27.084 26.991 26.700 26.527 26.161 25.927 25.688 25.430 25.322 25.079 24.760 24.483 24.272 23.953 23.665 23.539 23.414 26.450 28.344 27.991 27.004 25.637 25.489
26.501 26.349 26.277 26.192 26.108 25.993 25.872 25.758 25.611 25.536 25.467 25.374 25.291 25.214 25.163 25.017 24.955 24.923 24.886 24.900 24.924 25.029 25.209 25.404 25.635 25.814 26.023 26.259 26.559 26.843 27.302 27.590 27.588 27.212 27.173 25.324 24.823 24.168 26.198 27.378 27.523 27.362 26.899 26.974 27.756 28.015 27.815 27.346 27.086 27.020 26.889 26.764 26.477 26.123 25.943 25.620 25.566 25.477 25.252 25.049 24.952 24.890 24.760 24.676 24.650 26.803 28.083 27.777 27.001 26.770 26.525
26.798 26.570 26.501 26.413 26.323 26.262 26.201 26.154 26.071 25.908 25.837 25.798 25.695 25.658 25.634 25.496 25.490 25.487 25.431 25.472 25.532 25.579 25.739 25.849 25.980 26.107 26.279 26.373 26.635 26.899 27.072 27.195 27.201 27.236 27.441 27.472 27.374 26.620 26.058 27.453 27.334 26.462 25.942 27.687 26.707 27.158 27.415 27.393 27.309 27.182 27.047 26.899 26.681 26.338 26.153 25.855 25.818 25.776 25.638 25.547 25.474 25.492 25.458 25.384 25.632 26.373 25.850 26.091 26.347 26.470 26.714
