data-raw/tempfiles/06_grid_data_6000BP.asc
ncols 144
nrows 72
xllcorner -180
yllcorner -90
cellsize 2.5
nodata_value -9999
[rows 0 to 31 of 72, columns 71 to 141 of 144]
-16.823 -16.903 -16.937 -17.016 -17.004 -17.051 -16.885 -16.800 -16.771 -16.886 -16.860 -16.893 -16.889 -16.860 -16.814 -16.856 -16.842 -16.850 -16.895 -16.919 -16.929 -16.989 -17.021 -17.077 -17.139 -17.136 -17.084 -17.123 -17.154 -17.196 -17.262 -17.247 -17.278 -17.322 -17.358 -17.378 -17.398 -17.379 -17.384 -17.277 -17.339 -17.406 -17.455 -17.459 -17.460 -17.463 -17.450 -17.419 -17.427 -17.427 -17.421 -17.417 -17.365 -17.340 -17.385 -17.353 -17.324 -17.376 -17.390 -17.392 -17.383 -17.359 -17.328 -17.322 -17.321 -17.300 -17.273 -17.241 -17.222 -17.203 -17.168
-15.946 -15.933 -15.890 -15.794 -15.714 -15.717 -15.707 -15.670 -15.700 -15.726 -15.716 -15.728 -15.713 -15.750 -15.785 -15.839 -15.884 -15.909 -15.949 -16.013 -16.048 -16.112 -16.202 -16.261 -16.318 -16.324 -16.325 -16.358 -16.386 -16.410 -16.443 -16.456 -16.484 -16.522 -16.567 -16.571 -16.587 -16.610 -16.636 -16.688 -16.743 -16.786 -16.820 -16.847 -16.875 -16.910 -16.908 -16.901 -16.930 -16.947 -16.954 -16.939 -16.958 -16.945 -16.927 -16.939 -16.920 -16.920 -16.902 -16.872 -16.853 -16.792 -16.735 -16.697 -16.690 -16.654 -16.626 -16.631 -16.626 -16.630 -16.627
-14.719 -14.643 -14.453 -14.337 -14.307 -14.246 -14.168 -14.151 -14.187 -14.274 -14.342 -14.395 -14.477 -14.615 -14.778 -14.937 -15.094 -15.222 -15.379 -15.527 -15.650 -15.742 -15.811 -15.856 -15.906 -15.932 -15.987 -16.039 -16.085 -16.129 -16.179 -16.219 -16.243 -16.252 -16.266 -16.270 -16.277 -16.300 -16.318 -16.348 -16.326 -16.327 -16.342 -16.360 -16.396 -16.437 -16.463 -16.494 -16.529 -16.578 -16.623 -16.661 -16.729 -16.721 -16.700 -16.694 -16.675 -16.637 -16.600 -16.562 -16.512 -16.437 -16.383 -16.306 -16.237 -16.136 -16.051 -15.952 -15.742 -15.701 -15.699
-12.084 -11.587 -11.088 -10.786 -10.769 -10.765 -10.930 -11.106 -11.587 -12.032 -12.547 -12.724 -12.980 -13.348 -13.687 -13.956 -14.217 -14.351 -14.442 -14.538 -14.632 -14.718 -14.765 -14.762 -14.781 -14.940 -15.131 -15.291 -15.453 -15.605 -15.668 -15.761 -15.808 -15.841 -15.901 -15.916 -16.110 -16.482 -17.950 -17.445 -16.114 -15.663 -15.687 -15.828 -15.909 -15.945 -15.991 -16.002 -16.035 -16.110 -16.178 -16.201 -16.278 -16.262 -16.235 -16.262 -16.242 -16.221 -16.196 -16.112 -16.006 -15.894 -15.769 -15.580 -15.353 -15.120 -15.014 -15.054 -15.172 -15.284 -15.340
-8.190 -7.099 -6.279 -5.914 -6.323 -7.901 -10.168 -12.021 -12.167 -11.483 -11.734 -11.591 -11.674 -11.965 -12.282 -12.525 -12.772 -12.894 -12.872 -12.815 -12.753 -12.702 -12.622 -12.522 -12.472 -12.486 -12.624 -12.783 -13.060 -13.332 -13.625 -13.965 -14.249 -14.537 -14.816 -15.065 -15.264 -15.574 -16.565 -17.360 -16.764 -17.421 -17.122 -15.643 -15.484 -15.750 -15.819 -15.836 -15.908 -15.971 -16.035 -16.068 -16.021 -16.012 -16.013 -16.032 -16.082 -16.116 -16.103 -16.073 -15.963 -15.859 -15.734 -15.537 -15.258 -14.930 -14.591 -14.458 -14.618 -14.688 -14.707
-5.697 -5.030 -4.571 -4.367 -4.405 -4.735 -5.412 -6.764 -7.674 -8.057 -8.185 -8.245 -8.260 -8.416 -8.760 -9.088 -9.301 -9.339 -9.256 -9.233 -9.332 -9.449 -9.443 -9.742 -10.346 -10.526 -10.730 -10.916 -10.875 -11.045 -11.509 -12.047 -12.524 -13.007 -13.356 -13.649 -14.068 -14.469 -15.108 -15.469 -15.814 -16.800 -17.504 -17.186 -17.551 -17.526 -16.014 -15.602 -15.772 -15.851 -15.818 -15.755 -15.742 -15.644 -15.530 -15.639 -16.525 -16.386 -16.147 -15.544 -15.502 -15.470 -15.272 -15.022 -14.636 -14.138 -13.414 -13.211 -13.311 -13.339 -13.242
-4.062 -3.529 -3.094 -2.881 -2.747 -2.745 -2.838 -2.904 -3.070 -3.141 -3.318 -3.316 -3.254 -3.438 -3.805 -4.334 -4.803 -5.062 -5.252 -5.596 -6.178 -7.073 -8.727 -10.318 -9.770 -9.450 -9.286 -9.367 -9.618 -10.042 -10.152 -10.606 -11.187 -12.396 -13.197 -13.517 -14.293 -14.791 -15.259 -15.445 -15.404 -15.287 -15.248 -15.338 -15.617 -15.816 -15.620 -15.863 -15.788 -15.482 -15.395 -15.499 -15.100 -14.816 -14.860 -14.838 -14.936 -15.125 -14.854 -14.519 -14.488 -14.411 -14.294 -14.177 -14.023 -13.824 -13.469 -12.967 -12.547 -12.273 -12.100
-0.766 -0.131 0.299 0.615 0.919 1.097 1.261 1.502 1.500 1.119 0.398 -0.469 -0.970 -0.183 -0.241 -0.783 -1.293 -2.001 -2.896 -3.857 -4.912 -6.383 -8.443 -8.772 -8.644 -8.560 -8.572 -8.716 -10.184 -10.349 -9.423 -10.497 -11.449 -11.728 -11.881 -11.879 -12.021 -12.472 -12.908 -13.165 -13.372 -13.626 -13.995 -14.468 -14.745 -14.523 -14.238 -14.149 -14.201 -14.615 -14.982 -15.450 -15.044 -14.131 -14.648 -14.387 -14.080 -14.298 -13.914 -13.697 -13.639 -13.158 -12.836 -12.764 -12.689 -11.923 -11.753 -11.603 -11.165 -10.758 -10.655
2.058 2.640 3.105 3.453 3.770 3.959 3.673 0.877 -2.185 -2.948 -2.553 -2.358 -2.352 -1.922 -1.492 -1.006 -0.389 -0.966 -2.502 -3.500 -4.613 -5.416 -6.224 -6.885 -7.384 -8.120 -8.554 -8.057 -8.300 -8.774 -7.910 -8.621 -9.170 -9.638 -9.736 -9.793 -10.513 -11.973 -13.469 -14.063 -13.805 -12.804 -12.297 -12.778 -13.311 -13.115 -12.419 -12.023 -12.353 -12.386 -12.274 -13.270 -14.443 -13.632 -13.609 -13.382 -14.265 -13.621 -12.134 -11.591 -11.641 -11.070 -10.322 -9.642 -9.506 -9.460 -10.044 -10.469 -9.939 -10.037 -11.063
3.871 4.412 4.765 4.911 5.070 4.592 0.437 -1.825 -1.915 -0.920 -0.774 -1.304 -1.570 -1.317 -0.949 -0.850 -1.061 -1.423 -1.573 -2.071 -3.169 -3.692 -4.366 -4.647 -5.419 -6.219 -6.410 -6.368 -6.355 -6.580 -6.950 -7.535 -7.501 -7.290 -7.444 -7.350 -8.144 -9.243 -10.246 -11.333 -11.518 -11.102 -10.624 -10.611 -10.719 -10.859 -10.854 -10.563 -10.561 -10.526 -10.358 -11.964 -13.118 -12.291 -12.519 -12.436 -13.153 -12.620 -11.788 -11.353 -9.793 -8.582 -8.803 -8.412 -8.469 -8.479 -8.355 -8.712 -8.793 -8.402 -7.881
5.370 5.813 6.213 5.899 4.466 1.927 0.033 0.403 0.862 1.588 1.217 0.521 0.190 0.187 0.342 0.119 0.219 -0.051 -0.465 -1.038 -1.590 -1.952 -2.088 -2.451 -4.161 -3.921 -3.757 -4.031 -4.451 -4.997 -5.465 -5.714 -5.691 -5.397 -5.378 -5.589 -6.587 -7.612 -7.856 -8.235 -8.382 -8.433 -8.299 -8.299 -8.391 -8.649 -8.643 -8.302 -8.319 -8.300 -8.270 -8.780 -9.954 -10.599 -11.010 -11.128 -12.039 -11.819 -11.469 -11.033 -10.172 -9.183 -8.657 -8.189 -8.263 -7.254 -6.859 -6.583 -6.144 -5.992 -5.734
6.641 6.913 6.966 2.315 -0.300 1.178 1.471 2.597 3.751 3.107 2.323 2.390 2.284 2.280 1.942 1.406 0.912 0.738 0.584 0.401 0.090 -0.270 -0.499 -0.890 -2.057 -1.164 -1.318 -1.760 -2.313 -2.820 -3.392 -3.558 -3.602 -3.973 -4.267 -4.350 -4.380 -5.055 -5.873 -6.333 -6.237 -6.211 -6.385 -6.262 -6.206 -6.264 -5.941 -5.732 -5.942 -6.328 -6.539 -7.007 -7.608 -8.137 -8.651 -9.154 -9.741 -8.694 -8.180 -7.757 -7.705 -7.703 -7.408 -4.459 -2.022 -2.570 -2.776 -2.818 -3.179 -3.020 -0.624
7.687 7.604 7.552 4.958 4.512 5.377 4.522 4.799 5.429 5.237 4.741 3.998 3.995 3.555 2.795 2.350 2.176 1.855 1.713 1.670 1.390 0.809 0.819 0.628 -0.165 0.775 0.571 -0.124 -0.665 -1.205 -1.605 -1.963 -2.159 -2.367 -2.648 -2.756 -2.688 -2.907 -3.755 -4.095 -3.975 -4.003 -4.661 -4.957 -4.759 -5.013 -5.832 -6.244 -5.313 -5.436 -5.936 -6.493 -6.673 -6.737 -6.554 -6.817 -6.212 -2.698 -1.279 -1.124 -0.768 -0.929 -1.032 0.673 -0.303 -2.189 0.655 2.095 2.545 2.730 2.744
8.468 8.543 8.308 8.085 7.736 7.128 6.005 6.701 6.773 6.325 5.348 4.880 4.557 4.108 3.559 3.439 3.373 3.203 3.162 3.025 2.672 2.556 2.435 2.143 1.233 1.731 1.366 0.778 0.371 -0.134 -0.533 -0.930 -1.061 -1.079 -0.902 -0.692 -0.798 -0.919 -1.368 -1.558 -1.830 -2.496 -3.061 -3.582 -5.018 -6.687 -6.841 -6.859 -7.134 -5.995 -5.749 -5.801 -6.447 -7.137 -5.721 -4.411 -2.403 -0.774 -0.224 0.313 0.919 1.666 2.296 0.419 -1.943 -0.842 2.674 3.369 3.582 3.788 3.914
8.681 9.281 9.199 9.025 8.776 8.608 8.509 8.065 7.498 7.098 6.202 5.455 5.128 4.731 4.484 4.157 4.107 4.145 3.777 3.640 3.834 3.618 2.954 2.491 1.500 2.336 2.165 1.631 1.260 1.237 1.137 0.859 0.700 0.695 0.922 0.709 -0.436 -0.329 -1.690 -3.697 -3.713 -1.996 -1.770 -2.705 -3.411 -5.273 -4.454 -4.416 -4.249 -3.830 -3.045 -2.488 -2.960 -4.118 -4.129 -1.929 -1.138 -0.670 -0.243 0.710 1.645 2.551 3.200 1.291 0.092 3.131 4.129 4.337 4.637 4.841 4.935
9.644 10.034 9.831 9.302 8.602 8.309 8.520 8.234 8.022 7.599 7.324 6.796 6.494 6.234 5.792 5.810 5.786 5.725 5.453 5.442 5.499 5.005 4.428 3.454 2.833 2.872 2.769 2.387 1.902 2.084 2.141 2.542 2.802 2.051 0.322 -1.535 -4.097 -3.136 -2.532 -3.456 -5.535 -4.666 -2.212 -1.040 -1.259 -1.895 -0.981 -1.315 -1.974 -2.687 -1.966 -1.009 -0.851 -2.563 -3.855 -1.471 -0.955 0.087 0.137 0.759 1.721 2.681 3.267 3.171 3.916 4.707 5.003 5.237 5.431 5.624 5.753
10.980 10.500 10.294 9.512 9.064 8.095 7.700 8.612 8.036 7.905 6.866 7.284 7.791 7.774 7.522 7.500 7.558 7.861 7.864 7.694 7.432 7.209 6.872 5.394 4.466 4.845 4.856 3.667 3.079 3.069 2.207 2.011 2.499 2.490 1.812 -1.597 -5.383 -3.555 -0.835 -3.374 -4.273 -1.796 -0.034 -0.473 -2.334 -0.853 1.061 1.461 0.414 -0.333 1.424 0.911 0.848 0.708 0.942 0.365 -0.950 1.520 1.409 1.587 2.340 2.976 3.397 3.943 4.759 5.271 5.613 5.878 5.996 6.219 6.440
12.422 11.412 10.460 8.038 7.029 6.713 7.957 9.631 10.752 10.230 7.983 8.170 10.127 10.240 10.223 10.656 10.802 10.440 10.027 9.950 9.405 9.738 9.551 8.066 6.971 7.351 7.648 7.077 6.980 6.339 6.013 6.393 5.675 4.154 3.743 5.273 3.776 -0.670 -0.552 -1.415 -1.992 -1.296 1.237 1.402 1.626 1.829 1.616 2.496 1.449 3.035 4.460 3.145 2.537 3.378 2.992 1.006 3.462 4.491 3.482 3.176 3.374 3.852 4.430 5.044 5.691 6.164 6.383 6.483 6.501 6.820 7.249
13.295 11.822 12.751 11.784 13.885 12.908 13.280 11.836 9.673 10.574 10.728 11.189 11.929 12.345 12.395 12.665 12.681 9.556 8.724 10.372 11.468 11.767 11.400 10.517 10.075 10.760 10.957 10.780 10.146 8.854 7.422 6.064 3.569 2.119 1.374 2.159 5.053 5.170 4.371 4.081 4.148 4.089 3.832 4.519 5.335 4.888 4.013 3.131 4.524 6.991 6.028 4.429 3.310 4.607 3.776 4.890 6.672 6.872 5.662 5.061 5.226 5.809 6.540 7.089 7.462 7.682 7.738 7.833 7.811 8.027 8.711
12.484 14.102 15.959 16.350 15.854 16.095 15.051 15.107 14.456 11.210 12.186 13.226 13.806 12.643 11.426 12.451 11.908 9.510 6.897 8.943 12.164 13.555 14.291 13.932 14.081 13.892 14.047 13.151 12.196 7.347 2.001 -1.118 1.443 6.302 8.198 8.144 9.044 9.951 8.437 5.243 6.840 7.949 7.153 6.876 5.956 5.334 5.155 6.153 7.638 8.477 7.057 4.708 4.341 7.391 7.428 8.493 9.490 9.101 8.759 7.879 8.336 9.000 9.533 9.797 9.846 9.886 10.000 10.192 10.396 10.600 10.734
14.925 17.442 17.663 17.741 17.450 17.540 17.354 17.150 17.562 15.250 16.364 16.541 14.005 11.751 11.930 10.102 10.662 9.834 7.091 8.898 12.973 15.406 16.962 15.710 16.114 16.367 16.505 13.744 8.807 -0.217 -5.904 3.762 10.961 11.029 10.941 8.732 4.577 3.477 2.806 -2.999 -2.143 4.597 8.260 8.459 8.170 7.894 9.470 13.085 11.572 10.144 9.430 8.813 9.978 10.948 11.265 11.878 11.700 11.319 12.049 12.198 12.630 12.993 13.066 13.009 12.954 12.960 13.014 13.165 13.320 13.434 13.458
17.465 17.331 17.111 17.056 17.618 18.535 18.129 18.754 18.808 18.325 18.097 18.433 17.911 17.194 16.956 17.793 18.421 19.092 16.640 10.810 9.925 13.302 14.375 14.607 13.223 16.399 14.795 11.803 9.458 0.281 -3.815 -7.527 -4.225 -0.536 -2.651 -7.198 -7.776 -5.864 -0.920 0.418 -1.430 1.667 6.571 8.664 10.260 10.604 12.438 14.091 12.938 12.098 11.647 11.356 11.917 13.487 14.017 13.201 11.955 14.609 15.367 15.657 15.702 15.999 15.932 15.817 15.728 15.729 15.769 15.755 15.801 15.857 15.890
15.933 16.186 18.056 20.729 20.786 20.594 19.810 19.599 19.620 19.565 19.488 19.423 19.754 20.046 20.466 18.235 19.478 21.417 23.184 18.371 12.171 13.823 18.161 19.380 16.450 17.142 11.346 7.460 8.257 16.392 12.489 -1.400 -8.424 -7.844 -5.675 -5.698 -5.797 -5.645 -4.050 -2.894 -2.340 0.220 5.172 10.801 12.812 13.681 15.293 15.243 14.633 13.749 13.771 14.260 15.169 15.298 15.794 16.291 17.034 17.757 18.195 18.283 18.073 18.255 18.287 18.175 18.133 18.138 18.128 18.150 18.156 18.143 18.169
19.665 19.589 20.792 21.559 21.161 20.630 21.385 21.599 21.215 22.060 21.867 21.331 21.431 21.437 21.193 20.162 21.273 22.592 24.499 25.478 23.286 13.605 15.413 17.278 21.041 21.359 20.675 16.793 16.035 23.448 22.308 16.558 1.342 -5.544 -4.412 -3.572 -3.136 -3.060 -3.181 -1.693 0.282 2.764 10.824 16.491 14.796 15.253 16.465 16.278 16.439 15.848 15.905 17.370 18.455 18.379 19.424 19.588 19.647 19.921 20.051 20.054 19.977 19.831 20.180 20.201 20.143 20.164 20.182 20.177 20.144 20.150 20.129
22.695 22.097 21.736 22.058 21.863 21.398 21.326 21.731 22.560 23.290 22.655 22.662 22.840 22.839 22.592 21.740 22.838 23.022 24.166 25.083 25.772 22.975 18.925 18.084 21.807 20.135 21.619 18.670 22.261 24.561 24.466 22.452 20.542 15.439 5.461 -0.240 0.055 1.066 6.431 7.707 4.989 7.192 14.153 17.132 16.323 17.061 17.804 18.238 17.546 17.345 18.419 20.013 20.824 21.212 21.366 21.564 21.689 21.667 21.675 21.745 21.766 21.627 21.884 22.002 21.956 21.969 21.977 21.993 21.935 21.934 21.876
23.370 24.388 23.471 21.831 22.054 22.561 22.424 22.742 23.422 23.465 23.069 22.491 22.897 24.144 25.668 25.637 24.151 23.832 24.946 24.999 26.184 25.683 25.461 26.182 25.107 23.991 23.669 23.742 24.363 25.372 23.707 23.648 23.302 23.448 23.527 21.404 19.407 18.159 19.461 19.209 13.454 14.154 14.397 17.278 18.102 18.504 19.177 19.235 19.374 20.063 21.632 22.441 22.639 22.707 22.984 23.334 23.417 23.351 23.316 23.383 23.373 23.429 23.574 23.616 23.527 23.543 23.567 23.606 23.511 23.478 23.414
24.617 24.741 23.764 20.633 21.325 21.576 21.797 22.995 23.013 22.611 23.478 22.317 24.303 25.443 26.605 25.673 26.812 25.625 25.055 24.965 26.220 27.093 26.543 26.359 26.094 24.891 24.724 24.919 25.444 25.911 24.849 24.581 24.001 23.505 23.468 23.762 23.530 22.956 21.064 22.032 18.106 17.793 18.065 20.624 21.440 20.897 21.404 21.419 22.300 21.850 24.179 24.407 24.306 24.272 24.447 24.755 24.908 24.912 24.918 24.892 24.850 24.892 24.997 24.976 24.865 24.797 24.814 24.812 24.744 24.670 24.621
25.619 25.144 24.530 24.569 23.511 24.035 24.262 22.683 21.154 23.423 23.497 23.323 24.869 26.275 27.433 26.924 27.370 24.863 25.017 25.561 26.298 26.858 27.256 27.620 27.061 25.053 25.145 25.295 25.605 26.031 25.209 25.093 25.223 24.746 24.761 25.158 25.268 25.114 22.859 22.988 20.959 21.031 20.995 23.379 23.173 23.196 23.531 24.140 25.056 25.505 25.735 25.670 25.677 25.738 25.801 25.903 26.022 26.092 26.113 26.056 26.013 26.058 26.047 25.994 25.907 25.841 25.842 25.800 25.766 25.618 25.538
25.871 25.608 25.299 25.545 23.757 24.656 25.676 26.469 26.613 25.741 24.082 24.583 25.785 27.428 28.466 27.659 27.276 26.171 22.268 25.400 26.536 26.853 26.586 26.500 25.242 25.620 25.918 26.258 26.477 26.766 24.710 25.508 26.227 25.458 25.302 26.720 26.457 26.384 25.375 24.880 24.176 24.366 23.164 24.280 24.554 24.979 25.644 26.192 26.727 26.674 26.907 26.703 26.732 26.825 26.837 26.781 26.881 27.041 26.862 26.797 26.880 26.859 26.830 26.776 26.726 26.618 26.560 26.517 26.462 26.289 26.224
26.433 26.610 25.838 25.749 25.823 25.971 26.620 27.770 28.448 27.233 24.609 24.627 26.478 27.462 28.298 27.854 25.735 27.931 22.777 24.661 24.769 25.750 25.440 25.890 25.902 26.102 26.343 26.700 26.910 27.176 25.401 25.902 26.380 27.137 27.265 27.082 26.733 26.493 26.422 26.748 26.023 26.539 26.539 25.001 25.771 26.464 26.854 27.245 27.494 26.050 27.294 27.149 27.413 27.435 27.328 27.312 27.411 27.532 27.377 27.303 27.391 27.390 27.322 27.227 27.099 26.981 26.889 26.816 26.733 26.633 26.530
26.460 26.634 26.814 26.060 26.276 27.742 28.452 28.854 29.042 27.196 24.927 25.876 27.267 27.981 27.121 23.556 19.324 27.204 25.213 25.248 26.714 26.847 26.417 26.346 26.435 26.574 26.772 27.106 27.268 27.427 26.792 24.687 25.917 27.524 27.442 27.252 27.041 26.818 26.838 27.135 26.242 27.002 27.131 26.429 25.704 27.257 27.558 27.758 27.955 27.479 27.459 27.512 27.724 27.816 27.675 27.666 27.724 27.706 27.486 27.493 27.572 27.544 27.434 27.316 27.167 27.071 26.983 26.950 26.926 26.882 26.778
26.890 27.074 26.944 25.835 25.135 27.235 27.888 28.284 27.662 27.219 26.451 26.821 26.549 26.693 25.991 21.035 17.247 25.727 26.669 27.152 26.649 26.972 26.552 26.714 27.001 27.149 27.328 27.535 27.525 27.680 27.572 25.533 27.118 27.530 27.809 27.529 27.326 27.078 27.033 27.216 26.943 27.215 26.838 26.754 26.320 27.657 27.920 28.008 27.991 27.613 27.426 27.698 27.989 27.911 27.746 27.704 27.738 27.750 27.636 27.629 27.597 27.593 27.506 27.384 27.243 27.197 27.180 27.229 27.293 27.208 27.009
