data-raw/tempfiles/06_grid_data_6000BP.asc
ncols 144
nrows 72
xllcorner -180
yllcorner -90
cellsize 2.5
nodata_value -9999
[rows 32 to 63 of 72, columns 0 to 70 of 144]
27.039 26.756 26.733 26.698 26.632 26.555 26.541 26.473 26.432 26.318 26.241 26.178 26.122 26.053 25.990 25.931 25.913 25.868 25.820 25.802 25.829 25.836 25.853 25.925 26.006 26.059 26.132 26.200 26.336 26.470 26.511 26.581 26.670 26.797 26.926 26.919 26.905 26.925 25.732 25.901 26.054 25.600 25.716 24.320 26.760 27.571 27.218 26.599 26.881 27.039 27.036 26.974 26.885 26.656 26.526 26.314 26.225 26.012 26.006 25.978 25.988 26.052 26.067 26.039 26.299 26.818 26.956 25.560 24.668 25.632 26.346
27.193 26.968 26.901 26.857 26.795 26.731 26.685 26.678 26.715 26.630 26.480 26.387 26.322 26.229 26.167 26.119 26.106 26.047 25.970 25.910 25.917 25.889 25.827 25.830 25.840 25.840 25.834 25.839 25.866 25.865 25.888 25.966 26.073 26.178 26.217 26.269 26.389 26.531 26.631 26.542 25.682 22.570 21.117 24.335 26.079 22.978 24.176 24.150 25.459 26.692 26.802 26.911 26.898 26.760 26.668 26.535 26.448 26.246 26.185 26.252 26.353 26.412 26.386 26.340 26.515 26.916 27.462 26.586 25.401 25.582 26.025
27.177 27.097 27.030 27.037 26.949 26.870 26.898 26.944 27.026 26.984 26.706 26.492 26.469 26.373 26.214 26.266 26.200 26.045 26.035 25.943 25.777 25.754 25.668 25.553 25.521 25.411 25.310 25.306 25.221 25.170 25.180 25.221 25.330 25.469 25.567 25.678 25.824 25.824 25.856 25.848 25.493 22.300 23.052 25.470 24.990 22.911 23.105 25.474 25.632 25.956 26.140 26.308 26.858 26.754 26.801 26.726 26.525 26.324 26.229 26.363 26.520 26.499 26.381 26.218 26.232 26.386 26.740 26.808 26.595 26.435 26.653
27.195 27.209 27.142 27.070 26.956 26.830 26.774 26.864 26.958 26.831 26.523 26.298 26.144 26.071 25.984 25.968 25.903 25.713 25.604 25.538 25.369 25.217 25.088 24.953 24.792 24.669 24.497 24.418 24.337 24.203 24.131 24.141 24.170 24.141 24.213 24.373 24.569 24.606 24.839 25.030 22.735 22.343 25.064 25.062 25.156 24.735 25.100 25.889 25.108 25.764 26.220 26.069 26.798 26.888 26.971 26.827 26.674 26.488 26.369 26.422 26.420 26.318 26.135 25.927 25.779 25.797 26.015 26.174 26.316 26.324 26.378
27.396 27.331 27.313 27.257 27.119 26.970 26.873 26.883 26.890 26.769 26.565 26.395 26.242 26.141 26.110 26.054 25.924 25.792 25.686 25.573 25.474 25.314 25.115 24.910 24.722 24.543 24.375 24.268 24.176 24.067 23.939 23.805 23.719 23.586 23.553 23.535 23.744 23.599 23.636 23.856 19.396 25.766 26.477 26.156 25.969 25.666 25.456 26.347 25.911 25.556 26.621 27.329 27.174 26.887 27.025 27.029 26.869 26.680 26.480 26.429 26.361 26.225 26.028 25.781 25.571 25.518 25.531 25.603 25.746 25.819 25.771
27.668 27.508 27.603 27.538 27.367 27.251 27.140 27.107 27.087 26.899 26.751 26.659 26.506 26.453 26.491 26.312 26.166 26.106 25.974 25.879 25.844 25.662 25.540 25.410 25.153 25.005 24.882 24.627 24.500 24.481 24.288 24.175 24.075 23.846 23.762 23.680 23.619 23.357 22.911 23.404 21.557 25.646 26.637 26.569 26.162 25.005 25.671 26.509 27.309 26.017 25.923 26.808 27.151 26.467 28.113 28.125 27.562 27.180 26.690 26.538 26.478 26.301 26.085 25.834 25.640 25.568 25.506 25.470 25.498 25.552 25.486
27.831 27.604 27.814 27.851 27.617 27.451 27.436 27.373 27.291 27.141 27.018 26.936 26.878 26.807 26.729 26.541 26.401 26.274 26.204 26.116 26.011 25.917 25.773 25.655 25.517 25.324 25.160 24.958 24.807 24.674 24.499 24.323 24.184 24.012 23.821 23.644 23.517 23.323 22.849 23.047 20.331 24.049 25.966 26.778 26.712 25.647 25.974 26.097 26.761 25.969 25.358 25.952 27.051 27.201 27.692 27.997 28.337 26.992 26.652 26.618 26.510 26.302 26.062 25.822 25.605 25.495 25.335 25.075 24.933 24.928 24.892
27.913 27.711 27.994 28.076 27.827 27.679 27.668 27.643 27.497 27.243 27.079 27.012 27.006 26.992 26.863 26.655 26.494 26.383 26.314 26.196 26.064 25.900 25.725 25.571 25.434 25.269 25.123 24.952 24.722 24.503 24.303 24.101 23.868 23.610 23.306 23.054 22.941 22.873 22.501 21.780 19.159 19.471 25.314 25.104 25.911 26.040 26.214 26.112 26.043 25.654 25.542 26.090 27.300 27.262 27.705 27.301 26.809 25.050 26.483 26.494 26.365 26.135 25.822 25.540 25.276 25.050 24.784 24.385 24.005 23.974 24.006
27.728 27.505 27.738 27.889 27.738 27.680 27.649 27.556 27.394 27.170 27.038 27.024 27.092 27.086 26.929 26.753 26.571 26.391 26.306 26.133 25.944 25.779 25.588 25.385 25.271 25.096 24.921 24.785 24.507 24.246 24.027 23.720 23.351 23.038 22.669 22.390 22.191 22.052 21.827 21.570 20.701 14.364 21.136 24.595 25.365 26.231 25.936 25.955 25.647 25.982 26.144 26.738 27.037 25.731 26.761 25.129 25.341 26.161 26.384 26.139 25.911 25.663 25.325 25.005 24.659 24.361 24.071 23.691 23.358 23.055 22.962
27.283 27.092 27.225 27.238 27.236 27.209 27.200 27.146 27.022 26.887 26.884 26.957 27.025 27.022 26.882 26.714 26.530 26.270 26.037 25.874 25.715 25.509 25.331 25.154 24.952 24.754 24.543 24.328 24.119 23.859 23.561 23.270 22.881 22.500 22.062 21.523 21.156 21.054 21.123 21.007 20.608 18.284 11.758 12.443 21.576 25.789 25.648 25.397 24.986 25.969 26.084 26.846 26.011 25.110 25.904 24.169 25.409 26.288 26.084 25.702 25.363 25.064 24.689 24.320 23.979 23.795 23.567 23.197 22.770 22.421 22.202
26.610 26.509 26.579 26.491 26.402 26.440 26.532 26.590 26.526 26.482 26.547 26.643 26.678 26.650 26.558 26.442 26.249 25.938 25.702 25.529 25.391 25.190 24.997 24.781 24.604 24.398 24.178 23.945 23.676 23.426 23.176 22.841 22.338 21.831 21.519 20.915 20.737 20.601 20.387 20.234 20.028 20.226 17.951 11.467 11.151 20.507 24.607 24.725 25.634 26.488 25.689 25.872 24.706 24.976 25.056 24.482 25.611 26.015 25.778 25.380 25.034 24.659 24.225 23.798 23.424 23.369 23.215 22.822 22.477 22.077 21.765
25.575 25.464 25.497 25.424 25.322 25.393 25.584 25.687 25.679 25.661 25.672 25.675 25.700 25.769 25.770 25.806 25.705 25.409 25.139 24.955 24.839 24.690 24.505 24.347 24.170 23.961 23.765 23.533 23.282 23.045 22.516 22.029 21.494 21.553 21.434 21.067 20.589 20.390 20.001 19.809 19.582 19.582 19.671 19.251 9.903 11.985 21.050 24.839 25.505 25.963 24.960 24.738 24.657 24.001 23.830 24.975 25.643 25.586 25.351 25.052 24.747 24.400 23.967 23.518 23.115 23.068 23.013 22.582 22.300 21.978 21.667
24.314 24.139 24.079 24.022 24.013 24.129 24.256 24.313 24.351 24.367 24.379 24.366 24.457 24.590 24.700 24.807 24.792 24.541 24.262 24.119 24.040 23.985 23.858 23.703 23.535 23.365 23.204 23.021 22.812 22.535 21.817 21.386 21.258 21.362 21.159 20.854 20.488 20.188 19.783 19.363 19.061 18.931 18.605 19.011 11.850 8.355 20.281 24.719 25.167 23.973 24.342 24.518 23.752 22.340 22.528 24.494 25.142 25.025 24.710 24.490 24.255 23.957 23.636 23.294 22.855 22.763 22.658 22.365 22.125 21.860 21.474
22.893 22.760 22.688 22.656 22.663 22.706 22.750 22.752 22.815 22.891 22.896 22.949 23.087 23.219 23.308 23.419 23.408 23.269 23.129 23.027 22.988 22.977 22.916 22.797 22.636 22.530 22.435 22.406 22.236 21.698 21.230 21.000 21.025 20.944 20.728 20.444 20.173 19.935 19.542 19.112 18.737 18.431 18.008 18.589 11.015 7.293 21.926 24.108 23.791 23.149 22.911 21.776 21.498 22.537 23.919 24.431 24.303 24.057 23.755 23.597 23.507 23.316 23.085 22.866 22.580 22.370 22.278 22.007 21.787 21.579 21.207
21.378 21.312 21.282 21.294 21.289 21.272 21.278 21.248 21.269 21.339 21.416 21.479 21.592 21.681 21.739 21.834 21.830 21.766 21.776 21.750 21.744 21.758 21.730 21.660 21.604 21.528 21.631 21.651 21.296 20.634 20.859 20.610 20.513 20.288 20.090 19.816 19.628 19.389 19.073 18.576 18.321 17.892 17.454 18.082 5.879 11.079 22.110 22.949 22.711 22.193 21.250 19.305 21.404 22.690 23.140 23.141 22.877 22.673 22.506 22.430 22.412 22.317 22.143 22.010 21.858 21.626 21.494 21.308 21.070 20.869 20.587
19.965 19.959 19.965 19.947 19.872 19.859 19.833 19.805 19.828 19.851 19.909 19.952 20.023 20.069 20.114 20.191 20.192 20.226 20.262 20.262 20.301 20.301 20.282 20.293 20.304 20.330 20.643 20.573 19.932 19.796 19.820 19.720 19.541 19.270 19.170 18.938 18.810 18.574 18.239 17.815 17.675 17.291 16.872 16.181 8.345 18.443 21.554 21.432 21.092 21.232 20.205 19.455 20.877 21.828 21.875 21.586 21.377 21.259 21.150 21.118 21.065 21.007 20.899 20.788 20.705 20.557 20.386 20.226 20.142 20.053 19.809
18.716 18.702 18.684 18.601 18.513 18.435 18.362 18.340 18.362 18.396 18.409 18.420 18.460 18.507 18.532 18.570 18.585 18.633 18.715 18.736 18.736 18.726 18.704 18.690 18.717 18.949 19.363 19.059 18.726 18.690 18.557 18.435 18.343 18.171 18.065 17.864 17.762 17.592 17.365 17.131 16.938 16.532 16.064 13.411 13.257 19.806 19.165 19.758 19.728 19.336 19.210 20.260 20.389 20.556 20.321 19.992 19.805 19.690 19.637 19.650 19.580 19.493 19.423 19.376 19.305 19.198 19.132 18.969 18.714 18.435 18.524
17.369 17.415 17.355 17.236 17.097 16.996 16.929 16.865 16.835 16.870 16.865 16.833 16.832 16.860 16.869 16.940 16.952 16.995 17.045 17.027 16.973 16.977 16.904 16.877 17.036 17.298 17.534 17.155 16.706 16.827 16.898 16.871 16.904 16.763 16.703 16.634 16.556 16.468 16.349 16.166 15.953 15.600 15.126 12.903 13.081 17.992 18.344 17.967 18.129 17.851 18.255 18.556 19.000 18.900 18.675 18.446 18.238 18.090 17.956 17.868 17.800 17.691 17.584 17.584 17.520 17.425 17.472 17.309 17.152 16.870 16.712
16.047 16.072 15.969 15.868 15.719 15.601 15.495 15.423 15.390 15.380 15.347 15.323 15.257 15.268 15.311 15.375 15.392 15.400 15.415 15.402 15.357 15.287 15.179 15.325 15.143 15.425 15.291 15.148 15.002 14.699 14.954 15.162 15.188 15.241 15.110 15.149 15.250 15.240 15.108 14.947 14.849 14.423 14.085 11.726 13.987 17.598 16.806 15.836 16.461 16.389 16.621 17.095 17.521 17.303 17.042 16.868 16.692 16.450 16.261 16.070 15.903 15.765 15.674 15.612 15.577 15.513 15.453 15.290 15.128 14.985 14.861
14.839 14.910 14.702 14.564 14.373 14.245 14.135 14.059 14.017 13.968 13.937 13.886 13.829 13.784 13.766 13.807 13.854 13.877 13.898 13.891 13.820 13.727 13.718 13.697 13.305 13.303 13.358 13.284 13.179 12.733 13.254 13.464 13.499 13.545 13.545 13.645 13.742 13.854 13.885 13.811 13.720 13.534 12.856 10.288 15.463 16.856 16.166 15.332 14.741 14.060 14.639 15.561 15.714 15.422 15.170 15.034 14.859 14.649 14.469 14.277 14.047 13.890 13.758 13.660 13.559 13.471 13.397 13.269 13.065 12.817 12.595
13.381 13.461 13.285 13.139 12.956 12.807 12.702 12.607 12.553 12.494 12.428 12.381 12.314 12.266 12.221 12.205 12.237 12.269 12.261 12.266 12.196 12.094 12.005 11.800 11.759 11.642 11.817 11.523 11.565 11.443 11.812 11.877 11.867 11.867 11.857 11.991 12.072 12.234 12.411 12.450 12.402 12.350 11.565 9.235 11.506 14.578 15.336 14.053 12.482 12.001 12.673 13.629 13.571 13.160 12.890 12.691 12.520 12.374 12.275 12.179 12.064 11.939 11.861 11.691 11.545 11.398 11.356 11.296 11.010 10.640 10.392
11.744 11.959 11.940 11.831 11.675 11.490 11.382 11.281 11.205 11.143 11.081 10.972 10.884 10.811 10.764 10.705 10.678 10.667 10.643 10.644 10.598 10.549 10.494 10.252 10.180 10.163 10.014 9.958 10.064 10.261 10.402 10.422 10.326 10.241 10.255 10.338 10.471 10.648 10.869 10.954 11.073 11.141 9.921 7.990 11.817 13.916 12.916 11.582 10.561 10.510 11.230 11.658 11.453 10.991 10.664 10.449 10.246 10.041 9.919 9.804 9.722 9.694 9.687 9.646 9.519 9.269 9.132 9.064 8.922 8.688 8.676
10.082 10.418 10.567 10.566 10.464 10.315 10.203 10.076 9.965 9.856 9.752 9.632 9.531 9.443 9.361 9.276 9.236 9.191 9.155 9.135 9.144 9.111 9.078 8.847 8.922 8.680 8.530 8.679 8.911 8.985 8.925 8.848 8.761 8.774 8.840 8.854 8.940 9.106 9.262 9.394 9.579 9.591 6.429 6.543 10.885 11.716 10.800 9.832 9.037 8.970 9.407 9.596 9.427 9.054 8.822 8.640 8.351 8.031 7.758 7.511 7.364 7.341 7.387 7.466 7.423 7.157 6.890 6.722 6.617 6.604 6.663
8.912 9.189 9.400 9.418 9.324 9.230 9.122 9.026 8.896 8.766 8.659 8.552 8.419 8.294 8.164 8.079 8.045 7.995 7.948 7.929 7.882 7.782 7.730 7.360 7.292 7.237 7.352 7.613 7.582 7.544 7.453 7.411 7.407 7.423 7.506 7.521 7.520 7.657 7.864 8.057 8.209 7.917 3.348 5.833 9.782 10.228 9.166 8.481 7.796 7.507 7.446 7.267 7.105 6.843 6.603 6.429 6.119 5.810 5.561 5.339 5.146 5.138 5.193 5.338 5.397 5.281 5.013 4.744 4.530 4.469 4.578
7.769 7.925 8.040 8.006 7.906 7.855 7.788 7.717 7.642 7.537 7.406 7.279 7.157 7.040 6.976 6.918 6.854 6.803 6.777 6.752 6.696 6.334 6.093 6.101 5.882 5.742 6.153 6.294 6.229 6.223 6.151 6.161 6.214 6.207 6.198 6.253 6.329 6.441 6.599 6.733 6.849 6.962 4.476 6.204 7.886 7.668 7.329 7.034 6.759 6.039 5.465 5.091 4.807 4.454 4.063 3.776 3.549 3.399 3.247 3.117 3.065 3.113 3.235 3.433 3.480 3.450 3.261 2.978 2.682 2.574 2.539
6.579 6.608 6.613 6.537 6.391 6.289 6.223 6.121 6.031 5.892 5.703 5.518 5.345 5.290 5.325 5.334 5.318 5.289 5.259 5.272 5.173 5.044 5.055 4.837 4.712 4.866 5.001 5.036 5.060 5.077 5.076 5.061 4.945 4.971 5.007 5.056 5.129 5.187 5.250 5.220 5.425 5.732 5.344 4.722 5.120 5.775 5.683 5.461 5.300 4.736 4.100 3.642 3.180 2.714 2.257 1.964 1.793 1.600 1.550 1.311 1.219 1.295 1.450 1.636 1.720 1.749 1.627 1.452 1.137 0.944 0.791
5.257 5.091 4.968 4.803 4.646 4.475 4.342 4.178 3.944 3.735 3.455 3.150 2.900 2.833 2.930 3.092 3.213 3.241 3.156 3.093 3.102 3.175 3.309 3.405 3.417 3.487 3.552 3.618 3.670 3.694 3.705 3.686 3.623 3.585 3.615 3.633 3.657 3.700 3.722 3.783 3.978 4.282 4.398 4.458 4.386 4.204 3.643 3.181 2.888 2.544 2.107 1.709 1.259 0.876 0.550 0.380 0.337 0.242 0.021 -0.310 -0.562 -0.615 -0.314 -0.075 -0.024 -0.076 -0.207 -0.404 -0.644 -0.878 -1.109
3.399 2.982 2.894 2.769 2.572 2.402 2.240 1.952 1.696 1.378 1.055 0.774 0.499 0.403 0.473 0.597 0.658 0.631 0.672 0.744 0.944 1.121 1.391 1.530 1.589 1.677 1.777 1.911 1.919 1.933 1.955 1.970 1.946 1.989 2.025 2.037 2.095 2.189 2.284 2.368 2.489 2.492 2.576 2.599 2.354 2.027 1.340 0.906 0.473 0.075 -0.398 -0.846 -1.320 -1.576 -1.872 -2.015 -2.084 -2.223 -2.407 -2.573 -2.764 -2.749 -2.279 -2.118 -2.239 -2.453 -2.681 -2.832 -2.897 -2.933 -2.906
1.302 0.799 0.656 0.460 0.243 0.045 -0.192 -0.500 -0.750 -0.934 -1.445 -1.648 -2.010 -2.198 -2.290 -2.376 -2.089 -1.663 -1.428 -1.292 -1.122 -0.913 -0.588 -0.351 -0.220 -0.058 0.026 0.065 0.001 0.035 0.053 0.054 0.101 0.154 0.152 0.219 0.312 0.449 0.588 0.648 0.692 0.493 0.367 0.175 -0.240 -0.652 -0.992 -1.375 -1.993 -2.611 -3.314 -3.987 -4.745 -5.235 -5.322 -4.694 -4.640 -4.589 -4.572 -4.612 -4.684 -4.601 -4.413 -4.382 -4.448 -4.586 -4.621 -4.596 -4.573 -4.467 -4.323
-1.797 -2.214 -2.450 -2.588 -2.873 -3.152 -3.456 -3.816 -3.934 -4.042 -4.274 -4.496 -4.691 -4.725 -4.634 -4.418 -4.187 -4.007 -3.787 -3.611 -3.424 -3.003 -2.587 -2.379 -2.206 -2.085 -2.038 -2.024 -1.985 -1.943 -1.889 -1.803 -1.728 -1.704 -1.729 -1.694 -1.590 -1.525 -1.495 -1.514 -1.600 -1.782 -1.895 -2.250 -2.552 -2.942 -3.819 -5.867 -6.337 -5.943 -6.215 -6.936 -7.712 -8.266 -7.985 -6.868 -6.257 -6.170 -6.070 -6.016 -6.071 -6.072 -6.062 -6.284 -6.500 -6.436 -6.194 -6.102 -6.025 -5.896 -5.609
-5.989 -5.966 -6.091 -6.178 -6.341 -6.496 -6.633 -6.790 -6.872 -6.878 -7.000 -7.048 -6.962 -6.824 -6.670 -6.586 -6.556 -6.361 -6.080 -5.901 -5.760 -5.646 -5.583 -5.486 -5.273 -5.021 -4.903 -4.854 -4.771 -4.555 -4.324 -4.155 -4.021 -4.011 -4.063 -4.108 -4.135 -4.127 -4.206 -4.216 -4.337 -4.415 -4.396 -4.540 -5.069 -8.441 -9.758 -9.335 -7.671 -8.366 -8.865 -9.326 -9.585 -9.861 -9.808 -9.336 -8.724 -8.475 -7.939 -7.680 -7.704 -7.690 -7.724 -8.014 -8.180 -8.287 -7.993 -7.851 -7.770 -7.533 -7.277
-9.757 -9.210 -9.122 -9.054 -9.066 -9.020 -9.055 -9.155 -9.181 -9.198 -9.226 -9.173 -9.056 -8.947 -8.787 -8.629 -8.422 -8.217 -8.087 -8.102 -8.162 -8.215 -8.192 -8.087 -7.824 -7.596 -7.549 -7.590 -7.475 -7.246 -7.017 -6.803 -6.623 -6.606 -6.644 -6.779 -6.839 -6.940 -7.019 -6.908 -6.823 -6.971 -7.142 -8.161 -8.671 -12.346 -13.281 -11.913 -10.409 -10.482 -10.664 -10.839 -11.214 -11.565 -11.627 -11.651 -11.588 -11.345 -10.748 -10.484 -10.339 -10.112 -9.905 -9.855 -9.809 -9.898 -9.914 -9.898 -9.822 -9.827 -9.590
