data-raw/tempfiles/06_grid_data_6000BP.asc
ncols 144
nrows 72
xllcorner -180
yllcorner -90
cellsize 2.5
nodata_value -9999
[rows 32 to 63 of 72, columns 71 to 141 of 144]
26.866 26.268 26.142 26.580 25.937 26.353 26.350 26.838 27.221 26.887 25.687 26.085 26.317 26.190 24.787 18.833 17.466 21.692 23.347 25.588 26.240 26.590 26.605 26.904 27.226 27.412 27.615 27.831 27.881 27.931 27.909 27.122 27.652 27.683 27.925 27.678 27.525 27.342 27.353 27.470 27.375 27.659 27.671 27.446 27.636 27.844 27.991 28.174 28.056 27.932 26.948 27.052 27.756 27.718 27.610 27.558 27.617 27.700 27.696 27.562 27.587 27.703 27.580 27.429 27.398 27.420 27.436 27.507 27.619 27.474 27.228
26.393 26.672 26.486 26.322 25.511 23.690 23.672 25.016 26.000 25.702 25.608 25.922 25.823 26.043 26.456 22.442 19.731 24.619 27.048 27.530 27.488 26.551 26.848 27.059 27.300 27.412 27.534 27.658 27.738 27.823 27.852 27.874 27.670 27.087 27.895 27.810 27.765 27.655 27.598 27.125 27.749 26.801 27.624 27.861 27.890 27.838 27.935 26.622 27.482 27.808 27.240 27.150 27.645 27.582 27.517 27.489 27.516 27.481 27.233 27.430 27.775 27.731 27.700 27.566 27.611 27.668 27.627 27.604 27.660 27.557 27.381
26.702 26.726 26.693 26.308 25.437 24.262 23.733 24.507 25.216 24.918 24.500 24.663 24.236 24.944 26.063 28.363 24.661 26.959 27.772 28.098 26.777 26.818 26.974 27.113 27.255 27.334 27.452 27.523 27.613 27.644 27.648 27.595 27.573 27.589 27.653 27.672 27.680 27.648 27.558 25.770 26.033 26.762 27.492 27.973 27.865 27.460 26.736 25.164 27.368 27.750 27.646 27.520 27.542 27.526 27.424 27.102 27.049 27.359 27.578 27.770 27.911 27.888 27.820 27.671 27.657 27.707 27.627 27.595 27.672 27.726 27.672
26.355 26.341 26.313 26.241 26.143 24.376 24.200 25.039 25.250 25.104 24.772 24.133 22.564 22.467 23.805 23.975 26.463 28.602 28.004 27.078 26.785 26.766 26.890 27.063 27.197 27.283 27.383 27.436 27.486 27.531 27.545 27.478 27.430 27.419 27.461 27.500 27.511 27.399 27.239 27.066 25.961 26.816 27.552 27.923 27.582 27.235 25.769 25.143 27.099 26.724 27.106 27.446 27.139 27.458 27.364 27.575 27.578 27.684 27.718 27.771 27.922 28.007 27.875 27.684 27.623 27.631 27.615 27.650 27.763 27.889 27.891
25.663 25.677 25.701 25.704 25.985 24.919 24.396 25.347 25.218 25.140 24.752 23.812 21.526 21.185 22.209 21.173 25.779 27.553 26.801 26.857 26.814 26.810 26.868 26.992 27.069 27.097 27.145 27.221 27.345 27.427 27.407 27.336 27.294 27.309 27.324 27.291 27.239 27.162 27.056 26.915 26.634 25.579 27.109 27.581 27.553 27.234 26.871 26.637 26.666 25.686 27.305 27.588 27.361 26.759 25.936 27.102 27.117 27.467 27.559 27.583 27.824 28.013 27.964 27.729 27.615 27.643 27.651 27.701 27.762 27.840 27.960
25.352 25.329 25.383 25.483 25.899 24.959 24.319 25.179 25.435 25.236 24.908 24.415 21.992 22.613 23.893 23.010 25.267 26.576 26.884 27.002 26.785 26.728 26.745 26.827 26.882 26.887 26.913 26.965 27.086 27.292 27.313 27.213 27.153 27.159 27.154 27.133 27.052 27.041 27.024 26.835 26.878 26.451 26.088 27.513 27.745 28.079 27.598 27.316 26.945 26.190 27.682 27.215 27.103 27.226 26.327 23.205 22.495 24.406 26.238 27.442 27.843 27.413 27.774 27.715 27.539 27.571 27.613 27.610 27.647 27.730 27.859
24.781 24.664 24.641 24.844 25.171 25.139 24.832 24.269 24.125 24.753 24.791 24.963 23.887 23.420 23.342 23.014 25.111 26.486 26.830 26.904 26.718 26.563 26.583 26.643 26.706 26.739 26.765 26.793 26.923 27.119 27.185 27.109 27.064 26.971 26.994 27.030 27.008 27.012 27.008 26.984 27.151 27.073 26.821 26.775 27.121 27.658 27.912 28.053 28.069 28.114 27.958 27.707 27.598 27.548 27.531 27.310 26.675 24.807 20.528 22.505 26.584 26.640 27.669 27.335 27.431 27.432 27.501 27.501 27.492 27.550 27.681
23.950 23.706 23.563 23.783 24.179 24.739 25.337 23.643 23.317 23.491 23.603 24.170 23.067 22.426 21.833 22.146 24.760 26.338 26.597 26.735 26.552 26.421 26.466 26.524 26.583 26.609 26.594 26.608 26.771 26.925 26.985 26.856 26.889 26.869 26.826 26.866 26.914 26.946 26.947 26.974 27.054 27.087 27.145 27.069 26.986 27.009 27.004 27.498 27.733 27.823 27.738 27.537 27.902 27.853 27.918 27.825 27.647 27.150 26.290 24.566 24.942 27.205 27.546 27.444 27.235 26.993 27.330 27.324 27.323 27.352 27.454
22.899 22.744 22.561 22.479 22.775 23.484 23.086 20.898 22.256 23.042 23.121 22.605 23.052 22.377 21.642 22.733 23.867 26.421 26.875 26.790 26.443 26.325 26.377 26.432 26.422 26.391 26.396 26.397 26.531 26.609 26.648 26.398 26.582 26.611 26.635 26.641 26.664 26.721 26.758 26.786 26.763 26.749 26.700 26.921 27.028 27.301 27.512 27.679 27.970 28.134 28.170 28.112 27.913 28.145 28.038 28.076 27.974 27.439 26.599 26.510 26.209 26.853 27.213 27.249 27.099 26.959 27.063 27.021 27.002 27.076 27.209
22.062 21.988 21.798 21.528 21.377 22.080 23.254 20.957 21.814 22.994 23.693 23.191 22.623 23.419 22.392 22.887 23.785 26.414 26.638 26.544 24.548 25.957 26.385 26.281 26.168 26.116 26.099 26.092 26.129 26.142 26.088 25.924 26.095 26.182 26.225 26.234 26.203 26.202 26.235 26.279 26.184 26.197 26.289 26.397 26.523 26.752 27.082 27.408 27.813 28.048 28.200 28.153 28.387 28.771 28.348 28.498 28.156 27.704 26.383 26.303 26.469 26.674 26.841 26.855 26.714 26.683 26.633 26.442 26.477 26.650 26.868
21.596 21.475 21.268 20.864 20.246 22.474 24.744 24.160 23.270 24.007 24.750 23.433 23.597 23.901 25.175 24.461 25.422 26.454 26.232 26.290 23.055 25.675 26.178 25.994 25.815 25.744 25.687 25.650 25.605 25.546 25.397 25.448 25.453 25.470 25.437 25.413 25.384 25.331 25.293 25.336 25.249 25.276 25.377 25.454 25.787 26.125 26.547 27.035 27.527 27.689 28.207 28.055 29.384 29.198 28.675 28.324 27.868 27.937 26.509 25.288 26.042 26.113 26.207 26.154 26.053 26.056 26.005 25.711 25.651 25.892 26.190
21.368 21.088 20.968 20.583 19.751 20.165 23.375 23.406 23.047 23.999 24.645 24.000 22.775 21.349 23.822 25.708 25.999 26.109 25.425 22.464 22.527 25.839 25.953 25.594 25.196 25.108 25.040 24.993 24.889 24.807 24.612 24.652 24.625 24.461 24.372 24.393 24.287 24.223 24.117 24.065 23.950 24.006 23.935 24.327 24.691 25.223 25.885 26.612 27.010 27.962 28.641 28.777 28.179 28.249 28.061 28.000 27.732 27.817 25.149 24.185 25.355 25.295 25.327 25.169 25.047 25.084 25.117 24.914 24.656 24.811 25.140
21.115 20.766 20.519 20.350 19.861 18.760 21.381 21.436 20.988 23.002 24.234 23.779 23.225 24.681 25.356 25.346 25.697 25.393 24.906 22.045 23.954 25.308 25.377 24.874 24.616 24.293 24.200 24.095 23.998 23.878 23.799 23.655 23.511 23.366 23.240 23.195 23.079 22.971 22.730 22.729 22.560 22.533 22.540 22.966 23.349 23.987 25.140 26.776 26.856 27.260 27.624 27.415 26.965 26.113 25.666 26.015 26.347 26.514 25.317 24.714 24.043 24.259 24.402 24.150 23.962 23.994 23.917 23.546 23.701 23.742 23.963
20.813 20.511 20.102 19.683 19.558 18.538 18.828 21.509 21.457 22.035 22.394 22.341 22.172 24.183 26.043 24.860 24.808 24.640 24.445 22.484 24.484 24.595 24.441 24.127 23.806 23.483 23.324 23.170 23.104 22.969 22.719 22.576 22.394 22.238 22.079 21.984 21.889 21.673 21.392 21.427 21.071 20.994 21.057 21.520 22.083 22.699 24.821 25.363 25.283 26.036 26.765 26.334 25.233 23.993 23.793 25.363 25.907 25.805 25.028 23.779 23.251 23.057 23.424 23.241 22.959 22.912 22.994 22.942 22.739 22.700 22.772
20.311 20.075 19.756 19.418 19.382 18.727 18.061 21.230 21.556 21.984 20.720 19.507 18.720 21.128 24.420 23.786 23.649 23.609 24.030 23.807 23.649 23.218 23.053 22.923 22.604 22.354 22.158 22.024 21.979 21.819 21.459 21.391 21.282 21.074 20.869 20.529 20.270 20.080 20.054 19.938 19.333 19.370 19.453 19.997 20.590 21.272 23.152 23.770 23.732 24.199 24.330 23.636 21.953 21.864 23.419 24.595 24.870 24.529 23.847 22.796 21.816 21.287 22.061 22.359 21.973 21.843 21.736 21.618 21.451 21.427 21.523
19.542 19.241 19.039 18.951 18.860 18.606 17.785 19.947 21.004 20.923 19.283 18.353 16.316 20.993 23.051 22.672 22.585 22.412 22.405 22.288 22.086 21.572 21.039 20.689 20.851 20.610 20.627 20.286 20.457 20.425 20.288 20.016 19.736 18.975 17.833 17.193 17.090 17.105 17.508 17.575 17.187 17.316 18.101 18.642 19.093 19.816 21.040 21.764 21.245 21.761 21.796 22.205 21.351 21.235 21.994 23.171 23.198 23.357 23.278 22.458 21.883 18.955 20.674 21.424 21.018 20.687 20.479 20.199 20.057 20.089 20.184
18.355 18.148 18.142 18.134 18.045 18.055 17.960 17.812 19.558 19.076 18.471 17.265 18.412 21.535 21.527 21.143 21.080 20.914 20.789 20.662 20.280 19.226 19.212 19.136 19.310 19.272 19.076 18.597 18.315 18.859 18.739 18.075 16.567 15.800 15.673 15.619 15.537 15.447 15.304 15.300 15.320 15.451 16.337 17.121 17.431 18.163 19.248 19.591 19.291 19.670 20.560 21.352 20.784 20.435 20.436 20.694 20.270 21.023 20.981 20.652 19.759 17.361 20.271 20.380 20.028 19.677 19.373 19.070 18.836 18.689 18.734
16.599 16.470 16.568 16.769 16.714 16.851 17.083 17.168 17.918 18.657 19.411 19.805 19.763 19.716 19.565 19.266 19.251 19.159 19.043 18.391 17.698 17.712 17.901 17.783 17.413 17.378 16.773 16.280 16.259 16.875 16.457 15.035 14.225 14.146 14.139 13.996 13.847 13.732 13.703 13.646 13.659 13.847 14.372 15.131 15.711 16.524 17.608 17.901 18.069 18.241 18.167 17.207 17.075 17.165 17.861 19.058 18.822 19.544 19.354 18.417 16.520 18.607 19.433 19.044 18.683 18.333 18.007 17.771 17.411 17.108 17.053
14.925 14.852 14.728 14.696 14.798 15.105 15.567 16.203 16.817 17.370 17.684 17.952 17.873 17.727 17.558 17.551 17.480 17.292 16.985 16.327 16.104 16.182 16.054 15.876 15.674 15.839 15.599 15.209 14.923 13.986 13.465 12.933 13.131 13.376 12.946 12.339 12.211 12.276 12.573 12.534 12.347 12.607 13.105 13.462 13.959 14.505 15.222 15.655 15.654 15.385 15.210 15.212 15.302 15.468 15.662 16.053 16.585 17.029 16.726 15.739 14.420 17.193 17.680 17.460 17.194 16.850 16.546 16.315 16.044 15.779 15.365
12.597 12.770 12.704 12.717 12.789 13.137 13.755 14.514 15.278 15.472 15.597 15.375 15.131 15.037 15.022 14.754 14.681 14.523 14.308 14.410 14.538 14.533 14.682 14.598 14.670 14.595 14.441 13.961 13.409 12.523 11.903 12.642 13.167 13.083 12.908 12.522 11.968 11.762 11.603 10.941 11.030 11.578 11.950 12.063 12.254 12.461 12.883 13.327 13.287 13.241 13.263 13.325 13.524 13.699 13.808 14.189 14.620 15.190 15.371 14.957 15.325 15.528 15.653 15.564 15.357 15.077 14.868 14.829 14.853 14.848 13.974
10.335 10.442 10.494 10.506 10.497 10.790 11.208 11.877 12.434 12.384 12.427 12.334 12.313 12.398 12.211 12.106 11.941 11.670 11.464 11.579 11.662 11.697 12.189 12.565 12.943 13.048 12.898 12.494 12.176 11.717 11.201 10.732 10.774 11.101 11.188 10.988 10.935 10.919 10.748 10.483 10.637 10.705 10.591 10.555 10.527 10.549 10.649 10.872 11.106 11.370 11.452 11.364 11.481 11.865 12.005 12.293 12.713 13.123 13.296 12.502 13.367 13.799 13.824 13.739 13.610 13.435 13.399 13.473 13.692 12.372 11.983
8.629 8.452 8.457 8.209 8.364 8.411 8.689 8.872 8.957 9.208 9.277 9.370 9.513 9.637 9.478 9.261 9.147 8.787 8.656 8.650 8.622 8.686 9.142 9.841 10.437 10.809 10.892 10.495 10.143 10.115 10.007 9.842 9.426 9.126 8.980 8.927 9.121 9.126 8.986 8.997 9.072 9.154 9.125 9.208 9.306 9.312 9.323 9.326 9.529 9.913 10.022 10.014 10.063 10.249 10.350 10.595 10.996 11.276 11.648 11.897 12.081 12.079 11.947 11.876 11.897 11.906 12.061 11.899 9.381 9.085 11.581
6.667 6.634 6.514 6.130 5.909 5.856 6.032 6.291 6.471 6.497 6.399 6.574 6.998 7.131 7.078 6.913 6.925 6.924 6.833 6.719 6.559 6.554 6.788 7.169 7.598 7.913 7.954 7.676 7.498 7.499 7.605 7.673 7.504 7.343 7.415 7.640 7.533 7.034 6.963 6.819 6.750 6.907 7.202 7.279 7.389 7.575 7.694 7.877 7.898 8.191 8.584 8.706 8.808 9.007 9.084 9.060 9.420 9.683 9.861 10.121 10.174 10.173 10.115 10.141 10.241 10.456 10.755 10.163 8.914 10.561 10.690
4.701 4.723 4.718 4.566 4.389 4.232 4.168 4.233 4.195 4.209 4.162 4.378 4.778 5.011 5.108 5.065 5.045 5.158 5.228 5.236 5.191 5.170 5.116 5.151 5.292 5.433 5.493 5.414 5.225 5.348 5.243 5.158 5.167 5.197 5.356 5.333 5.156 5.373 5.596 5.159 4.922 5.136 5.312 5.273 5.175 5.458 5.784 6.027 6.172 6.316 6.792 7.069 7.260 7.452 7.597 7.638 7.677 7.982 8.067 8.201 8.381 8.478 8.533 8.622 8.742 8.986 9.239 9.391 9.355 9.154 9.034
2.711 2.799 2.775 2.661 2.497 2.342 2.329 2.315 2.289 2.254 2.291 2.454 2.744 3.049 3.246 3.345 3.466 3.489 3.515 3.584 3.640 3.680 3.575 3.469 3.495 3.549 3.694 3.798 3.780 3.785 3.547 3.341 3.235 3.251 3.316 3.457 3.496 3.712 3.778 3.515 3.204 3.249 3.414 3.500 3.502 3.480 3.722 3.955 4.230 4.469 4.823 5.255 5.557 5.601 5.558 5.829 5.918 6.026 6.133 6.256 6.522 6.757 6.942 7.037 7.212 7.423 7.663 7.830 7.905 7.842 7.685
0.812 0.861 0.862 0.794 0.646 0.545 0.577 0.651 0.667 0.704 0.807 1.004 1.318 1.628 1.845 2.012 2.051 2.055 1.997 1.971 2.105 2.177 2.099 2.035 2.008 2.178 2.302 2.374 2.330 2.252 1.959 1.666 1.431 1.390 1.594 1.874 1.968 2.146 2.040 1.836 1.805 1.972 1.957 1.886 1.869 1.770 2.043 2.363 2.641 2.920 3.207 3.518 3.703 3.803 3.878 4.098 4.098 4.069 4.109 4.261 4.531 4.864 5.124 5.160 5.203 5.650 6.068 6.411 6.552 6.535 6.406
-1.046 -1.061 -1.103 -1.162 -1.210 -1.161 -1.060 -0.876 -0.779 -0.656 -0.308 0.030 0.326 0.566 0.695 0.888 0.886 0.872 0.881 0.745 0.709 0.674 0.563 0.517 0.466 0.559 0.629 0.664 0.634 0.503 0.229 -0.072 -0.293 -0.317 -0.169 0.106 0.286 0.346 0.354 0.324 0.234 0.210 0.214 0.284 0.348 0.386 0.542 0.799 0.983 1.270 1.458 1.638 1.726 1.921 2.188 2.331 2.425 2.344 2.219 2.289 2.443 2.718 3.075 3.181 3.121 3.435 4.184 4.726 5.065 5.161 5.102
-2.792 -2.808 -2.847 -3.001 -2.965 -2.735 -2.572 -2.413 -2.196 -1.830 -1.492 -1.215 -0.903 -0.919 -0.943 -0.816 -0.864 -0.846 -0.865 -1.005 -1.078 -1.145 -1.350 -1.561 -1.595 -1.436 -1.391 -1.300 -1.488 -1.828 -2.184 -2.483 -2.604 -2.573 -2.439 -1.980 -1.678 -1.704 -1.894 -1.882 -1.791 -1.720 -1.558 -1.432 -1.240 -1.069 -0.896 -0.776 -0.526 -0.370 -0.232 -0.040 0.113 0.212 0.466 0.528 0.480 0.687 0.638 0.471 0.566 0.649 0.805 1.112 1.180 1.357 2.018 2.592 3.004 3.228 3.227
-4.183 -4.067 -4.010 -4.318 -4.372 -4.098 -3.977 -3.764 -3.548 -3.435 -3.269 -3.026 -2.909 -2.944 -2.855 -2.842 -2.773 -2.796 -2.906 -3.000 -3.171 -3.515 -3.853 -4.091 -4.255 -4.114 -4.185 -4.232 -4.471 -4.635 -4.785 -4.866 -4.760 -4.718 -4.732 -4.642 -4.460 -4.442 -4.456 -4.435 -4.287 -4.084 -3.792 -3.557 -3.369 -3.144 -2.843 -2.727 -2.440 -2.283 -2.068 -1.836 -1.635 -1.529 -1.533 -1.586 -1.697 -1.597 -1.600 -1.707 -1.739 -1.783 -1.756 -1.320 -1.071 -0.938 -0.519 -0.205 0.063 0.326 0.657
-5.408 -5.265 -5.109 -5.042 -5.133 -5.283 -5.428 -5.403 -5.343 -5.270 -5.200 -5.134 -5.145 -5.127 -5.064 -5.120 -4.937 -4.952 -5.151 -5.291 -5.711 -6.197 -6.503 -6.909 -7.296 -7.161 -7.420 -7.661 -7.789 -7.789 -7.661 -7.659 -7.531 -7.443 -7.590 -7.814 -7.877 -7.845 -7.802 -7.909 -7.868 -7.646 -7.191 -6.759 -6.375 -6.166 -6.066 -5.959 -5.553 -5.141 -4.923 -4.892 -4.813 -4.764 -4.914 -5.044 -5.162 -5.150 -5.070 -5.141 -5.114 -5.032 -5.033 -4.831 -4.845 -4.709 -4.347 -4.018 -3.715 -3.442 -3.219
-7.034 -6.633 -6.565 -6.525 -6.474 -6.773 -7.259 -7.427 -7.464 -7.327 -7.386 -7.404 -7.348 -7.325 -7.230 -7.064 -7.135 -7.324 -7.588 -8.418 -9.479 -12.995 -15.901 -13.242 -11.437 -11.469 -11.558 -11.014 -10.934 -11.136 -10.784 -10.964 -10.436 -10.206 -11.708 -13.006 -13.346 -13.219 -13.548 -15.600 -15.053 -15.322 -15.508 -13.131 -10.985 -12.359 -12.638 -10.755 -9.676 -10.112 -11.059 -11.674 -11.344 -13.420 -14.395 -13.727 -13.539 -12.039 -10.562 -9.667 -9.193 -9.055 -8.886 -8.454 -8.405 -7.989 -7.682 -7.040 -7.019 -6.834 -6.588
-9.610 -9.153 -8.503 -8.256 -8.021 -8.190 -9.025 -9.197 -9.048 -9.011 -9.084 -9.022 -8.927 -9.511 -10.987 -10.285 -9.629 -12.872 -18.009 -20.649 -22.231 -25.368 -27.539 -26.740 -25.789 -24.367 -22.574 -19.107 -16.745 -14.854 -12.875 -12.195 -15.144 -19.241 -21.839 -23.737 -24.754 -26.016 -27.130 -27.670 -27.313 -27.304 -27.906 -27.402 -25.674 -23.844 -22.597 -21.861 -21.772 -22.888 -24.627 -25.470 -25.735 -26.833 -28.418 -28.854 -27.987 -25.426 -22.152 -19.478 -18.364 -16.989 -16.432 -15.048 -13.310 -11.691 -11.520 -10.731 -10.238 -9.874 -9.835
