data-raw/tempfiles/07_grid_data_7000BP.asc
ncols 144
nrows 72
xllcorner -180
yllcorner -90
cellsize 2.5
nodata_value -9999
[rows 0 to 31 of 72, columns 0 to 70 of 144]
-17.032 -17.188 -17.252 -17.266 -17.241 -17.232 -17.233 -17.237 -17.242 -17.255 -17.232 -17.240 -17.258 -17.273 -17.254 -17.255 -17.234 -17.271 -17.288 -17.290 -17.326 -17.277 -17.271 -17.325 -17.311 -17.274 -17.261 -17.247 -17.279 -17.306 -17.285 -17.248 -17.219 -17.152 -17.163 -17.061 -17.079 -16.993 -17.012 -17.081 -17.053 -17.026 -17.000 -16.943 -16.874 -16.856 -16.814 -16.716 -16.782 -16.751 -16.725 -16.734 -16.656 -16.626 -16.606 -16.619 -16.583 -16.558 -16.565 -16.578 -16.598 -16.622 -16.642 -16.804 -16.903 -17.064 -16.986 -16.925 -16.826 -16.822 -16.813
-16.603 -16.712 -16.712 -16.692 -16.659 -16.585 -16.478 -16.367 -16.254 -16.142 -16.015 -15.922 -15.919 -15.905 -15.917 -15.940 -15.969 -16.038 -16.132 -16.213 -16.273 -16.243 -16.312 -16.402 -16.456 -16.518 -16.552 -16.592 -16.636 -16.702 -16.742 -16.743 -16.750 -16.733 -16.742 -16.696 -16.668 -16.614 -16.601 -16.618 -16.606 -16.611 -16.561 -16.546 -16.517 -16.528 -16.530 -16.426 -16.561 -16.618 -16.659 -16.747 -16.745 -16.766 -16.786 -16.782 -16.770 -16.721 -16.712 -16.699 -16.651 -16.619 -16.579 -16.469 -16.357 -16.315 -16.323 -16.258 -16.211 -16.163 -16.115
-15.561 -15.532 -15.537 -15.566 -15.606 -15.537 -15.529 -15.591 -15.627 -15.632 -15.579 -15.522 -15.476 -15.436 -15.407 -15.339 -15.308 -15.289 -15.297 -15.270 -15.300 -15.318 -15.374 -15.466 -15.543 -15.627 -15.718 -15.843 -15.977 -16.133 -16.267 -16.353 -16.410 -16.428 -16.398 -16.330 -16.314 -16.353 -16.697 -17.230 -17.326 -17.371 -17.384 -17.380 -17.219 -16.953 -16.585 -16.058 -16.040 -16.254 -16.455 -16.550 -16.784 -17.332 -17.899 -18.819 -19.677 -20.036 -20.131 -20.161 -19.479 -18.572 -16.892 -15.971 -15.710 -15.677 -15.611 -15.454 -15.302 -15.172 -15.041
-15.378 -15.288 -15.302 -15.345 -15.380 -15.426 -15.412 -15.425 -15.417 -15.348 -15.247 -15.172 -15.065 -15.045 -15.036 -14.976 -14.945 -14.915 -14.975 -15.012 -15.037 -15.165 -15.248 -15.309 -15.396 -15.402 -15.447 -15.562 -15.582 -15.675 -15.824 -15.772 -16.125 -17.169 -20.231 -20.908 -21.151 -20.731 -21.165 -21.730 -21.790 -22.026 -22.137 -21.524 -19.822 -18.847 -18.780 -19.892 -19.955 -20.187 -20.343 -20.452 -20.939 -21.699 -22.256 -22.991 -23.189 -22.791 -22.767 -22.761 -22.356 -21.985 -21.399 -19.674 -18.904 -16.283 -14.500 -13.733 -13.439 -13.148 -12.835
-14.610 -14.431 -14.375 -14.326 -14.248 -14.191 -14.210 -14.292 -14.301 -14.245 -14.179 -14.124 -14.186 -14.273 -14.344 -14.403 -14.457 -14.568 -14.741 -14.961 -15.147 -15.336 -15.379 -15.411 -15.447 -15.418 -15.693 -16.241 -15.760 -15.648 -16.404 -16.645 -15.741 -16.645 -19.830 -20.556 -19.703 -18.711 -19.276 -21.165 -19.998 -17.175 -15.265 -15.544 -16.909 -17.565 -19.036 -20.482 -21.720 -22.836 -23.937 -24.885 -25.734 -26.569 -27.087 -27.157 -26.757 -25.845 -24.554 -22.858 -20.869 -18.990 -17.825 -16.970 -14.757 -13.467 -12.449 -12.038 -11.504 -10.843 -9.848
-12.839 -12.718 -12.628 -12.554 -12.487 -12.464 -12.473 -12.508 -12.580 -12.647 -12.653 -12.685 -12.841 -13.003 -13.199 -13.398 -13.674 -13.994 -14.292 -14.499 -14.652 -14.703 -14.602 -14.861 -15.429 -15.363 -15.448 -15.109 -15.062 -14.966 -15.271 -16.336 -16.405 -15.849 -15.845 -16.003 -16.862 -18.482 -18.943 -18.357 -14.982 -12.547 -12.044 -12.271 -13.631 -13.881 -14.005 -14.675 -16.263 -18.357 -20.993 -23.664 -25.417 -26.757 -27.515 -27.713 -27.371 -26.715 -25.871 -24.651 -22.678 -19.884 -17.526 -15.403 -12.290 -11.174 -10.578 -9.937 -9.079 -8.113 -7.106
-11.761 -11.489 -11.284 -11.131 -11.035 -10.964 -11.034 -11.089 -11.251 -11.355 -11.469 -11.565 -11.711 -11.790 -11.860 -11.937 -12.089 -12.277 -12.406 -12.479 -12.398 -12.284 -13.870 -14.871 -15.328 -15.070 -14.330 -14.257 -14.252 -14.330 -13.699 -14.758 -15.725 -14.759 -16.491 -15.534 -15.350 -15.366 -15.636 -15.430 -14.477 -13.158 -12.534 -12.529 -12.538 -12.295 -11.882 -10.874 -9.650 -10.670 -14.369 -19.214 -22.581 -24.940 -26.339 -27.286 -27.762 -27.682 -26.672 -24.134 -20.910 -17.594 -15.266 -12.548 -9.193 -7.937 -7.158 -6.397 -5.959 -5.787 -5.417
-10.491 -9.669 -9.266 -9.009 -8.823 -8.773 -8.881 -9.258 -10.126 -10.388 -10.286 -9.811 -9.790 -9.863 -10.043 -10.378 -10.527 -10.560 -10.549 -10.547 -10.433 -10.353 -11.795 -12.418 -12.366 -13.526 -13.723 -14.339 -14.649 -14.459 -13.660 -13.543 -14.454 -15.173 -15.478 -13.491 -14.673 -15.701 -15.873 -15.539 -14.664 -14.830 -14.836 -14.166 -12.385 -11.661 -11.222 -9.580 -8.244 -7.082 -8.904 -12.362 -17.003 -21.242 -23.644 -25.217 -26.499 -26.638 -24.628 -20.467 -17.041 -14.652 -12.392 -8.574 -6.089 -4.760 -4.067 -3.647 -3.380 -3.002 -2.467
-9.755 -7.975 -7.255 -6.963 -6.470 -6.112 -7.291 -9.283 -9.689 -10.080 -10.252 -9.948 -9.963 -10.069 -9.960 -9.718 -8.928 -8.217 -8.121 -8.363 -9.020 -9.864 -10.921 -11.775 -11.056 -10.710 -11.814 -13.225 -13.474 -13.341 -13.423 -12.898 -12.695 -12.796 -13.307 -13.618 -12.837 -12.661 -13.397 -11.857 -11.139 -11.166 -11.338 -12.786 -12.614 -11.283 -10.304 -8.977 -7.606 -5.751 -5.671 -7.012 -12.157 -17.534 -20.883 -22.620 -23.595 -22.323 -17.123 -14.246 -11.685 -8.253 -4.996 -3.110 -2.200 -1.589 -1.254 -1.104 -0.914 -0.475 0.119
-7.198 -6.559 -6.111 -5.335 -4.256 -3.945 -4.339 -5.047 -4.930 -4.629 -5.050 -5.130 -4.902 -4.611 -4.506 -5.300 -6.547 -6.402 -5.727 -5.440 -5.362 -5.919 -6.801 -7.885 -8.768 -8.907 -9.770 -10.755 -11.085 -11.648 -11.904 -12.219 -12.430 -12.616 -12.926 -12.900 -12.321 -11.584 -11.790 -10.712 -10.397 -10.159 -9.804 -9.830 -9.907 -10.812 -11.636 -8.895 -6.690 -4.437 -4.272 -8.043 -12.603 -17.356 -19.455 -16.756 -12.243 -10.341 -5.180 -2.178 -1.053 -0.206 -0.338 -1.099 -1.962 -1.408 0.386 1.018 0.912 1.128 1.532
-2.921 -2.192 -2.858 -2.530 -2.135 -1.667 -1.815 -2.126 -1.648 -1.125 -1.796 -2.920 -3.202 -3.605 -4.265 -3.914 -3.796 -4.328 -5.102 -6.149 -6.761 -5.190 -3.597 -3.794 -4.518 -5.397 -6.796 -7.743 -8.138 -8.508 -8.937 -9.445 -9.813 -10.183 -10.553 -10.272 -9.504 -9.459 -9.485 -8.751 -8.240 -7.910 -7.569 -8.268 -9.920 -10.294 -8.064 -6.493 -4.854 -3.218 -2.144 -4.366 -12.124 -18.633 -17.697 -7.467 -1.522 -0.776 -0.535 0.040 0.739 1.367 1.640 0.817 -0.949 0.144 2.295 2.780 2.678 2.696 2.892
-0.239 -0.034 -0.347 -0.446 -0.455 -0.247 -0.160 -0.492 -0.815 -0.246 -2.192 -0.147 -0.761 -0.922 -2.576 -5.583 -4.957 -2.691 -2.695 -3.410 -3.889 -4.075 -2.265 -1.522 -2.089 -1.993 -2.702 -3.288 -4.648 -5.416 -6.177 -7.183 -7.738 -7.960 -8.044 -8.229 -8.261 -8.090 -7.769 -7.268 -6.613 -7.650 -7.915 -7.050 -6.471 -6.072 -5.445 -4.355 -2.986 -2.111 -1.531 -1.277 -5.000 -8.887 -9.299 -1.159 -0.129 0.358 1.087 1.599 2.187 2.604 3.132 3.590 4.098 4.420 4.471 4.491 4.374 4.283 4.253
2.227 2.118 1.725 1.341 1.074 1.160 1.471 1.165 1.482 1.158 2.487 4.574 5.198 6.097 6.276 5.593 3.576 1.235 -0.117 -1.548 -1.717 -1.953 -0.461 0.384 -0.002 -0.566 -0.702 -0.582 -1.638 -2.556 -3.437 -4.286 -5.314 -5.597 -6.006 -6.617 -7.102 -7.202 -6.972 -6.455 -5.603 -5.689 -5.960 -5.698 -4.665 -4.611 -5.590 -3.673 -2.168 -1.039 -0.442 -0.318 -0.226 -0.102 -0.329 0.405 1.050 1.546 2.323 2.939 3.532 4.061 4.669 5.082 5.421 5.731 5.883 5.920 5.788 5.488 5.269
3.705 3.755 3.727 3.507 3.397 3.486 3.770 3.785 3.837 4.488 5.126 5.869 6.326 6.475 6.910 7.236 7.533 7.449 6.578 2.773 0.637 -0.064 0.532 1.860 2.353 2.092 1.674 1.355 0.647 -0.252 -0.971 -1.637 -2.408 -2.908 -3.312 -4.172 -5.277 -5.408 -5.585 -5.491 -4.599 -3.574 -4.160 -4.151 -3.415 -3.404 -3.786 -2.723 -1.998 -1.025 -0.141 0.520 1.027 1.516 1.864 2.288 2.728 3.391 4.129 4.722 5.325 5.835 6.333 6.895 7.161 7.361 7.520 7.470 7.288 6.648 5.497
4.742 4.890 4.991 5.009 5.020 5.075 5.280 5.516 5.895 6.222 6.404 6.692 6.932 7.358 7.776 8.132 8.403 8.559 8.687 8.307 5.381 3.222 3.570 1.733 0.993 2.634 3.296 2.468 2.023 1.683 1.267 0.676 -0.766 -1.087 -1.753 -2.270 -2.526 -2.469 -2.277 -3.703 -3.185 -2.283 -2.858 -3.825 -3.910 -3.404 -2.568 -1.178 -0.706 -0.756 -0.569 0.739 1.909 2.961 3.764 4.341 4.719 5.142 5.690 6.272 6.849 7.327 7.774 8.180 8.506 8.743 8.804 8.576 7.593 7.649 7.274
5.327 5.561 5.683 5.862 5.982 6.120 6.214 6.363 6.454 6.793 7.074 7.381 7.663 7.999 8.355 8.724 9.030 9.397 9.434 9.603 9.252 5.157 3.269 3.907 2.409 0.832 3.941 4.537 3.761 3.460 2.611 2.241 2.177 1.273 0.147 -0.671 -1.162 -0.983 -0.250 -0.518 -0.730 -0.796 -1.527 -1.962 -1.601 -1.216 -0.522 0.450 0.764 1.177 0.636 1.481 2.415 3.753 5.242 6.448 7.166 7.557 7.896 8.363 8.792 9.063 9.374 9.633 9.884 10.113 10.138 9.892 9.379 9.246 8.497
5.951 6.294 6.468 6.657 6.790 6.905 7.055 7.238 7.392 7.654 7.954 8.262 8.541 8.894 9.168 9.483 9.765 10.074 10.392 10.600 10.738 10.241 9.844 6.592 6.484 5.310 4.522 6.333 6.174 5.797 5.146 4.660 3.881 3.579 2.630 1.280 0.870 0.595 0.698 0.826 0.810 0.623 0.429 0.832 1.978 2.285 2.677 2.777 2.825 3.252 3.303 2.920 3.235 4.584 6.555 8.400 9.586 10.043 10.274 10.566 10.819 10.947 11.141 11.274 11.416 11.534 11.608 11.612 11.389 11.138 10.534
6.893 7.327 7.531 7.744 7.938 8.102 8.247 8.435 8.640 8.888 9.190 9.449 9.615 9.806 9.996 10.267 10.534 10.780 11.194 11.651 11.962 11.863 11.733 9.514 10.409 7.484 4.717 4.915 7.087 8.380 7.652 7.341 6.523 5.591 5.124 4.420 4.263 4.223 3.586 3.530 3.439 3.655 3.767 3.281 4.214 4.790 4.919 4.787 4.926 5.046 4.859 4.783 5.245 6.748 8.872 10.762 11.711 12.092 12.351 12.499 12.696 12.810 12.860 12.880 12.893 12.934 13.001 13.040 13.000 12.915 12.541
8.574 8.949 9.186 9.401 9.628 9.769 9.885 10.049 10.254 10.430 10.617 10.886 11.052 11.204 11.359 11.520 11.772 11.941 12.316 12.636 12.735 12.509 11.670 8.536 8.289 8.055 5.459 4.013 4.792 6.995 8.662 9.460 9.040 7.698 7.252 7.563 7.378 7.268 7.559 7.322 7.153 7.282 6.778 6.630 6.303 6.476 6.681 7.217 8.005 8.619 8.946 8.888 9.375 10.888 12.576 13.701 14.024 14.130 14.326 14.425 14.522 14.572 14.584 14.476 14.446 14.422 14.391 14.366 13.723 12.461 12.860
10.971 11.040 11.204 11.437 11.620 11.725 11.744 11.846 11.977 12.128 12.304 12.477 12.606 12.693 12.789 12.995 13.183 13.430 13.597 13.799 13.650 12.948 11.874 9.503 9.647 7.997 8.951 5.659 5.801 5.066 9.466 10.182 10.470 10.332 9.895 10.110 10.136 10.029 9.994 10.086 9.016 9.651 9.846 9.459 9.317 10.332 11.619 12.721 13.393 13.817 13.946 13.794 13.999 14.745 15.435 15.876 15.991 15.979 16.075 16.122 16.086 15.964 15.931 15.764 15.815 15.801 15.803 15.634 14.324 12.627 11.911
13.785 13.442 13.551 13.612 13.658 13.705 13.715 13.761 13.827 13.922 14.058 14.184 14.273 14.318 14.437 14.637 14.823 15.023 15.124 15.113 14.787 13.839 13.772 13.726 9.571 9.180 8.789 7.671 7.310 3.657 10.063 12.302 12.711 12.592 12.746 12.582 12.927 12.641 12.388 11.673 11.861 13.601 12.992 13.602 14.984 15.961 16.714 17.374 17.660 17.656 17.646 17.524 17.412 17.517 17.622 17.694 17.740 17.695 17.663 17.491 17.159 17.020 17.025 17.136 17.126 17.090 17.070 16.875 16.809 16.096 14.500
16.251 15.763 15.735 15.679 15.631 15.575 15.547 15.542 15.621 15.709 15.812 15.867 15.877 15.916 16.018 16.151 16.296 16.401 16.415 16.330 16.079 15.206 14.033 15.626 13.981 16.373 14.137 11.037 9.962 7.829 11.703 14.267 14.890 15.051 13.827 14.398 14.726 13.946 13.005 13.574 15.565 15.770 16.754 17.734 18.566 19.206 19.360 19.478 19.513 19.479 19.437 19.366 19.281 19.213 19.195 19.185 19.159 19.103 19.037 18.855 18.463 18.193 17.960 18.055 17.993 18.073 18.047 17.904 17.858 17.651 16.531
18.294 17.777 17.653 17.634 17.472 17.391 17.357 17.297 17.392 17.425 17.483 17.532 17.429 17.451 17.532 17.575 17.625 17.669 17.613 17.447 17.129 16.390 15.383 15.093 16.459 18.682 20.650 15.925 11.510 13.390 14.550 16.241 17.488 16.947 16.405 16.493 16.026 15.963 16.363 17.310 18.065 19.158 19.822 20.007 20.199 20.877 20.988 20.983 21.022 21.013 20.969 20.898 20.833 20.791 20.704 20.551 20.485 20.383 20.223 20.016 19.758 19.562 19.307 19.213 19.021 18.970 18.947 18.853 18.646 17.143 15.995
20.130 19.704 19.491 19.358 19.172 19.068 19.082 19.097 19.131 19.163 19.192 19.234 19.150 19.081 19.084 18.993 18.916 18.849 18.697 18.492 18.146 17.552 16.835 16.437 16.506 18.373 22.427 19.450 16.264 16.979 17.060 18.160 18.562 18.395 18.206 17.593 18.064 18.056 18.118 19.261 21.040 21.785 21.669 21.388 21.456 22.222 22.312 22.395 22.435 22.410 22.335 22.250 22.108 22.055 21.923 21.766 21.629 21.473 21.265 21.025 20.832 20.503 20.230 19.913 19.797 19.819 19.721 19.382 18.313 16.616 19.533
21.801 21.482 21.197 20.955 20.782 20.716 20.691 20.671 20.658 20.675 20.709 20.723 20.650 20.582 20.494 20.304 20.114 19.941 19.706 19.430 19.006 18.469 17.853 17.542 17.479 17.843 21.499 21.944 16.053 15.723 18.231 19.700 20.752 20.026 20.434 20.296 20.798 20.650 20.411 20.681 22.691 23.291 23.127 23.045 22.515 23.455 23.757 23.727 23.694 23.603 23.412 23.211 23.177 23.068 22.882 22.674 22.453 22.244 21.952 21.607 21.353 21.036 20.851 20.750 20.701 20.476 20.485 20.897 21.384 22.592 22.593
23.282 23.008 22.758 22.514 22.385 22.313 22.228 22.177 22.171 22.192 22.196 22.138 22.069 21.931 21.723 21.477 21.236 20.990 20.671 20.250 19.760 19.180 18.686 18.373 18.370 18.472 20.630 22.646 20.325 15.154 19.450 20.299 22.499 22.591 23.021 23.205 23.491 23.517 23.130 22.370 24.010 24.514 24.391 24.498 23.532 24.001 24.829 24.829 24.735 24.556 24.277 23.930 23.900 23.783 23.625 23.444 23.161 22.906 22.557 22.199 22.011 21.739 21.483 21.542 21.271 20.854 21.792 22.269 22.384 23.107 23.016
24.428 24.238 24.078 23.965 23.852 23.765 23.670 23.612 23.660 23.720 23.540 23.286 23.090 22.887 22.677 22.411 22.147 21.858 21.465 21.046 20.492 19.892 19.411 19.181 19.222 19.557 20.464 22.703 23.361 19.297 16.525 17.313 21.546 23.776 24.608 24.832 25.057 25.203 24.904 24.611 25.062 25.412 25.496 25.535 24.917 24.532 25.629 25.773 25.616 25.314 25.050 24.727 24.492 24.310 24.217 23.991 23.706 23.414 23.023 22.670 22.445 22.078 21.753 21.585 20.855 21.509 23.242 23.735 24.101 24.433 24.257
25.477 25.253 25.121 25.050 24.967 24.902 24.882 24.847 24.910 24.707 24.516 24.133 23.864 23.679 23.483 23.300 23.033 22.729 22.362 21.927 21.439 20.962 20.609 20.506 20.657 21.130 21.854 22.874 23.871 23.340 18.327 16.630 20.047 24.076 25.263 25.656 25.463 25.793 25.732 25.569 25.615 25.623 26.222 26.114 25.468 25.133 26.008 26.207 26.109 25.725 25.475 25.244 24.941 24.522 24.292 24.219 24.041 23.739 23.397 23.089 22.839 22.478 22.176 21.694 20.795 23.250 24.661 24.228 24.462 24.664 25.015
26.069 25.840 25.761 25.735 25.687 25.599 25.544 25.503 25.512 24.934 24.889 24.707 24.458 24.282 24.163 23.993 23.756 23.528 23.227 22.889 22.562 22.271 22.134 22.136 22.277 22.894 23.502 24.285 24.855 25.100 22.624 20.487 18.473 22.581 25.535 25.783 24.811 26.262 26.463 26.595 26.778 26.513 26.833 24.621 25.405 25.627 26.434 26.459 26.314 26.147 25.767 25.499 25.254 24.909 24.667 24.538 24.422 24.076 23.755 23.480 23.222 22.841 22.485 22.112 21.659 24.723 27.561 25.935 25.389 24.752 24.938
26.356 26.214 26.145 26.065 25.983 25.879 25.779 25.683 25.601 25.490 25.333 25.116 24.973 24.826 24.732 24.562 24.380 24.244 24.068 23.907 23.815 23.794 23.836 24.020 24.281 24.672 25.054 25.470 25.791 26.152 26.887 27.000 25.279 23.450 24.589 22.266 24.483 25.293 26.347 26.813 27.030 27.092 26.928 26.076 26.062 26.744 26.915 26.502 26.369 26.250 25.945 25.772 25.417 25.200 24.974 24.730 24.649 24.445 24.188 23.977 23.821 23.552 23.296 23.202 23.140 26.643 28.701 28.106 26.960 25.465 25.154
26.592 26.451 26.389 26.317 26.245 26.143 26.035 25.932 25.794 25.724 25.655 25.555 25.461 25.367 25.298 25.128 25.033 24.967 24.894 24.871 24.864 24.940 25.107 25.313 25.556 25.759 25.967 26.204 26.499 26.784 27.232 27.515 27.501 27.129 27.115 25.446 24.917 24.105 25.882 26.951 27.074 26.903 26.440 26.492 27.283 27.510 27.280 26.777 26.488 26.399 26.263 26.158 25.909 25.598 25.450 25.155 25.117 25.047 24.848 24.661 24.587 24.537 24.411 24.343 24.359 26.725 28.203 27.872 27.063 26.768 26.456
26.871 26.650 26.589 26.511 26.428 26.371 26.319 26.277 26.194 26.035 25.958 25.912 25.804 25.755 25.719 25.565 25.536 25.515 25.439 25.465 25.515 25.547 25.709 25.833 25.979 26.124 26.292 26.379 26.624 26.879 27.034 27.128 27.116 27.143 27.365 27.460 27.474 26.612 25.919 27.169 27.051 26.288 25.830 27.623 26.636 26.981 27.153 26.998 26.861 26.713 26.594 26.470 26.298 25.997 25.846 25.572 25.542 25.502 25.362 25.261 25.191 25.206 25.176 25.113 25.384 26.228 25.845 26.142 26.458 26.582 26.816
