data-raw/tempfiles/07_grid_data_7000BP.asc
ncols 144
nrows 72
xllcorner -180
yllcorner -90
cellsize 2.5
nodata_value -9999
[rows 32 to 63 of 72, columns 0 to 70 of 144]
27.091 26.811 26.793 26.763 26.701 26.626 26.616 26.549 26.508 26.393 26.311 26.244 26.187 26.117 26.052 25.986 25.958 25.908 25.856 25.841 25.868 25.871 25.888 25.963 26.049 26.106 26.171 26.228 26.351 26.471 26.491 26.529 26.593 26.706 26.837 26.819 26.829 26.868 25.656 25.795 25.961 25.660 25.941 24.690 27.099 27.811 27.247 26.366 26.568 26.715 26.746 26.723 26.678 26.483 26.376 26.173 26.081 25.857 25.831 25.782 25.784 25.848 25.876 25.865 26.150 26.717 26.923 25.591 24.779 25.781 26.510
27.237 27.014 26.952 26.912 26.853 26.790 26.747 26.743 26.783 26.699 26.548 26.454 26.387 26.296 26.236 26.188 26.175 26.116 26.040 25.984 25.989 25.957 25.887 25.881 25.883 25.874 25.861 25.853 25.867 25.851 25.855 25.909 25.996 26.082 26.110 26.155 26.281 26.448 26.582 26.511 25.685 22.667 21.368 24.719 26.403 23.232 24.307 23.827 25.059 26.467 26.645 26.802 26.824 26.714 26.639 26.503 26.399 26.180 26.100 26.153 26.248 26.319 26.317 26.291 26.488 26.913 27.492 26.647 25.465 25.648 26.068
27.225 27.148 27.088 27.100 27.019 26.947 26.977 27.029 27.116 27.073 26.795 26.575 26.545 26.450 26.293 26.350 26.290 26.136 26.127 26.037 25.871 25.851 25.762 25.639 25.594 25.469 25.349 25.325 25.221 25.144 25.137 25.159 25.259 25.385 25.467 25.566 25.719 25.739 25.805 25.828 25.493 22.333 23.206 25.749 25.202 23.038 23.125 25.290 25.293 25.784 26.026 26.238 26.833 26.769 26.848 26.778 26.554 26.333 26.220 26.344 26.495 26.484 26.387 26.248 26.277 26.440 26.814 26.895 26.682 26.505 26.690
27.245 27.265 27.206 27.142 27.038 26.922 26.874 26.971 27.068 26.942 26.632 26.398 26.237 26.158 26.073 26.065 26.009 25.824 25.715 25.648 25.481 25.335 25.214 25.077 24.908 24.769 24.575 24.473 24.363 24.199 24.102 24.094 24.121 24.086 24.146 24.291 24.484 24.538 24.793 24.994 22.686 22.235 25.033 25.160 25.249 24.843 25.053 25.653 24.861 25.600 25.966 25.902 26.705 26.884 27.027 26.918 26.751 26.552 26.421 26.469 26.462 26.362 26.194 26.005 25.871 25.888 26.111 26.280 26.426 26.423 26.455
27.440 27.384 27.375 27.327 27.199 27.060 26.971 26.986 26.993 26.872 26.664 26.489 26.333 26.230 26.205 26.159 26.043 25.917 25.815 25.703 25.609 25.456 25.267 25.066 24.874 24.683 24.499 24.374 24.262 24.127 23.974 23.820 23.726 23.591 23.550 23.514 23.710 23.562 23.603 23.822 19.323 25.436 26.144 26.015 25.892 25.812 25.859 26.139 25.587 25.406 25.906 26.613 26.836 26.776 27.028 27.095 26.942 26.762 26.574 26.532 26.462 26.320 26.127 25.897 25.702 25.643 25.653 25.729 25.883 25.949 25.880
27.691 27.537 27.638 27.580 27.414 27.305 27.204 27.174 27.154 26.969 26.820 26.733 26.583 26.532 26.577 26.408 26.276 26.225 26.102 26.011 25.983 25.805 25.690 25.559 25.304 25.149 25.016 24.756 24.619 24.592 24.375 24.242 24.129 23.905 23.821 23.732 23.649 23.368 22.904 23.380 21.510 25.508 26.298 26.301 25.840 24.843 25.854 26.552 26.956 25.714 25.351 25.955 26.592 26.159 27.951 28.042 27.584 27.245 26.786 26.658 26.602 26.418 26.207 25.974 25.798 25.720 25.651 25.617 25.654 25.705 25.620
27.830 27.608 27.822 27.861 27.626 27.464 27.454 27.397 27.317 27.170 27.053 26.980 26.930 26.868 26.798 26.619 26.489 26.370 26.309 26.231 26.136 26.046 25.905 25.787 25.650 25.455 25.289 25.085 24.938 24.807 24.622 24.424 24.271 24.105 23.931 23.756 23.609 23.381 22.870 23.041 20.301 24.007 25.823 26.519 26.318 25.259 25.790 25.985 26.560 25.587 24.842 25.319 26.476 26.808 27.405 27.745 28.221 27.014 26.735 26.734 26.636 26.422 26.189 25.966 25.776 25.665 25.502 25.243 25.112 25.108 25.057
27.893 27.695 27.983 28.065 27.813 27.666 27.658 27.638 27.496 27.248 27.093 27.035 27.038 27.032 26.910 26.708 26.553 26.447 26.385 26.276 26.155 25.999 25.828 25.680 25.552 25.396 25.251 25.079 24.853 24.642 24.437 24.217 23.970 23.722 23.446 23.207 23.076 22.962 22.536 21.776 19.132 19.453 25.218 24.853 25.610 25.716 25.957 25.868 25.818 25.418 25.274 25.756 26.954 26.976 27.450 26.999 26.565 24.954 26.573 26.606 26.482 26.247 25.946 25.683 25.444 25.225 24.965 24.577 24.214 24.190 24.215
27.702 27.481 27.719 27.871 27.717 27.658 27.627 27.535 27.375 27.154 27.030 27.022 27.098 27.098 26.950 26.783 26.608 26.430 26.348 26.183 26.006 25.850 25.666 25.473 25.370 25.209 25.036 24.897 24.619 24.367 24.152 23.834 23.458 23.153 22.814 22.552 22.344 22.162 21.880 21.574 20.675 14.334 21.097 24.454 25.178 25.982 25.679 25.732 25.456 25.844 26.016 26.549 26.792 25.544 26.641 24.979 25.260 26.109 26.469 26.254 26.030 25.784 25.461 25.155 24.828 24.539 24.263 23.904 23.597 23.309 23.224
27.265 27.076 27.212 27.225 27.220 27.192 27.180 27.123 26.996 26.862 26.862 26.938 27.010 27.010 26.878 26.719 26.545 26.287 26.056 25.897 25.749 25.553 25.383 25.213 25.023 24.839 24.632 24.414 24.200 23.949 23.658 23.366 22.972 22.597 22.188 21.673 21.310 21.178 21.199 21.034 20.595 18.257 11.730 12.402 21.516 25.695 25.470 25.236 24.856 25.906 26.036 26.739 25.775 24.853 25.862 24.209 25.486 26.394 26.190 25.814 25.482 25.193 24.837 24.480 24.149 23.970 23.756 23.415 23.017 22.693 22.494
26.613 26.514 26.584 26.495 26.403 26.440 26.528 26.580 26.510 26.462 26.527 26.623 26.656 26.626 26.537 26.426 26.241 25.932 25.697 25.527 25.399 25.208 25.022 24.807 24.636 24.439 24.225 23.991 23.718 23.476 23.234 22.904 22.398 21.894 21.599 21.021 20.862 20.728 20.491 20.303 20.057 20.221 17.937 11.464 11.152 20.506 24.603 24.717 25.628 26.477 25.659 25.773 24.494 24.471 24.747 24.711 25.779 26.139 25.881 25.475 25.137 24.785 24.374 23.960 23.589 23.534 23.391 23.022 22.703 22.327 22.042
25.592 25.487 25.521 25.448 25.344 25.418 25.608 25.708 25.695 25.671 25.681 25.680 25.697 25.758 25.752 25.785 25.686 25.387 25.116 24.934 24.830 24.693 24.516 24.358 24.184 23.982 23.793 23.558 23.300 23.060 22.536 22.052 21.514 21.572 21.462 21.118 20.671 20.493 20.112 19.909 19.658 19.632 19.685 19.260 9.911 11.986 21.058 24.876 25.558 26.009 25.028 24.699 24.524 23.950 23.667 25.180 25.838 25.708 25.437 25.127 24.826 24.500 24.088 23.658 23.263 23.224 23.178 22.766 22.500 22.197 21.907
24.330 24.168 24.116 24.062 24.053 24.176 24.308 24.365 24.400 24.411 24.420 24.402 24.484 24.603 24.701 24.799 24.778 24.519 24.235 24.091 24.023 23.981 23.865 23.714 23.549 23.384 23.229 23.043 22.821 22.532 21.808 21.377 21.245 21.345 21.144 20.855 20.515 20.248 19.870 19.466 19.164 19.021 18.678 19.061 11.927 8.366 20.260 24.735 25.227 24.049 24.456 24.592 23.678 22.407 22.686 24.678 25.292 25.117 24.773 24.543 24.308 24.024 23.722 23.402 22.980 22.908 22.823 22.547 22.320 22.061 21.684
22.888 22.777 22.721 22.699 22.713 22.766 22.818 22.826 22.885 22.957 22.956 23.003 23.134 23.254 23.332 23.434 23.415 23.266 23.117 23.009 22.976 22.977 22.929 22.818 22.661 22.560 22.470 22.438 22.252 21.692 21.210 20.974 20.995 20.911 20.692 20.414 20.159 19.946 19.587 19.187 18.834 18.528 18.100 18.689 11.247 7.465 21.902 24.088 23.829 23.243 23.026 21.864 21.511 22.562 23.983 24.498 24.371 24.107 23.796 23.635 23.544 23.356 23.134 22.937 22.682 22.509 22.448 22.204 21.999 21.793 21.414
21.342 21.300 21.291 21.318 21.322 21.317 21.336 21.312 21.330 21.396 21.467 21.528 21.639 21.722 21.779 21.871 21.865 21.794 21.791 21.755 21.747 21.765 21.746 21.680 21.627 21.554 21.660 21.680 21.313 20.635 20.842 20.583 20.482 20.253 20.053 19.779 19.598 19.374 19.083 18.616 18.387 17.967 17.525 18.161 6.028 11.237 22.082 22.905 22.748 22.317 21.375 19.404 21.448 22.720 23.180 23.170 22.898 22.687 22.517 22.438 22.419 22.323 22.156 22.040 21.918 21.719 21.627 21.476 21.264 21.070 20.777
19.902 19.912 19.940 19.938 19.875 19.877 19.864 19.845 19.866 19.887 19.941 19.985 20.059 20.109 20.160 20.242 20.247 20.278 20.305 20.291 20.321 20.318 20.301 20.312 20.322 20.347 20.663 20.593 19.946 19.799 19.809 19.697 19.512 19.239 19.138 18.907 18.782 18.552 18.232 17.826 17.707 17.332 16.912 16.221 8.453 18.613 21.602 21.459 21.126 21.373 20.330 19.553 20.929 21.875 21.919 21.617 21.389 21.254 21.138 21.098 21.041 20.980 20.877 20.777 20.717 20.594 20.459 20.338 20.290 20.219 19.968
18.644 18.630 18.627 18.558 18.483 18.420 18.361 18.349 18.374 18.408 18.422 18.439 18.487 18.543 18.577 18.624 18.647 18.695 18.771 18.780 18.768 18.751 18.725 18.706 18.729 18.955 19.369 19.067 18.733 18.692 18.548 18.415 18.315 18.141 18.038 17.841 17.743 17.577 17.358 17.131 16.944 16.539 16.064 13.409 13.301 19.961 19.433 20.013 19.933 19.481 19.297 20.313 20.427 20.616 20.393 20.057 19.841 19.696 19.618 19.614 19.536 19.447 19.383 19.341 19.276 19.177 19.134 19.011 18.798 18.546 18.639
17.333 17.365 17.299 17.183 17.051 16.962 16.907 16.853 16.828 16.866 16.865 16.842 16.849 16.888 16.905 16.983 17.003 17.048 17.095 17.069 17.007 17.002 16.924 16.891 17.044 17.300 17.532 17.150 16.700 16.815 16.879 16.843 16.873 16.731 16.675 16.610 16.537 16.452 16.337 16.155 15.937 15.570 15.080 12.843 13.046 18.081 18.595 18.231 18.341 17.967 18.334 18.607 19.057 19.001 18.801 18.580 18.342 18.149 17.980 17.868 17.788 17.680 17.576 17.569 17.498 17.381 17.428 17.286 17.166 16.922 16.784
16.046 16.051 15.934 15.826 15.673 15.560 15.461 15.395 15.367 15.360 15.332 15.316 15.260 15.281 15.331 15.402 15.424 15.435 15.450 15.432 15.380 15.303 15.189 15.328 15.142 15.419 15.280 15.133 14.984 14.674 14.923 15.125 15.151 15.206 15.079 15.122 15.226 15.219 15.091 14.931 14.825 14.381 14.030 11.646 13.913 17.580 16.955 16.012 16.619 16.456 16.660 17.128 17.575 17.398 17.170 17.015 16.816 16.546 16.316 16.101 15.923 15.787 15.698 15.631 15.579 15.487 15.408 15.243 15.099 14.978 14.886
14.855 14.909 14.687 14.537 14.338 14.207 14.097 14.021 13.978 13.930 13.902 13.858 13.809 13.772 13.761 13.810 13.863 13.890 13.913 13.903 13.827 13.727 13.710 13.682 13.286 13.281 13.335 13.259 13.150 12.698 13.216 13.423 13.461 13.511 13.514 13.616 13.714 13.829 13.865 13.794 13.702 13.500 12.809 10.243 15.417 16.833 16.186 15.365 14.774 14.085 14.657 15.576 15.741 15.470 15.234 15.102 14.919 14.698 14.506 14.306 14.070 13.914 13.786 13.688 13.576 13.472 13.383 13.246 13.036 12.789 12.572
13.400 13.472 13.278 13.117 12.922 12.764 12.655 12.555 12.498 12.438 12.373 12.330 12.270 12.229 12.192 12.183 12.222 12.259 12.254 12.258 12.185 12.077 11.981 11.769 11.726 11.606 11.785 11.494 11.537 11.414 11.781 11.845 11.837 11.842 11.837 11.972 12.055 12.220 12.401 12.445 12.402 12.359 11.539 9.186 11.478 14.576 15.364 14.084 12.507 12.033 12.693 13.640 13.577 13.159 12.892 12.689 12.517 12.370 12.272 12.175 12.057 11.929 11.852 11.691 11.547 11.402 11.351 11.281 10.981 10.602 10.349
11.745 11.962 11.923 11.799 11.630 11.435 11.321 11.215 11.135 11.072 11.009 10.904 10.821 10.755 10.716 10.663 10.642 10.635 10.616 10.619 10.575 10.525 10.467 10.220 10.145 10.126 9.983 9.934 10.046 10.247 10.388 10.409 10.316 10.235 10.254 10.342 10.480 10.660 10.883 10.971 11.094 11.171 9.949 7.969 11.813 13.934 12.971 11.640 10.612 10.563 11.270 11.682 11.457 10.978 10.635 10.406 10.198 9.990 9.874 9.758 9.671 9.639 9.632 9.602 9.488 9.251 9.119 9.046 8.894 8.651 8.631
10.074 10.399 10.527 10.508 10.394 10.237 10.120 9.992 9.881 9.772 9.671 9.555 9.460 9.379 9.303 9.222 9.185 9.144 9.112 9.099 9.116 9.090 9.060 8.829 8.902 8.659 8.513 8.669 8.912 8.993 8.937 8.861 8.775 8.793 8.867 8.889 8.983 9.155 9.312 9.445 9.628 9.635 6.476 6.585 10.941 11.786 10.875 9.915 9.115 9.036 9.456 9.628 9.441 9.047 8.794 8.591 8.287 7.959 7.682 7.428 7.273 7.241 7.289 7.378 7.353 7.107 6.851 6.687 6.580 6.565 6.625
8.903 9.162 9.348 9.347 9.240 9.139 9.029 8.933 8.804 8.676 8.574 8.472 8.346 8.229 8.105 8.026 7.994 7.946 7.904 7.893 7.857 7.768 7.724 7.356 7.288 7.231 7.346 7.614 7.592 7.563 7.478 7.439 7.438 7.458 7.549 7.572 7.580 7.724 7.936 8.130 8.281 7.980 3.436 5.947 9.884 10.336 9.271 8.579 7.879 7.568 7.482 7.280 7.099 6.818 6.555 6.359 6.035 5.715 5.461 5.235 5.037 5.025 5.084 5.234 5.305 5.197 4.938 4.675 4.464 4.408 4.525
7.769 7.902 7.989 7.933 7.821 7.764 7.696 7.627 7.555 7.454 7.330 7.209 7.096 6.990 6.933 6.882 6.821 6.773 6.750 6.733 6.689 6.338 6.107 6.118 5.900 5.758 6.168 6.312 6.255 6.256 6.191 6.203 6.258 6.252 6.250 6.310 6.393 6.514 6.679 6.826 6.948 7.070 4.594 6.372 8.047 7.808 7.457 7.140 6.831 6.075 5.464 5.058 4.750 4.374 3.964 3.657 3.417 3.261 3.108 2.978 2.931 2.980 3.108 3.308 3.359 3.326 3.138 2.858 2.568 2.472 2.451
6.592 6.599 6.575 6.478 6.320 6.214 6.150 6.053 5.969 5.837 5.655 5.479 5.316 5.273 5.320 5.337 5.328 5.302 5.276 5.296 5.205 5.085 5.104 4.890 4.765 4.916 5.050 5.086 5.115 5.136 5.139 5.125 5.007 5.031 5.066 5.114 5.189 5.254 5.325 5.310 5.541 5.880 5.516 4.916 5.307 5.938 5.814 5.552 5.344 4.725 4.039 3.540 3.043 2.550 2.074 1.765 1.588 1.393 1.349 1.120 1.040 1.130 1.295 1.483 1.563 1.581 1.454 1.278 0.973 0.795 0.662
5.270 5.088 4.949 4.770 4.606 4.439 4.315 4.161 3.940 3.743 3.474 3.179 2.942 2.888 2.998 3.171 3.302 3.336 3.257 3.199 3.211 3.289 3.426 3.524 3.535 3.602 3.663 3.726 3.777 3.799 3.807 3.785 3.713 3.666 3.690 3.699 3.720 3.764 3.790 3.859 4.071 4.395 4.527 4.594 4.515 4.305 3.705 3.189 2.843 2.440 1.951 1.513 1.029 0.623 0.283 0.103 0.060 -0.031 -0.242 -0.557 -0.790 -0.825 -0.509 -0.258 -0.204 -0.254 -0.382 -0.572 -0.794 -1.009 -1.216
3.428 3.009 2.916 2.787 2.592 2.433 2.285 2.016 1.778 1.475 1.167 0.901 0.641 0.561 0.649 0.787 0.860 0.843 0.889 0.966 1.168 1.342 1.611 1.746 1.797 1.877 1.967 2.088 2.088 2.090 2.100 2.105 2.068 2.097 2.120 2.120 2.166 2.253 2.343 2.422 2.545 2.544 2.623 2.634 2.360 1.999 1.268 0.774 0.292 -0.157 -0.667 -1.136 -1.632 -1.898 -2.200 -2.345 -2.411 -2.540 -2.711 -2.856 -3.022 -2.982 -2.487 -2.303 -2.408 -2.608 -2.825 -2.959 -3.003 -3.019 -2.970
1.362 0.872 0.739 0.553 0.348 0.167 -0.052 -0.338 -0.568 -0.732 -1.224 -1.409 -1.751 -1.920 -1.991 -2.058 -1.756 -1.318 -1.076 -0.937 -0.767 -0.563 -0.246 -0.021 0.096 0.240 0.302 0.318 0.232 0.242 0.240 0.221 0.249 0.286 0.269 0.321 0.400 0.523 0.647 0.691 0.714 0.488 0.331 0.101 -0.362 -0.828 -1.229 -1.671 -2.337 -2.986 -3.698 -4.367 -5.114 -5.595 -5.676 -5.041 -4.980 -4.919 -4.886 -4.904 -4.948 -4.831 -4.608 -4.544 -4.580 -4.693 -4.706 -4.660 -4.619 -4.495 -4.333
-1.671 -2.063 -2.284 -2.409 -2.677 -2.943 -3.229 -3.570 -3.669 -3.754 -3.961 -4.153 -4.325 -4.335 -4.222 -3.990 -3.739 -3.546 -3.321 -3.140 -2.960 -2.550 -2.147 -1.965 -1.816 -1.721 -1.710 -1.727 -1.720 -1.708 -1.680 -1.620 -1.567 -1.559 -1.600 -1.576 -1.483 -1.433 -1.419 -1.462 -1.579 -1.801 -1.959 -2.367 -2.722 -3.174 -4.110 -6.230 -6.746 -6.376 -6.631 -7.325 -8.066 -8.602 -8.313 -7.189 -6.567 -6.469 -6.353 -6.287 -6.316 -6.282 -6.233 -6.420 -6.604 -6.505 -6.240 -6.125 -6.031 -5.886 -5.584
-5.849 -5.795 -5.896 -5.960 -6.103 -6.238 -6.353 -6.490 -6.549 -6.533 -6.629 -6.653 -6.549 -6.393 -6.231 -6.140 -6.101 -5.906 -5.620 -5.440 -5.307 -5.194 -5.144 -5.064 -4.863 -4.638 -4.544 -4.525 -4.474 -4.289 -4.088 -3.943 -3.827 -3.836 -3.902 -3.956 -3.997 -4.002 -4.095 -4.129 -4.284 -4.398 -4.425 -4.623 -5.205 -8.675 -10.058 -9.692 -8.053 -8.763 -9.239 -9.677 -9.891 -10.147 -10.086 -9.611 -8.993 -8.733 -8.181 -7.904 -7.907 -7.861 -7.858 -8.120 -8.258 -8.339 -8.027 -7.866 -7.771 -7.521 -7.254
-9.654 -9.070 -8.954 -8.858 -8.843 -8.769 -8.775 -8.845 -8.842 -8.835 -8.841 -8.775 -8.653 -8.546 -8.394 -8.248 -8.057 -7.865 -7.743 -7.764 -7.824 -7.875 -7.850 -7.741 -7.477 -7.250 -7.209 -7.266 -7.170 -6.967 -6.757 -6.563 -6.397 -6.393 -6.443 -6.590 -6.665 -6.783 -6.880 -6.791 -6.732 -6.916 -7.124 -8.180 -8.729 -12.489 -13.554 -12.235 -10.738 -10.778 -10.939 -11.095 -11.452 -11.793 -11.849 -11.873 -11.810 -11.561 -10.949 -10.662 -10.490 -10.233 -9.995 -9.918 -9.857 -9.928 -9.935 -9.916 -9.823 -9.820 -9.583
