data-raw/tempfiles/07_grid_data_7000BP.asc
ncols 144
nrows 72
xllcorner -180
yllcorner -90
cellsize 2.5
nodata_value -9999
[rows 0 to 31 of 72, columns 71 to 141 of 144]
-16.865 -16.952 -16.998 -17.088 -17.087 -17.136 -16.962 -16.881 -16.855 -16.971 -16.962 -16.996 -16.995 -16.985 -16.958 -17.010 -17.004 -17.015 -17.066 -17.091 -17.111 -17.183 -17.225 -17.290 -17.362 -17.371 -17.334 -17.383 -17.420 -17.468 -17.542 -17.529 -17.566 -17.616 -17.654 -17.677 -17.705 -17.681 -17.680 -17.558 -17.614 -17.673 -17.724 -17.730 -17.730 -17.735 -17.722 -17.691 -17.698 -17.693 -17.685 -17.677 -17.623 -17.587 -17.628 -17.599 -17.573 -17.609 -17.613 -17.610 -17.605 -17.580 -17.541 -17.529 -17.527 -17.508 -17.477 -17.445 -17.425 -17.409 -17.375
-16.076 -16.071 -16.040 -15.956 -15.889 -15.901 -15.898 -15.872 -15.912 -15.945 -15.949 -15.966 -15.953 -16.001 -16.048 -16.106 -16.153 -16.177 -16.216 -16.277 -16.314 -16.380 -16.472 -16.531 -16.587 -16.593 -16.596 -16.629 -16.656 -16.679 -16.712 -16.727 -16.756 -16.798 -16.845 -16.850 -16.869 -16.894 -16.921 -16.974 -17.032 -17.076 -17.113 -17.142 -17.170 -17.207 -17.207 -17.199 -17.227 -17.241 -17.246 -17.227 -17.243 -17.222 -17.198 -17.209 -17.190 -17.173 -17.145 -17.109 -17.085 -17.020 -16.954 -16.908 -16.895 -16.855 -16.821 -16.819 -16.807 -16.804 -16.794
-14.916 -14.849 -14.669 -14.569 -14.555 -14.513 -14.451 -14.451 -14.504 -14.596 -14.677 -14.748 -14.831 -14.973 -15.148 -15.310 -15.467 -15.596 -15.752 -15.894 -16.008 -16.093 -16.157 -16.195 -16.233 -16.250 -16.299 -16.344 -16.383 -16.423 -16.470 -16.509 -16.532 -16.541 -16.557 -16.562 -16.572 -16.601 -16.626 -16.664 -16.651 -16.661 -16.681 -16.703 -16.743 -16.787 -16.815 -16.847 -16.882 -16.929 -16.970 -16.997 -17.059 -17.047 -17.010 -16.996 -16.975 -16.920 -16.873 -16.830 -16.766 -16.679 -16.615 -16.526 -16.447 -16.338 -16.244 -16.136 -15.918 -15.860 -15.844
-12.388 -11.904 -11.417 -11.127 -11.127 -11.145 -11.349 -11.551 -12.058 -12.522 -13.041 -13.232 -13.489 -13.848 -14.188 -14.450 -14.700 -14.824 -14.903 -14.988 -15.066 -15.135 -15.165 -15.145 -15.140 -15.275 -15.445 -15.586 -15.734 -15.870 -15.916 -16.008 -16.050 -16.080 -16.143 -16.153 -16.341 -16.731 -18.213 -17.741 -16.433 -15.997 -16.027 -16.173 -16.256 -16.293 -16.342 -16.353 -16.386 -16.461 -16.526 -16.546 -16.618 -16.599 -16.563 -16.580 -16.552 -16.514 -16.478 -16.386 -16.260 -16.137 -15.999 -15.798 -15.557 -15.308 -15.189 -15.210 -15.309 -15.396 -15.428
-8.616 -7.555 -6.755 -6.409 -6.835 -8.429 -10.735 -12.624 -12.796 -12.124 -12.382 -12.242 -12.320 -12.601 -12.904 -13.131 -13.358 -13.457 -13.409 -13.327 -13.241 -13.161 -13.055 -12.931 -12.853 -12.831 -12.934 -13.066 -13.323 -13.575 -13.855 -14.189 -14.471 -14.764 -15.041 -15.288 -15.488 -15.804 -16.817 -17.646 -17.076 -17.755 -17.461 -15.982 -15.825 -16.098 -16.162 -16.175 -16.243 -16.301 -16.364 -16.401 -16.356 -16.347 -16.348 -16.365 -16.409 -16.432 -16.407 -16.372 -16.246 -16.124 -15.988 -15.777 -15.478 -15.126 -14.758 -14.595 -14.722 -14.757 -14.737
-6.255 -5.632 -5.224 -5.049 -5.104 -5.448 -6.145 -7.520 -8.452 -8.823 -8.944 -8.998 -9.005 -9.149 -9.477 -9.784 -9.969 -9.975 -9.853 -9.792 -9.851 -9.927 -9.888 -10.160 -10.740 -10.884 -11.043 -11.196 -11.133 -11.290 -11.750 -12.293 -12.782 -13.281 -13.636 -13.928 -14.359 -14.771 -15.425 -15.803 -16.162 -17.153 -17.852 -17.528 -17.889 -17.880 -16.366 -15.935 -16.094 -16.162 -16.120 -16.063 -16.059 -15.970 -15.863 -15.980 -16.873 -16.737 -16.498 -15.895 -15.849 -15.811 -15.597 -15.327 -14.916 -14.387 -13.614 -13.361 -13.410 -13.392 -13.241
-4.864 -4.365 -3.965 -3.768 -3.632 -3.623 -3.699 -3.755 -3.916 -3.978 -4.146 -4.142 -4.088 -4.255 -4.602 -5.094 -5.525 -5.742 -5.883 -6.182 -6.718 -7.569 -9.185 -10.747 -10.182 -9.833 -9.630 -9.679 -9.907 -10.319 -10.430 -10.891 -11.488 -12.718 -13.535 -13.867 -14.659 -15.165 -15.644 -15.838 -15.795 -15.674 -15.621 -15.689 -15.951 -16.133 -15.931 -16.155 -16.075 -15.752 -15.645 -15.743 -15.355 -15.080 -15.134 -15.136 -15.256 -15.466 -15.214 -14.896 -14.894 -14.838 -14.734 -14.599 -14.413 -14.180 -13.785 -13.222 -12.743 -12.391 -12.135
-1.839 -1.242 -0.819 -0.492 -0.154 0.066 0.282 0.570 0.606 0.249 -0.455 -1.319 -1.818 -1.021 -1.057 -1.564 -2.041 -2.702 -3.551 -4.461 -5.466 -6.891 -8.913 -9.210 -9.066 -8.966 -8.950 -9.074 -10.524 -10.674 -9.749 -10.822 -11.784 -12.074 -12.234 -12.247 -12.395 -12.848 -13.286 -13.535 -13.736 -13.976 -14.326 -14.782 -15.032 -14.785 -14.485 -14.378 -14.426 -14.837 -15.185 -15.653 -15.262 -14.361 -14.898 -14.659 -14.386 -14.635 -14.279 -14.093 -14.071 -13.620 -13.338 -13.263 -13.170 -12.366 -12.157 -11.951 -11.447 -10.953 -10.755
0.708 1.261 1.726 2.122 2.513 2.792 2.599 -0.118 -3.115 -3.837 -3.415 -3.198 -3.174 -2.722 -2.261 -1.753 -1.111 -1.663 -3.164 -4.115 -5.176 -5.932 -6.701 -7.331 -7.809 -8.529 -8.952 -8.446 -8.678 -9.143 -8.274 -8.978 -9.515 -9.972 -10.061 -10.110 -10.821 -12.269 -13.746 -14.322 -14.048 -13.029 -12.506 -12.975 -13.497 -13.283 -12.578 -12.181 -12.511 -12.549 -12.441 -13.456 -14.655 -13.877 -13.880 -13.679 -14.593 -13.977 -12.520 -12.009 -12.090 -11.543 -10.812 -10.142 -10.000 -9.938 -10.483 -10.852 -10.251 -10.263 -11.199
2.131 2.694 3.107 3.372 3.660 3.320 -0.669 -2.821 -2.828 -1.792 -1.622 -2.136 -2.388 -2.117 -1.724 -1.605 -1.782 -2.105 -2.206 -2.659 -3.701 -4.189 -4.835 -5.089 -5.841 -6.618 -6.789 -6.720 -6.685 -6.886 -7.228 -7.800 -7.743 -7.507 -7.648 -7.534 -8.319 -9.408 -10.394 -11.466 -11.639 -11.211 -10.729 -10.712 -10.821 -10.970 -10.970 -10.695 -10.713 -10.698 -10.554 -12.189 -13.368 -12.569 -12.813 -12.747 -13.486 -12.980 -12.173 -11.767 -10.229 -9.038 -9.268 -8.872 -8.916 -8.900 -8.727 -9.033 -9.047 -8.589 -7.997
3.320 3.828 4.361 4.255 3.002 0.639 -1.075 -0.569 -0.014 0.759 0.403 -0.291 -0.624 -0.623 -0.457 -0.670 -0.549 -0.775 -1.153 -1.674 -2.172 -2.502 -2.606 -2.943 -4.622 -4.338 -4.135 -4.360 -4.733 -5.239 -5.671 -5.889 -5.840 -5.520 -5.478 -5.669 -6.650 -7.660 -7.894 -8.266 -8.412 -8.460 -8.334 -8.335 -8.436 -8.709 -8.723 -8.411 -8.458 -8.475 -8.486 -9.030 -10.232 -10.897 -11.315 -11.436 -12.353 -12.140 -11.810 -11.401 -10.564 -9.599 -9.081 -8.606 -8.652 -7.605 -7.152 -6.818 -6.322 -6.119 -5.821
4.434 4.827 5.054 0.686 -1.687 -0.017 0.440 1.687 2.919 2.327 1.565 1.621 1.495 1.473 1.122 0.583 0.092 -0.067 -0.206 -0.360 -0.635 -0.964 -1.144 -1.491 -2.598 -1.641 -1.723 -2.087 -2.575 -3.024 -3.557 -3.690 -3.701 -4.047 -4.317 -4.381 -4.383 -5.035 -5.837 -6.295 -6.204 -6.191 -6.381 -6.267 -6.218 -6.287 -5.985 -5.807 -6.054 -6.487 -6.748 -7.256 -7.885 -8.430 -8.943 -9.437 -10.013 -8.947 -8.438 -8.036 -8.021 -8.052 -7.780 -4.832 -2.363 -2.857 -2.996 -2.982 -3.294 -3.100 -0.688
5.678 5.727 5.848 3.433 3.216 4.266 3.555 3.933 4.620 4.464 4.015 3.293 3.278 2.813 2.023 1.551 1.343 1.013 0.851 0.826 0.557 -0.089 0.022 -0.036 -0.702 0.319 0.197 -0.407 -0.894 -1.394 -1.764 -2.092 -2.256 -2.431 -2.675 -2.748 -2.647 -2.839 -3.661 -3.987 -3.863 -3.894 -4.555 -4.861 -4.669 -4.953 -5.799 -6.245 -5.364 -5.546 -6.109 -6.722 -6.936 -7.012 -6.818 -7.052 -6.407 -2.858 -1.445 -1.324 -1.021 -1.232 -1.372 0.309 -0.617 -2.428 0.496 1.972 2.441 2.623 2.631
6.794 6.973 6.878 6.782 6.598 6.144 5.126 5.922 6.044 5.663 4.717 4.298 3.974 3.499 2.912 2.736 2.597 2.408 2.495 2.334 1.994 1.842 1.689 1.562 0.761 1.334 1.041 0.513 0.154 -0.332 -0.712 -1.084 -1.188 -1.168 -0.945 -0.691 -0.762 -0.861 -1.284 -1.450 -1.691 -2.346 -2.907 -3.429 -4.871 -6.567 -6.758 -6.812 -7.144 -6.069 -5.897 -6.016 -6.708 -7.415 -5.982 -4.634 -2.563 -0.872 -0.319 0.171 0.709 1.387 1.968 0.072 -2.230 -1.038 2.530 3.248 3.448 3.624 3.715
7.413 8.093 8.070 7.969 7.835 7.807 7.764 7.385 6.898 6.600 5.772 5.056 4.744 4.352 4.062 3.662 3.504 3.445 3.350 3.317 3.474 3.262 2.590 2.139 1.179 2.044 1.890 1.370 1.014 1.001 0.911 0.654 0.523 0.561 0.832 0.662 -0.455 -0.333 -1.687 -3.668 -3.641 -1.873 -1.634 -2.571 -3.285 -5.171 -4.378 -4.372 -4.256 -3.898 -3.186 -2.702 -3.234 -4.422 -4.420 -2.178 -1.320 -0.754 -0.307 0.591 1.445 2.271 2.854 0.928 -0.206 2.966 3.979 4.171 4.429 4.579 4.620
8.700 9.195 9.063 8.562 7.928 7.735 8.008 7.758 7.609 7.241 7.049 6.586 6.325 6.161 5.819 5.738 5.611 5.429 5.142 5.142 5.085 4.675 4.098 3.099 2.491 2.537 2.433 2.063 1.580 1.764 1.854 2.288 2.587 1.890 0.191 -1.644 -4.229 -3.268 -2.670 -3.569 -5.599 -4.672 -2.176 -1.004 -1.246 -1.935 -1.036 -1.378 -2.037 -2.771 -2.098 -1.216 -1.133 -2.905 -4.208 -1.784 -1.196 -0.021 0.057 0.620 1.492 2.367 2.886 2.778 3.559 4.442 4.756 4.960 5.097 5.219 5.291
10.209 9.867 9.749 8.976 8.605 7.726 7.464 8.341 7.787 7.688 6.693 7.169 7.684 7.697 7.602 7.536 7.609 7.815 7.732 7.480 7.015 6.807 6.497 4.985 4.047 4.436 4.440 3.250 2.681 2.675 1.850 1.695 2.227 2.243 1.588 -1.818 -5.634 -3.807 -1.094 -3.605 -4.460 -1.929 -0.132 -0.565 -2.452 -1.023 0.868 1.283 0.271 -0.430 1.333 0.771 0.628 0.410 0.604 0.033 -1.229 1.323 1.269 1.389 2.050 2.591 2.936 3.455 4.289 4.853 5.204 5.444 5.503 5.660 5.832
11.751 10.854 10.005 7.579 6.621 6.437 7.892 9.623 10.621 10.113 7.895 8.095 10.013 10.100 10.067 10.485 10.689 10.441 9.952 9.757 9.067 9.346 9.138 7.611 6.497 6.870 7.172 6.589 6.498 5.890 5.607 6.032 5.352 3.836 3.413 4.924 3.405 -1.032 -0.879 -1.703 -2.241 -1.509 1.033 1.184 1.377 1.538 1.315 2.223 1.237 2.910 4.431 3.119 2.446 3.201 2.755 0.745 3.211 4.252 3.237 2.899 3.011 3.391 3.878 4.452 5.090 5.577 5.797 5.873 5.842 6.110 6.505
12.722 11.307 12.309 11.395 13.532 12.635 12.996 11.694 9.585 10.506 10.697 11.181 11.790 12.178 12.230 12.524 12.591 9.588 8.697 10.241 11.204 11.375 10.987 10.104 9.653 10.318 10.502 10.316 9.667 8.374 6.972 5.664 3.222 1.833 1.069 1.816 4.701 4.853 4.121 3.864 3.960 3.908 3.571 4.203 4.965 4.507 3.649 2.817 4.287 6.859 6.008 4.563 3.395 4.575 3.687 4.759 6.523 6.700 5.415 4.711 4.820 5.319 5.962 6.454 6.799 7.001 7.033 7.102 7.038 7.227 7.895
12.104 13.687 15.571 15.991 15.525 15.825 14.783 14.833 14.315 11.145 12.158 13.257 13.849 12.601 11.405 12.453 11.869 9.541 6.851 8.832 11.952 13.261 13.922 13.576 13.712 13.503 13.628 12.701 11.755 6.896 1.575 -1.517 1.092 5.991 7.916 7.823 8.736 9.670 8.222 4.999 6.653 7.766 6.899 6.540 5.549 4.945 4.797 5.846 7.332 8.354 7.068 4.829 4.514 7.455 7.442 8.462 9.425 9.004 8.598 7.584 7.977 8.577 9.041 9.260 9.270 9.284 9.371 9.525 9.697 9.885 9.998
14.706 17.178 17.360 17.432 17.153 17.262 17.118 16.934 17.364 15.147 16.318 16.528 14.127 11.918 12.088 10.272 10.774 9.838 6.990 8.726 12.767 15.169 16.693 15.411 15.791 16.021 16.126 13.312 8.371 -0.612 -6.266 3.433 10.651 10.729 10.645 8.431 4.299 3.241 2.612 -3.276 -2.420 4.386 8.009 8.146 7.795 7.544 9.174 12.845 11.235 9.885 9.456 8.902 10.089 11.028 11.324 11.907 11.684 11.271 11.952 12.023 12.396 12.710 12.736 12.651 12.572 12.557 12.581 12.704 12.835 12.932 12.941
17.252 17.083 16.834 16.762 17.337 18.285 17.894 18.551 18.630 18.181 17.999 18.355 17.867 17.195 16.943 17.825 18.386 18.922 16.522 10.655 9.740 12.997 14.049 14.286 12.887 16.052 14.433 11.411 9.060 -0.075 -4.125 -7.787 -4.424 -0.731 -2.851 -7.418 -8.044 -6.110 -1.117 0.231 -1.601 1.572 6.417 8.467 10.031 10.291 12.148 13.846 12.713 11.828 11.455 11.280 11.905 13.507 14.053 13.237 11.975 14.582 15.306 15.555 15.570 15.843 15.757 15.628 15.521 15.503 15.517 15.479 15.506 15.545 15.558
15.702 15.908 17.755 20.427 20.484 20.325 19.552 19.366 19.416 19.385 19.347 19.298 19.650 19.957 20.361 18.146 19.372 21.188 22.954 18.173 11.975 13.592 17.825 19.045 16.100 16.792 11.000 7.113 7.916 16.095 12.288 -1.640 -8.622 -8.027 -5.834 -5.872 -6.006 -5.897 -4.264 -3.043 -2.465 0.165 5.082 10.626 12.601 13.395 14.990 14.965 14.362 13.474 13.463 14.036 15.046 15.254 15.793 16.308 17.055 17.751 18.162 18.232 18.017 18.195 18.227 18.110 18.052 18.037 18.000 17.994 17.978 17.938 17.936
19.419 19.293 20.457 21.233 20.837 20.313 21.081 21.315 20.961 21.829 21.662 21.165 21.288 21.309 21.073 20.029 21.108 22.377 24.238 25.216 23.031 13.401 15.186 16.970 20.718 21.044 20.378 16.519 15.742 23.179 22.157 16.424 1.085 -5.793 -4.624 -3.751 -3.328 -3.288 -3.432 -1.850 0.191 2.685 10.721 16.314 14.520 14.919 16.130 15.983 16.145 15.537 15.570 17.098 18.274 18.299 19.400 19.591 19.656 19.916 20.033 20.034 19.965 19.828 20.187 20.204 20.129 20.124 20.112 20.076 20.012 19.980 19.919
22.460 21.824 21.443 21.744 21.525 21.029 20.991 21.420 22.273 23.042 22.416 22.425 22.645 22.655 22.411 21.553 22.592 22.705 23.811 24.755 25.485 22.720 18.691 17.833 21.590 19.946 21.483 18.617 22.121 24.233 24.069 22.117 20.221 15.143 5.222 -0.413 -0.159 0.819 6.144 7.471 4.842 7.095 14.016 16.918 16.028 16.720 17.494 18.015 17.347 17.147 18.216 19.848 20.716 21.166 21.353 21.570 21.696 21.664 21.664 21.733 21.760 21.627 21.888 21.999 21.933 21.913 21.890 21.874 21.781 21.738 21.636
23.146 24.131 23.209 21.543 21.748 22.216 22.095 22.456 23.166 23.230 22.860 22.270 22.669 23.893 25.395 25.303 23.749 23.333 24.433 24.581 25.869 25.395 25.191 25.922 24.882 23.800 23.518 23.640 24.381 25.222 23.491 23.389 23.103 23.219 23.282 21.184 18.971 17.788 19.084 18.917 13.256 14.055 14.335 17.070 17.801 18.215 18.907 19.067 19.260 19.963 21.537 22.366 22.606 22.707 23.003 23.353 23.428 23.349 23.305 23.367 23.351 23.405 23.546 23.575 23.468 23.450 23.442 23.458 23.334 23.262 23.161
24.328 24.463 23.492 20.339 21.022 21.272 21.495 22.725 22.795 22.392 23.263 22.117 24.052 25.137 26.227 25.206 26.241 24.929 24.327 24.344 25.835 26.780 26.242 26.063 25.829 24.647 24.479 24.675 25.285 25.906 24.826 24.592 24.035 23.442 23.342 23.568 23.020 22.341 20.611 21.661 17.798 17.612 18.006 20.522 21.137 20.637 21.212 21.290 22.233 21.814 24.151 24.389 24.311 24.306 24.489 24.791 24.924 24.913 24.909 24.876 24.820 24.849 24.938 24.905 24.775 24.677 24.671 24.653 24.571 24.472 24.396
25.229 24.756 24.146 24.189 23.150 23.697 23.939 22.373 20.879 23.145 23.198 22.988 24.432 25.785 26.892 26.358 26.736 24.128 24.107 24.738 25.621 26.485 26.950 27.283 26.744 24.762 24.867 25.027 25.366 25.870 24.965 24.958 25.269 24.675 24.631 25.025 25.133 24.874 22.631 22.662 20.527 20.494 20.658 23.116 22.868 22.915 23.332 24.028 24.997 25.475 25.709 25.658 25.686 25.773 25.842 25.934 26.032 26.092 26.109 26.049 25.995 26.027 26.004 25.946 25.846 25.762 25.748 25.701 25.673 25.520 25.429
25.209 24.955 24.639 24.984 23.274 24.213 25.216 26.016 26.138 25.277 23.601 24.073 25.214 26.845 27.883 27.050 26.646 25.462 21.351 24.784 26.148 26.334 26.255 26.191 24.961 25.372 25.694 26.030 26.238 26.575 24.570 25.352 26.266 25.466 25.206 26.624 26.348 26.280 25.237 24.621 23.799 23.795 22.674 23.889 24.198 24.673 25.421 26.064 26.646 26.624 26.864 26.677 26.727 26.844 26.863 26.800 26.882 27.037 26.861 26.800 26.879 26.848 26.813 26.761 26.709 26.592 26.527 26.482 26.440 26.276 26.211
25.795 25.800 25.021 25.074 25.261 25.487 26.121 27.216 27.785 26.475 23.872 23.920 25.815 26.801 27.732 27.308 25.204 27.366 21.953 24.000 24.845 25.490 25.040 25.641 25.703 25.943 26.220 26.558 26.738 26.993 25.353 25.981 26.484 27.185 27.239 27.002 26.602 26.339 26.252 26.483 25.647 26.067 26.053 24.588 25.383 26.134 26.598 27.080 27.372 25.959 27.222 27.103 27.390 27.434 27.336 27.318 27.404 27.524 27.376 27.313 27.403 27.399 27.328 27.241 27.119 27.004 26.908 26.838 26.767 26.676 26.580
26.363 26.410 26.536 25.744 25.994 27.472 28.178 28.537 28.591 26.096 23.754 24.914 26.717 27.455 26.492 23.088 18.952 26.931 24.845 24.836 26.508 26.723 26.206 26.192 26.336 26.513 26.735 27.023 27.140 27.268 26.691 24.797 26.250 27.591 27.367 27.094 26.829 26.590 26.613 26.930 25.935 26.598 26.501 25.901 25.332 26.932 27.278 27.535 27.766 27.330 27.361 27.449 27.691 27.804 27.677 27.671 27.726 27.708 27.494 27.511 27.592 27.564 27.454 27.344 27.204 27.116 27.030 26.999 26.980 26.941 26.844
26.957 27.122 26.935 25.783 25.079 27.156 27.792 28.141 27.444 26.728 25.626 26.175 26.077 26.409 25.616 20.806 16.991 25.526 26.400 26.897 26.427 26.828 26.422 26.630 26.952 27.125 27.315 27.484 27.430 27.547 27.471 25.493 27.293 27.608 27.687 27.304 27.055 26.809 26.785 27.009 26.533 26.627 26.063 26.191 26.068 27.420 27.668 27.768 27.760 27.398 27.261 27.605 27.945 27.896 27.752 27.714 27.747 27.756 27.642 27.642 27.616 27.615 27.528 27.408 27.274 27.238 27.225 27.277 27.343 27.260 27.068
