data-raw/tempfiles/07_grid_data_7000BP.asc
ncols 144
nrows 72
xllcorner -180
yllcorner -90
cellsize 2.5
nodata_value -9999
[rows 32 to 63 of 72, columns 71 to 141 of 144]
26.987 26.351 26.190 26.597 25.947 26.380 26.363 26.817 27.134 26.756 25.505 25.988 26.195 26.071 24.670 18.820 17.453 21.488 23.075 25.308 26.057 26.470 26.526 26.853 27.194 27.391 27.592 27.778 27.795 27.822 27.821 27.053 27.581 27.591 27.748 27.411 27.232 27.068 27.129 27.296 26.917 26.766 26.591 26.610 27.429 27.693 27.826 27.957 27.824 27.708 26.738 26.924 27.695 27.702 27.615 27.569 27.624 27.698 27.690 27.557 27.589 27.713 27.594 27.444 27.415 27.443 27.465 27.540 27.654 27.511 27.269
26.439 26.705 26.508 26.329 25.510 23.699 23.695 25.031 25.993 25.674 25.572 25.905 25.829 25.998 26.350 22.253 19.522 24.334 26.846 27.347 27.339 26.463 26.797 27.023 27.268 27.380 27.493 27.604 27.665 27.738 27.769 27.795 27.578 26.948 27.703 27.564 27.523 27.445 27.446 27.105 27.308 25.585 26.268 26.747 27.419 27.500 27.730 26.461 27.283 27.617 27.089 27.055 27.602 27.569 27.513 27.480 27.492 27.444 27.190 27.388 27.744 27.713 27.695 27.567 27.616 27.675 27.642 27.625 27.685 27.586 27.415
26.731 26.749 26.718 26.320 25.431 24.255 23.733 24.509 25.211 24.912 24.495 24.662 24.229 24.877 25.912 28.245 24.504 26.774 27.573 27.967 26.673 26.747 26.932 27.077 27.217 27.293 27.402 27.468 27.547 27.570 27.563 27.501 27.460 27.443 27.469 27.456 27.480 27.487 27.455 25.752 25.697 25.503 25.472 25.950 26.325 26.439 26.256 24.988 27.220 27.608 27.547 27.458 27.523 27.527 27.428 27.090 27.014 27.308 27.520 27.712 27.858 27.846 27.795 27.661 27.656 27.709 27.635 27.609 27.692 27.752 27.704
26.414 26.391 26.360 26.273 26.155 24.365 24.188 25.024 25.224 25.085 24.757 24.118 22.544 22.402 23.617 23.867 26.411 28.572 27.914 26.974 26.715 26.712 26.847 27.021 27.149 27.229 27.326 27.379 27.426 27.465 27.466 27.382 27.309 27.272 27.289 27.315 27.340 27.265 27.160 27.086 25.725 25.774 25.427 25.290 25.047 25.381 24.719 24.898 26.978 26.630 27.053 27.424 27.147 27.487 27.394 27.586 27.554 27.640 27.663 27.715 27.863 27.952 27.833 27.664 27.619 27.635 27.622 27.662 27.779 27.912 27.922
25.746 25.744 25.760 25.748 26.008 24.920 24.387 25.333 25.199 25.120 24.733 23.794 21.496 21.151 22.154 21.122 25.748 27.524 26.755 26.794 26.758 26.760 26.820 26.938 27.009 27.034 27.080 27.157 27.282 27.365 27.340 27.255 27.195 27.190 27.183 27.133 27.069 27.015 26.958 26.889 26.476 24.892 25.375 25.169 25.126 25.338 25.814 26.470 26.582 25.625 27.277 27.596 27.408 26.834 26.019 27.161 27.138 27.458 27.533 27.546 27.769 27.952 27.908 27.698 27.608 27.652 27.659 27.710 27.774 27.860 27.987
25.457 25.415 25.455 25.543 25.940 24.977 24.312 25.168 25.422 25.212 24.870 24.373 21.958 22.601 23.909 23.066 25.291 26.567 26.854 26.959 26.743 26.689 26.704 26.779 26.831 26.831 26.856 26.906 27.027 27.236 27.258 27.149 27.076 27.068 27.042 27.000 26.891 26.880 26.897 26.776 26.857 26.200 25.239 25.631 25.437 25.819 26.130 26.721 26.884 26.158 27.679 27.263 27.234 27.403 26.578 23.389 22.652 24.475 26.248 27.424 27.789 27.341 27.699 27.664 27.518 27.569 27.611 27.607 27.645 27.737 27.871
24.922 24.785 24.743 24.928 25.228 25.168 24.825 24.242 24.102 24.714 24.734 24.887 23.826 23.398 23.377 23.101 25.195 26.494 26.812 26.874 26.686 26.532 26.551 26.606 26.667 26.697 26.719 26.740 26.867 27.064 27.130 27.047 26.990 26.887 26.897 26.911 26.852 26.833 26.840 26.867 27.097 27.071 26.602 26.050 25.477 25.798 26.283 27.171 27.779 28.109 27.974 27.784 27.749 27.762 27.674 27.251 26.539 24.528 20.443 22.448 26.527 26.560 27.578 27.265 27.390 27.414 27.483 27.480 27.472 27.540 27.677
24.149 23.894 23.735 23.923 24.268 24.769 25.311 23.591 23.254 23.408 23.505 24.064 22.980 22.379 21.848 22.170 24.777 26.317 26.579 26.716 26.531 26.397 26.439 26.494 26.554 26.576 26.553 26.552 26.707 26.857 26.910 26.769 26.785 26.759 26.709 26.740 26.755 26.751 26.727 26.768 26.887 26.970 27.035 26.890 26.683 26.646 26.648 27.271 27.584 27.814 27.767 27.643 28.084 28.058 27.724 27.131 26.330 25.562 25.118 24.307 24.855 27.133 27.448 27.360 27.178 26.964 27.298 27.289 27.289 27.329 27.435
23.176 23.026 22.836 22.708 22.918 23.526 22.993 20.794 22.162 22.952 23.022 22.506 22.992 22.336 21.639 22.752 23.870 26.398 26.850 26.779 26.431 26.296 26.344 26.394 26.383 26.347 26.341 26.325 26.451 26.524 26.554 26.291 26.456 26.474 26.492 26.491 26.488 26.509 26.505 26.506 26.496 26.513 26.503 26.753 26.923 27.167 27.481 27.612 27.940 28.141 28.184 28.217 28.039 28.281 27.911 27.567 26.990 26.441 25.550 26.243 26.097 26.780 27.124 27.165 27.041 26.929 27.033 26.984 26.966 27.048 27.187
22.388 22.343 22.163 21.842 21.591 22.156 23.162 20.795 21.705 22.920 23.638 23.135 22.607 23.433 22.402 22.894 23.792 26.400 26.626 26.552 24.558 25.932 26.342 26.233 26.117 26.058 26.027 26.004 26.031 26.043 25.983 25.809 25.962 26.036 26.067 26.067 26.018 25.991 25.983 25.987 25.870 25.885 26.007 26.145 26.298 26.542 26.892 27.247 27.693 27.979 28.149 28.066 28.311 28.668 28.076 28.054 27.610 27.244 26.132 26.253 26.454 26.638 26.771 26.786 26.663 26.659 26.610 26.415 26.448 26.630 26.854
21.924 21.849 21.669 21.219 20.498 22.576 24.704 24.057 23.184 23.984 24.765 23.472 23.635 23.965 25.247 24.462 25.401 26.439 26.223 26.315 23.123 25.670 26.136 25.944 25.758 25.678 25.606 25.556 25.505 25.447 25.294 25.339 25.335 25.338 25.289 25.248 25.205 25.138 25.085 25.098 24.980 24.984 25.081 25.175 25.530 25.889 26.336 26.854 27.378 27.587 28.132 27.624 28.815 28.612 28.032 27.632 27.193 27.328 26.134 25.252 26.041 26.092 26.164 26.109 26.019 26.044 25.991 25.694 25.634 25.887 26.192
21.651 21.421 21.335 20.918 20.018 20.310 23.385 23.391 23.065 24.022 24.669 24.009 22.730 21.356 23.864 25.698 25.964 26.087 25.409 22.474 22.579 25.843 25.919 25.554 25.153 25.056 24.977 24.918 24.805 24.722 24.520 24.557 24.525 24.356 24.250 24.250 24.124 24.049 23.937 23.876 23.737 23.772 23.695 24.090 24.473 25.023 25.708 26.461 26.875 27.800 28.468 28.438 27.636 27.690 27.441 27.343 27.132 27.327 24.753 24.052 25.345 25.283 25.297 25.147 25.029 25.075 25.102 24.897 24.644 24.812 25.146
21.353 21.038 20.825 20.640 20.104 18.932 21.446 21.469 21.099 23.090 24.292 23.773 23.150 24.587 25.346 25.311 25.641 25.362 24.875 22.035 23.977 25.301 25.341 24.846 24.590 24.265 24.163 24.049 23.945 23.821 23.732 23.583 23.437 23.293 23.157 23.089 22.945 22.813 22.565 22.554 22.374 22.338 22.343 22.780 23.182 23.840 25.017 26.677 26.761 27.118 27.389 27.092 26.559 25.722 25.209 25.537 25.891 26.121 24.997 24.475 23.941 24.234 24.376 24.138 23.953 23.982 23.891 23.517 23.681 23.734 23.960
21.020 20.732 20.342 19.922 19.772 18.708 18.945 21.607 21.606 22.134 22.451 22.364 22.163 24.148 26.010 24.825 24.769 24.609 24.395 22.445 24.480 24.585 24.421 24.109 23.795 23.473 23.311 23.151 23.084 22.947 22.690 22.539 22.353 22.199 22.037 21.927 21.799 21.549 21.233 21.244 20.871 20.786 20.859 21.341 21.932 22.581 24.737 25.310 25.227 25.932 26.557 26.090 24.953 23.694 23.442 25.007 25.598 25.452 24.667 23.426 23.033 22.962 23.399 23.239 22.955 22.889 22.950 22.894 22.702 22.671 22.742
20.483 20.246 19.936 19.608 19.561 18.882 18.191 21.297 21.613 22.074 20.777 19.542 18.746 21.130 24.403 23.761 23.619 23.586 24.009 23.772 23.631 23.197 23.027 22.902 22.591 22.343 22.144 22.008 21.971 21.822 21.470 21.392 21.275 21.060 20.855 20.510 20.234 20.013 19.950 19.798 19.161 19.178 19.254 19.810 20.426 21.128 23.044 23.696 23.693 24.176 24.269 23.536 21.812 21.694 23.184 24.329 24.628 24.276 23.583 22.535 21.549 21.159 22.044 22.361 21.974 21.821 21.690 21.562 21.402 21.379 21.468
19.680 19.366 19.166 19.090 19.000 18.733 17.901 20.031 20.995 20.918 19.311 18.378 16.349 21.017 23.049 22.652 22.556 22.385 22.381 22.261 22.053 21.528 20.990 20.646 20.816 20.577 20.589 20.248 20.430 20.422 20.305 20.035 19.743 18.970 17.827 17.191 17.090 17.096 17.473 17.507 17.084 17.177 17.937 18.466 18.926 19.663 20.917 21.675 21.208 21.744 21.821 22.207 21.316 21.161 21.870 23.009 23.026 23.171 23.070 22.287 21.676 18.815 20.678 21.454 21.042 20.688 20.453 20.155 20.014 20.041 20.126
18.454 18.233 18.224 18.228 18.144 18.148 18.038 17.876 19.596 19.025 18.414 17.259 18.428 21.550 21.523 21.118 21.039 20.865 20.737 20.606 20.214 19.145 19.124 19.052 19.234 19.196 18.993 18.510 18.240 18.813 18.722 18.069 16.554 15.775 15.646 15.604 15.542 15.465 15.326 15.309 15.304 15.399 16.244 16.998 17.291 18.028 19.141 19.531 19.294 19.690 20.553 21.339 20.748 20.369 20.377 20.630 20.197 20.932 20.849 20.474 19.569 17.247 20.312 20.451 20.097 19.728 19.398 19.073 18.827 18.670 18.698
16.665 16.523 16.617 16.828 16.773 16.901 17.113 17.189 17.933 18.655 19.371 19.792 19.752 19.703 19.530 19.207 19.177 19.071 18.945 18.288 17.582 17.582 17.764 17.645 17.277 17.247 16.633 16.131 16.118 16.750 16.351 14.952 14.142 14.064 14.063 13.932 13.807 13.720 13.711 13.665 13.677 13.850 14.353 15.081 15.640 16.449 17.542 17.866 18.061 18.261 18.168 17.200 17.065 17.147 17.857 19.069 18.839 19.551 19.313 18.324 16.432 18.581 19.549 19.210 18.847 18.484 18.124 17.853 17.472 17.159 17.078
14.952 14.876 14.751 14.728 14.830 15.122 15.564 16.188 16.801 17.357 17.667 17.940 17.855 17.698 17.506 17.481 17.394 17.194 16.877 16.209 15.972 16.035 15.896 15.715 15.518 15.686 15.441 15.045 14.757 13.827 13.318 12.799 13.006 13.263 12.840 12.247 12.137 12.223 12.547 12.529 12.356 12.625 13.117 13.464 13.946 14.486 15.206 15.650 15.662 15.401 15.223 15.221 15.312 15.488 15.697 16.098 16.642 17.072 16.731 15.695 14.401 17.229 17.836 17.663 17.408 17.054 16.714 16.453 16.152 15.873 15.441
12.582 12.760 12.700 12.724 12.797 13.134 13.733 14.483 15.249 15.442 15.567 15.344 15.100 15.000 14.974 14.703 14.626 14.462 14.239 14.333 14.448 14.423 14.557 14.467 14.545 14.477 14.327 13.846 13.291 12.405 11.787 12.533 13.070 13.000 12.834 12.453 11.903 11.706 11.559 10.912 11.017 11.579 11.960 12.075 12.267 12.474 12.898 13.349 13.313 13.271 13.293 13.355 13.558 13.742 13.859 14.241 14.663 15.212 15.352 14.884 15.320 15.591 15.780 15.729 15.536 15.245 15.006 14.943 14.953 14.935 14.046
10.297 10.410 10.467 10.478 10.470 10.756 11.170 11.832 12.394 12.349 12.394 12.305 12.287 12.376 12.194 12.107 11.945 11.678 11.466 11.574 11.649 11.661 12.130 12.497 12.885 13.003 12.867 12.468 12.148 11.689 11.171 10.702 10.755 11.095 11.187 10.987 10.927 10.906 10.737 10.480 10.644 10.725 10.619 10.587 10.560 10.582 10.684 10.910 11.146 11.413 11.496 11.411 11.532 11.921 12.061 12.347 12.755 13.149 13.305 12.483 13.357 13.840 13.901 13.829 13.718 13.543 13.498 13.554 13.760 12.410 12.009
8.588 8.414 8.421 8.165 8.312 8.352 8.627 8.811 8.902 9.159 9.232 9.331 9.481 9.617 9.474 9.281 9.184 8.834 8.701 8.693 8.663 8.709 9.147 9.832 10.438 10.827 10.929 10.541 10.194 10.167 10.056 9.892 9.482 9.192 9.051 8.995 9.179 9.176 9.029 9.043 9.122 9.210 9.185 9.268 9.364 9.367 9.376 9.380 9.585 9.971 10.082 10.077 10.129 10.319 10.419 10.661 11.052 11.323 11.685 11.934 12.117 12.125 12.002 11.932 11.956 11.973 12.127 11.950 9.422 9.105 11.583
6.636 6.605 6.481 6.085 5.851 5.785 5.955 6.214 6.397 6.426 6.330 6.508 6.940 7.090 7.062 6.922 6.952 6.960 6.874 6.763 6.605 6.594 6.819 7.193 7.633 7.964 8.024 7.755 7.582 7.588 7.695 7.768 7.605 7.451 7.526 7.747 7.636 7.133 7.060 6.918 6.850 7.008 7.300 7.372 7.475 7.655 7.770 7.951 7.973 8.267 8.662 8.784 8.888 9.090 9.169 9.145 9.503 9.764 9.939 10.196 10.249 10.247 10.187 10.208 10.307 10.525 10.821 10.213 8.941 10.582 10.705
4.657 4.682 4.672 4.508 4.318 4.149 4.083 4.150 4.114 4.129 4.081 4.296 4.702 4.951 5.073 5.056 5.058 5.183 5.258 5.269 5.225 5.203 5.145 5.177 5.331 5.485 5.558 5.478 5.292 5.416 5.309 5.232 5.250 5.289 5.457 5.434 5.259 5.479 5.702 5.267 5.032 5.245 5.419 5.375 5.270 5.548 5.869 6.109 6.253 6.397 6.872 7.149 7.343 7.539 7.690 7.734 7.775 8.080 8.163 8.294 8.470 8.564 8.614 8.704 8.823 9.071 9.316 9.460 9.410 9.200 9.069
2.634 2.729 2.704 2.582 2.411 2.251 2.239 2.229 2.208 2.173 2.208 2.368 2.662 2.979 3.199 3.324 3.466 3.502 3.533 3.603 3.658 3.695 3.590 3.482 3.520 3.583 3.735 3.835 3.814 3.817 3.578 3.381 3.291 3.323 3.403 3.552 3.601 3.823 3.895 3.635 3.325 3.369 3.530 3.611 3.607 3.578 3.814 4.044 4.315 4.552 4.904 5.336 5.642 5.693 5.658 5.935 6.028 6.136 6.240 6.359 6.619 6.851 7.030 7.124 7.299 7.515 7.749 7.910 7.979 7.906 7.740
0.699 0.757 0.763 0.696 0.548 0.450 0.490 0.570 0.593 0.630 0.730 0.925 1.241 1.562 1.799 1.990 2.048 2.063 2.009 1.980 2.108 2.174 2.094 2.031 2.011 2.187 2.310 2.378 2.332 2.253 1.963 1.682 1.469 1.453 1.682 1.982 2.094 2.283 2.186 1.986 1.955 2.119 2.100 2.022 1.998 1.890 2.155 2.468 2.739 3.013 3.297 3.609 3.799 3.908 3.993 4.220 4.224 4.194 4.230 4.375 4.639 4.966 5.221 5.252 5.292 5.736 6.147 6.485 6.623 6.597 6.460
-1.134 -1.138 -1.173 -1.230 -1.278 -1.226 -1.122 -0.933 -0.831 -0.707 -0.361 -0.025 0.273 0.523 0.668 0.880 0.894 0.890 0.901 0.760 0.714 0.668 0.550 0.501 0.450 0.548 0.619 0.657 0.629 0.504 0.244 -0.040 -0.232 -0.222 -0.045 0.259 0.464 0.539 0.560 0.534 0.443 0.418 0.417 0.478 0.534 0.563 0.709 0.960 1.136 1.416 1.602 1.783 1.873 2.075 2.350 2.497 2.595 2.512 2.380 2.444 2.587 2.849 3.195 3.286 3.211 3.512 4.248 4.779 5.112 5.201 5.140
-2.834 -2.840 -2.873 -3.026 -2.991 -2.762 -2.600 -2.441 -2.222 -1.857 -1.518 -1.242 -0.923 -0.928 -0.937 -0.792 -0.827 -0.801 -0.821 -0.969 -1.056 -1.138 -1.357 -1.577 -1.614 -1.456 -1.409 -1.310 -1.489 -1.819 -2.156 -2.430 -2.520 -2.454 -2.288 -1.798 -1.469 -1.478 -1.655 -1.634 -1.539 -1.470 -1.308 -1.187 -1.003 -0.837 -0.675 -0.562 -0.316 -0.167 -0.032 0.160 0.310 0.410 0.669 0.728 0.679 0.881 0.820 0.642 0.723 0.788 0.928 1.212 1.259 1.417 2.060 2.622 3.025 3.249 3.250
-4.179 -4.054 -3.996 -4.305 -4.363 -4.092 -3.976 -3.765 -3.552 -3.442 -3.274 -3.027 -2.898 -2.918 -2.811 -2.780 -2.699 -2.717 -2.831 -2.933 -3.119 -3.480 -3.834 -4.088 -4.259 -4.124 -4.198 -4.240 -4.469 -4.616 -4.750 -4.805 -4.668 -4.596 -4.582 -4.465 -4.260 -4.226 -4.231 -4.200 -4.046 -3.838 -3.543 -3.307 -3.121 -2.901 -2.607 -2.499 -2.217 -2.063 -1.849 -1.622 -1.427 -1.328 -1.338 -1.398 -1.519 -1.433 -1.451 -1.575 -1.624 -1.684 -1.674 -1.259 -1.026 -0.911 -0.506 -0.200 0.064 0.334 0.677
-5.379 -5.237 -5.087 -5.031 -5.130 -5.287 -5.434 -5.408 -5.344 -5.265 -5.191 -5.115 -5.113 -5.079 -5.000 -5.043 -4.851 -4.865 -5.075 -5.219 -5.647 -6.133 -6.446 -6.861 -7.253 -7.131 -7.402 -7.666 -7.795 -7.792 -7.663 -7.638 -7.484 -7.375 -7.500 -7.709 -7.762 -7.717 -7.672 -7.770 -7.726 -7.508 -7.059 -6.630 -6.257 -6.056 -5.960 -5.863 -5.459 -5.049 -4.837 -4.815 -4.746 -4.715 -4.885 -5.028 -5.170 -5.180 -5.114 -5.206 -5.179 -5.098 -5.105 -4.887 -4.891 -4.745 -4.363 -4.027 -3.713 -3.418 -3.173
-7.013 -6.612 -6.556 -6.528 -6.488 -6.798 -7.298 -7.462 -7.492 -7.348 -7.391 -7.397 -7.324 -7.277 -7.165 -6.984 -7.042 -7.231 -7.491 -8.320 -9.382 -12.896 -15.807 -13.152 -11.358 -11.398 -11.501 -10.968 -10.903 -11.110 -10.757 -10.927 -10.375 -10.128 -11.630 -12.921 -13.257 -13.133 -13.463 -15.516 -14.979 -15.258 -15.458 -13.099 -10.968 -12.355 -12.645 -10.770 -9.701 -10.150 -11.106 -11.741 -11.429 -13.525 -14.524 -13.869 -13.700 -12.209 -10.739 -9.855 -9.373 -9.226 -9.046 -8.584 -8.522 -8.080 -7.754 -7.082 -7.039 -6.830 -6.550
-9.606 -9.153 -8.508 -8.266 -8.037 -8.216 -9.070 -9.250 -9.097 -9.050 -9.111 -9.033 -8.916 -9.477 -10.928 -10.211 -9.544 -12.778 -17.901 -20.527 -22.092 -25.235 -27.413 -26.623 -25.693 -24.282 -22.493 -19.019 -16.656 -14.766 -12.786 -12.095 -15.023 -19.109 -21.710 -23.622 -24.642 -25.909 -27.034 -27.587 -27.250 -27.266 -27.893 -27.412 -25.708 -23.896 -22.662 -21.937 -21.864 -22.999 -24.763 -25.630 -25.917 -27.040 -28.642 -29.087 -28.221 -25.647 -22.362 -19.674 -18.547 -17.157 -16.583 -15.165 -13.411 -11.797 -11.628 -10.823 -10.299 -9.916 -9.849
