data-raw/tempfiles/08_grid_data_8000BP.asc
ncols 144
nrows 72
xllcorner -180
yllcorner -90
cellsize 2.5
nodata_value -9999
[rows 0 to 31 of 72, columns 71 to 141 of 144]
-17.980 -18.067 -18.111 -18.213 -18.220 -18.271 -18.091 -18.003 -17.968 -18.074 -18.063 -18.091 -18.085 -18.064 -18.025 -18.076 -18.070 -18.082 -18.138 -18.165 -18.178 -18.251 -18.285 -18.343 -18.413 -18.415 -18.368 -18.403 -18.424 -18.458 -18.516 -18.489 -18.514 -18.548 -18.571 -18.578 -18.587 -18.554 -18.546 -18.423 -18.470 -18.525 -18.570 -18.570 -18.563 -18.561 -18.541 -18.507 -18.502 -18.491 -18.478 -18.462 -18.406 -18.362 -18.396 -18.373 -18.350 -18.371 -18.367 -18.361 -18.360 -18.337 -18.299 -18.288 -18.287 -18.270 -18.241 -18.208 -18.188 -18.169 -18.134
-17.255 -17.252 -17.221 -17.140 -17.074 -17.083 -17.081 -17.058 -17.098 -17.132 -17.138 -17.155 -17.142 -17.182 -17.220 -17.276 -17.319 -17.340 -17.376 -17.431 -17.457 -17.513 -17.592 -17.639 -17.685 -17.681 -17.672 -17.693 -17.705 -17.715 -17.735 -17.735 -17.754 -17.783 -17.815 -17.807 -17.812 -17.822 -17.836 -17.875 -17.917 -17.948 -17.972 -17.988 -18.003 -18.027 -18.013 -17.996 -18.011 -18.014 -18.011 -17.984 -17.993 -17.963 -17.932 -17.943 -17.924 -17.892 -17.855 -17.816 -17.792 -17.727 -17.660 -17.613 -17.600 -17.560 -17.525 -17.524 -17.513 -17.511 -17.502
-16.162 -16.100 -15.924 -15.832 -15.822 -15.788 -15.731 -15.739 -15.803 -15.897 -15.983 -16.062 -16.145 -16.282 -16.445 -16.602 -16.753 -16.873 -17.016 -17.145 -17.247 -17.320 -17.369 -17.391 -17.411 -17.413 -17.450 -17.479 -17.502 -17.525 -17.550 -17.571 -17.576 -17.569 -17.570 -17.558 -17.546 -17.554 -17.556 -17.576 -17.541 -17.528 -17.530 -17.533 -17.555 -17.579 -17.589 -17.605 -17.623 -17.655 -17.684 -17.700 -17.754 -17.739 -17.688 -17.668 -17.645 -17.580 -17.525 -17.480 -17.412 -17.324 -17.260 -17.173 -17.095 -16.989 -16.896 -16.789 -16.572 -16.516 -16.501
-13.694 -13.215 -12.732 -12.428 -12.414 -12.422 -12.641 -12.865 -13.389 -13.876 -14.407 -14.609 -14.874 -15.234 -15.569 -15.825 -16.066 -16.180 -16.238 -16.301 -16.360 -16.397 -16.406 -16.364 -16.333 -16.451 -16.605 -16.734 -16.872 -16.997 -17.035 -17.114 -17.145 -17.170 -17.221 -17.223 -17.404 -17.767 -19.227 -18.714 -17.372 -16.910 -16.914 -17.030 -17.088 -17.099 -17.123 -17.113 -17.128 -17.185 -17.236 -17.247 -17.303 -17.274 -17.230 -17.234 -17.200 -17.149 -17.103 -17.007 -16.870 -16.742 -16.601 -16.394 -16.151 -15.898 -15.777 -15.801 -15.901 -15.996 -16.034
-9.972 -8.903 -8.104 -7.737 -8.149 -9.713 -12.036 -13.952 -14.150 -13.499 -13.767 -13.638 -13.717 -13.999 -14.303 -14.517 -14.729 -14.814 -14.742 -14.634 -14.524 -14.409 -14.277 -14.129 -14.031 -13.991 -14.079 -14.201 -14.450 -14.697 -14.972 -15.303 -15.582 -15.874 -16.146 -16.387 -16.576 -16.876 -17.866 -18.648 -18.037 -18.683 -18.365 -16.860 -16.673 -16.923 -16.960 -16.949 -16.997 -17.035 -17.081 -17.106 -17.050 -17.024 -17.016 -17.024 -17.057 -17.066 -17.029 -16.987 -16.848 -16.712 -16.567 -16.347 -16.040 -15.677 -15.303 -15.136 -15.263 -15.304 -15.292
-7.714 -7.055 -6.608 -6.411 -6.448 -6.790 -7.502 -8.898 -9.859 -10.236 -10.353 -10.395 -10.389 -10.518 -10.829 -11.116 -11.276 -11.253 -11.107 -11.017 -11.047 -11.095 -11.033 -11.293 -11.868 -12.008 -12.160 -12.308 -12.240 -12.390 -12.845 -13.383 -13.866 -14.365 -14.714 -14.994 -15.397 -15.784 -16.412 -16.750 -17.070 -18.028 -18.714 -18.374 -18.714 -18.695 -17.165 -16.712 -16.852 -16.902 -16.841 -16.768 -16.753 -16.656 -16.542 -16.651 -17.533 -17.385 -17.136 -16.522 -16.465 -16.412 -16.179 -15.897 -15.475 -14.934 -14.151 -13.889 -13.929 -13.908 -13.758
-6.621 -6.091 -5.664 -5.433 -5.238 -5.195 -5.233 -5.264 -5.416 -5.459 -5.610 -5.586 -5.512 -5.647 -5.962 -6.410 -6.801 -6.976 -7.071 -7.331 -7.827 -8.642 -10.231 -11.771 -11.197 -10.867 -10.679 -10.740 -10.980 -11.400 -11.514 -11.964 -12.550 -13.762 -14.559 -14.866 -15.612 -16.084 -16.529 -16.682 -16.606 -16.452 -16.375 -16.436 -16.682 -16.854 -16.649 -16.862 -16.802 -16.476 -16.361 -16.451 -16.055 -15.777 -15.834 -15.831 -15.943 -16.148 -15.886 -15.560 -15.549 -15.483 -15.370 -15.224 -15.021 -14.778 -14.369 -13.788 -13.296 -12.932 -12.663
-3.883 -3.279 -2.832 -2.450 -2.040 -1.737 -1.440 -1.086 -0.992 -1.301 -1.963 -2.795 -3.260 -2.428 -2.418 -2.871 -3.298 -3.908 -4.705 -5.565 -6.521 -7.908 -9.900 -10.171 -10.025 -9.933 -9.948 -10.088 -11.546 -11.715 -10.788 -11.847 -12.788 -13.046 -13.171 -13.147 -13.245 -13.659 -14.063 -14.280 -14.454 -14.670 -15.000 -15.444 -15.687 -15.438 -15.136 -15.026 -15.096 -15.523 -15.876 -16.344 -15.948 -15.048 -15.591 -15.359 -15.083 -15.328 -14.969 -14.776 -14.745 -14.284 -13.998 -13.909 -13.799 -12.984 -12.758 -12.536 -12.016 -11.506 -11.292
-1.632 -1.050 -0.531 -0.053 0.437 0.829 0.745 -1.881 -4.797 -5.450 -4.959 -4.680 -4.604 -4.104 -3.596 -3.032 -2.338 -2.844 -4.297 -5.201 -6.216 -6.934 -7.676 -8.290 -8.775 -9.505 -9.943 -9.444 -9.673 -10.129 -9.242 -9.920 -10.422 -10.838 -10.884 -10.885 -11.554 -12.970 -14.426 -14.984 -14.698 -13.671 -13.137 -13.600 -14.124 -13.913 -13.211 -12.815 -13.154 -13.197 -13.091 -14.110 -15.309 -14.529 -14.540 -14.348 -15.271 -14.653 -13.191 -12.675 -12.749 -12.191 -11.447 -10.759 -10.599 -10.517 -11.050 -11.407 -10.793 -10.796 -11.718
-0.519 0.116 0.626 1.029 1.441 1.228 -2.648 -4.712 -4.645 -3.534 -3.259 -3.669 -3.825 -3.481 -3.026 -2.844 -2.968 -3.243 -3.307 -3.721 -4.725 -5.197 -5.820 -6.063 -6.812 -7.589 -7.760 -7.685 -7.634 -7.810 -8.118 -8.654 -8.555 -8.272 -8.377 -8.225 -8.989 -10.056 -11.031 -12.105 -12.275 -11.852 -11.368 -11.343 -11.451 -11.591 -11.591 -11.319 -11.337 -11.318 -11.167 -12.792 -13.976 -13.183 -13.435 -13.378 -14.124 -13.617 -12.802 -12.380 -10.820 -9.615 -9.824 -9.413 -9.448 -9.419 -9.248 -9.554 -9.565 -9.103 -8.507
0.409 1.033 1.705 1.774 0.663 -1.568 -3.174 -2.560 -1.935 -1.066 -1.317 -1.871 -2.077 -1.982 -1.740 -1.895 -1.725 -1.908 -2.250 -2.740 -3.200 -3.508 -3.581 -3.900 -5.557 -5.263 -5.047 -5.254 -5.608 -6.081 -6.475 -6.656 -6.566 -6.208 -6.145 -6.313 -7.287 -8.288 -8.516 -8.889 -9.033 -9.089 -8.961 -8.960 -9.054 -9.314 -9.315 -9.001 -9.042 -9.055 -9.052 -9.585 -10.785 -11.462 -11.893 -12.028 -12.953 -12.746 -12.412 -11.982 -11.123 -10.139 -9.601 -9.118 -9.160 -8.113 -7.675 -7.349 -6.860 -6.659 -6.369
1.361 1.909 2.302 -1.875 -4.097 -2.322 -1.778 -0.420 0.926 0.449 -0.186 0.005 0.024 0.111 -0.165 -0.661 -1.119 -1.253 -1.368 -1.486 -1.713 -1.992 -2.117 -2.404 -3.466 -2.478 -2.539 -2.880 -3.345 -3.767 -4.266 -4.365 -4.348 -4.673 -4.938 -5.013 -5.017 -5.667 -6.463 -6.913 -6.812 -6.787 -6.971 -6.855 -6.801 -6.859 -6.543 -6.348 -6.585 -7.010 -7.265 -7.767 -8.396 -8.947 -9.480 -9.994 -10.588 -9.542 -9.034 -8.622 -8.584 -8.600 -8.323 -5.378 -2.920 -3.426 -3.589 -3.589 -3.907 -3.710 -1.303
2.774 2.945 3.173 0.811 0.722 1.859 1.194 1.707 2.554 2.477 2.170 1.600 1.725 1.361 0.629 0.186 0.001 -0.344 -0.545 -0.528 -0.731 -1.173 -0.971 -0.954 -1.560 -0.492 -0.582 -1.157 -1.616 -2.089 -2.428 -2.717 -2.853 -3.037 -3.280 -3.368 -3.269 -3.454 -4.266 -4.579 -4.444 -4.462 -5.113 -5.426 -5.238 -5.516 -6.358 -6.795 -5.905 -6.074 -6.631 -7.247 -7.467 -7.555 -7.375 -7.630 -7.013 -3.511 -2.097 -1.957 -1.622 -1.816 -1.957 -0.299 -1.263 -3.117 -0.212 1.260 1.737 1.939 1.967
4.219 4.487 4.443 4.349 4.221 3.839 2.869 3.719 4.016 3.743 2.864 2.588 2.359 1.973 1.432 1.281 1.236 1.052 1.115 0.953 0.679 0.693 0.694 0.656 -0.080 0.547 0.293 -0.200 -0.524 -0.979 -1.321 -1.660 -1.728 -1.704 -1.492 -1.246 -1.312 -1.408 -1.816 -1.975 -2.221 -2.873 -3.448 -3.991 -5.453 -7.156 -7.340 -7.395 -7.715 -6.628 -6.447 -6.570 -7.278 -8.004 -6.593 -5.259 -3.214 -1.573 -1.028 -0.508 0.068 0.770 1.355 -0.562 -2.920 -1.793 1.753 2.463 2.682 2.881 2.999
5.260 5.997 6.021 5.899 5.783 5.830 5.836 5.488 5.044 4.847 4.088 3.418 3.141 2.816 2.572 2.186 2.131 2.247 2.161 2.150 2.370 2.230 1.652 1.285 0.383 1.295 1.183 0.699 0.380 0.407 0.364 0.142 0.041 0.094 0.371 0.207 -0.902 -0.769 -2.112 -4.100 -4.088 -2.346 -2.149 -3.127 -3.886 -5.788 -5.000 -4.990 -4.862 -4.495 -3.775 -3.293 -3.841 -5.060 -5.091 -2.871 -2.026 -1.510 -1.069 -0.126 0.769 1.625 2.218 0.285 -0.894 2.202 3.190 3.374 3.641 3.808 3.872
7.118 7.670 7.603 7.169 6.503 6.321 6.548 6.271 6.082 5.615 5.426 4.960 4.731 4.702 4.539 4.482 4.430 4.377 4.092 4.122 4.131 3.774 3.263 2.334 1.774 1.857 1.782 1.438 0.995 1.224 1.362 1.821 2.131 1.436 -0.257 -2.087 -4.667 -3.695 -3.089 -3.997 -6.043 -5.144 -2.694 -1.552 -1.816 -2.493 -1.602 -1.950 -2.623 -3.375 -2.715 -1.849 -1.779 -3.578 -4.926 -2.543 -1.991 -0.854 -0.779 -0.173 0.744 1.656 2.198 2.091 2.852 3.688 3.968 4.157 4.290 4.416 4.500
9.018 8.754 8.688 7.968 7.587 6.664 6.376 7.193 6.562 6.355 5.277 5.703 6.233 6.290 6.428 6.439 6.639 6.953 6.874 6.592 6.175 5.992 5.740 4.290 3.393 3.821 3.848 2.681 2.139 2.176 1.383 1.254 1.783 1.792 1.140 -2.261 -6.063 -4.227 -1.504 -4.022 -4.897 -2.383 -0.606 -1.056 -2.940 -1.456 0.403 0.794 -0.268 -1.037 0.675 0.065 -0.080 -0.307 -0.127 -0.725 -2.026 0.517 0.421 0.561 1.219 1.783 2.155 2.686 3.518 4.062 4.391 4.613 4.660 4.815 4.995
10.791 9.979 9.136 6.739 5.748 5.463 6.946 8.697 9.639 9.084 6.795 6.930 8.823 8.928 8.944 9.448 9.809 9.763 9.282 9.046 8.317 8.586 8.414 6.956 5.883 6.294 6.632 6.072 6.011 5.433 5.165 5.598 4.914 3.382 2.961 4.482 2.984 -1.439 -1.273 -2.096 -2.644 -1.930 0.621 0.783 0.995 1.236 1.007 1.826 0.760 2.322 3.724 2.328 1.646 2.432 2.016 0.018 2.479 3.546 2.507 2.101 2.145 2.492 2.981 3.570 4.216 4.705 4.917 4.983 4.941 5.207 5.606
11.901 10.540 11.547 10.607 12.733 11.781 12.072 10.913 8.985 9.971 10.095 10.462 10.792 11.162 11.263 11.646 11.865 9.064 8.131 9.611 10.499 10.664 10.306 9.489 9.088 9.794 10.018 9.831 9.225 7.977 6.602 5.291 2.829 1.381 0.628 1.407 4.290 4.431 3.690 3.469 3.573 3.534 3.235 3.895 4.671 4.184 3.294 2.378 3.863 6.291 5.258 3.699 2.551 3.823 2.988 4.105 5.896 6.059 4.744 3.957 3.953 4.377 4.976 5.462 5.808 6.008 6.043 6.112 6.047 6.245 6.920
11.537 13.063 14.927 15.307 14.799 15.079 14.003 14.046 13.769 10.680 11.725 12.718 13.150 11.793 10.648 11.759 11.237 9.074 6.357 8.278 11.319 12.627 13.305 13.017 13.196 13.017 13.185 12.278 11.377 6.572 1.249 -1.831 0.761 5.633 7.529 7.475 8.380 9.287 7.809 4.631 6.267 7.391 6.553 6.263 5.302 4.684 4.389 5.300 6.685 7.672 6.217 3.979 3.671 6.735 6.796 7.871 8.883 8.460 8.021 6.932 7.240 7.749 8.151 8.342 8.326 8.332 8.410 8.549 8.722 8.909 9.018
14.395 16.772 16.867 16.886 16.554 16.621 16.482 16.291 16.723 14.542 15.716 15.890 13.481 11.276 11.521 9.751 10.283 9.359 6.489 8.192 12.213 14.628 16.170 14.915 15.319 15.574 15.702 12.930 8.062 -0.847 -6.540 3.139 10.365 10.449 10.367 8.160 4.015 2.916 2.240 -3.615 -2.769 3.974 7.604 7.799 7.526 7.304 8.816 12.231 10.414 8.951 8.468 8.050 9.347 10.374 10.748 11.386 11.206 10.805 11.470 11.498 11.824 12.088 12.069 11.944 11.834 11.791 11.789 11.889 11.996 12.075 12.064
17.027 16.810 16.519 16.405 16.908 17.777 17.352 17.996 18.050 17.581 17.380 17.709 17.214 16.546 16.322 17.272 17.871 18.419 16.056 10.178 9.259 12.527 13.579 13.807 12.400 15.588 14.009 11.054 8.804 -0.212 -4.334 -8.042 -4.682 -1.003 -3.118 -7.675 -8.272 -6.384 -1.473 -0.233 -2.093 1.034 5.938 8.048 9.691 9.917 11.700 13.227 11.970 11.014 10.656 10.550 11.283 12.960 13.591 12.814 11.564 14.172 14.894 15.129 15.126 15.373 15.263 15.114 14.984 14.946 14.938 14.874 14.877 14.889 14.871
15.468 15.659 17.500 20.116 20.148 19.908 19.090 18.878 18.902 18.846 18.766 18.684 19.021 19.324 19.729 17.554 18.828 20.669 22.461 17.704 11.510 13.128 17.366 18.564 15.613 16.318 10.566 6.748 7.596 15.897 12.083 -1.926 -8.932 -8.293 -6.100 -6.126 -6.236 -6.149 -4.598 -3.465 -2.960 -0.362 4.579 10.144 12.177 12.927 14.459 14.339 13.688 12.780 12.821 13.463 14.553 14.813 15.406 15.965 16.712 17.415 17.828 17.899 17.679 17.847 17.867 17.739 17.666 17.636 17.577 17.550 17.508 17.444 17.414
19.141 18.997 20.170 20.881 20.441 19.909 20.644 20.852 20.479 21.323 21.125 20.590 20.694 20.706 20.470 19.445 20.555 21.857 23.734 24.724 22.551 12.919 14.701 16.474 20.222 20.556 19.916 16.106 15.399 22.850 21.889 16.105 0.680 -6.121 -4.903 -4.019 -3.568 -3.538 -3.747 -2.219 -0.248 2.240 10.281 15.858 14.025 14.370 15.532 15.355 15.543 14.965 15.050 16.648 17.887 17.963 19.090 19.300 19.372 19.649 19.779 19.790 19.721 19.579 19.931 19.940 19.852 19.829 19.793 19.733 19.646 19.594 19.512
22.099 21.435 21.039 21.316 21.053 20.526 20.494 20.909 21.747 22.468 21.815 21.804 22.051 22.062 21.810 20.973 22.036 22.173 23.319 24.265 25.010 22.244 18.220 17.364 21.098 19.450 20.967 17.974 21.598 23.918 23.904 21.904 19.855 14.748 4.849 -0.775 -0.445 0.547 5.863 7.213 4.440 6.532 13.533 16.426 15.471 16.136 16.888 17.400 16.857 16.720 17.834 19.524 20.440 20.922 21.126 21.354 21.489 21.472 21.487 21.568 21.596 21.458 21.709 21.807 21.725 21.685 21.639 21.601 21.487 21.429 21.313
22.754 23.715 22.765 21.051 21.252 21.695 21.555 21.889 22.580 22.610 22.215 21.617 22.046 23.317 24.828 24.759 23.235 22.840 23.954 24.056 25.329 24.919 24.729 25.471 24.433 23.372 23.093 23.173 23.850 24.915 23.353 23.282 22.861 22.934 22.960 20.846 18.630 17.438 18.728 18.620 12.872 13.443 13.773 16.569 17.248 17.563 18.339 18.544 18.826 19.642 21.267 22.147 22.420 22.538 22.841 23.197 23.278 23.216 23.189 23.264 23.252 23.302 23.432 23.447 23.325 23.289 23.261 23.258 23.115 23.029 22.919
23.974 24.089 23.086 19.862 20.521 20.796 20.988 22.169 22.180 21.758 22.619 21.478 23.448 24.579 25.720 24.730 25.795 24.514 23.919 23.885 25.247 26.281 25.815 25.643 25.423 24.279 24.181 24.411 25.024 25.656 24.684 24.484 23.888 23.305 23.149 23.326 22.717 21.986 20.173 21.302 17.401 17.015 17.430 20.000 20.641 20.006 20.603 20.892 21.907 21.561 23.969 24.251 24.196 24.194 24.376 24.679 24.817 24.821 24.835 24.817 24.767 24.795 24.876 24.831 24.689 24.580 24.560 24.528 24.432 24.321 24.236
24.969 24.472 23.829 23.823 22.736 23.296 23.496 21.886 20.327 22.593 22.646 22.447 23.954 25.341 26.484 25.975 26.379 23.794 23.765 24.389 25.249 26.066 26.591 26.990 26.437 24.477 24.628 24.811 25.173 25.684 24.740 24.712 24.963 24.646 24.549 24.742 24.814 24.548 22.316 22.325 20.182 20.080 20.144 22.602 22.363 22.444 22.877 23.695 24.760 25.304 25.597 25.573 25.616 25.700 25.768 25.861 25.965 26.040 26.071 26.025 25.976 26.008 25.981 25.916 25.810 25.721 25.702 25.649 25.614 25.454 25.356
25.164 24.888 24.520 24.805 22.918 23.823 24.845 25.628 25.744 24.839 23.200 23.673 24.837 26.457 27.501 26.699 26.333 25.176 21.124 24.501 25.868 26.085 25.973 25.955 24.743 25.159 25.508 25.856 26.057 26.391 24.315 25.138 26.008 25.295 25.165 26.402 26.077 25.981 24.980 24.381 23.475 23.414 22.264 23.467 23.782 24.287 25.092 25.819 26.471 26.501 26.786 26.621 26.681 26.795 26.817 26.758 26.846 27.012 26.843 26.790 26.867 26.836 26.797 26.741 26.684 26.564 26.494 26.450 26.405 26.238 26.175
25.742 25.887 25.003 24.855 24.853 24.886 25.549 26.704 27.404 26.146 23.540 23.585 25.365 26.432 27.335 26.954 24.911 27.104 21.770 23.824 24.583 25.302 24.878 25.436 25.516 25.773 26.069 26.409 26.577 26.799 25.081 25.731 26.377 27.048 27.098 26.838 26.405 26.115 26.009 26.287 25.427 25.688 25.658 24.228 25.083 25.853 26.360 26.912 27.250 25.869 27.151 27.050 27.348 27.395 27.304 27.292 27.387 27.513 27.366 27.300 27.383 27.375 27.300 27.210 27.083 26.964 26.863 26.789 26.717 26.628 26.535
26.175 26.294 26.273 24.811 24.760 26.088 26.934 27.347 27.493 25.659 23.467 24.520 25.592 26.475 26.091 22.756 18.715 26.801 24.618 24.610 26.274 26.508 26.034 26.029 26.174 26.355 26.576 26.865 26.972 27.083 26.511 24.631 26.158 27.490 27.236 26.937 26.636 26.368 26.364 26.675 25.718 26.401 26.147 25.556 25.073 26.710 27.096 27.407 27.674 27.253 27.284 27.394 27.649 27.770 27.649 27.647 27.705 27.685 27.468 27.476 27.554 27.523 27.411 27.301 27.158 27.066 26.973 26.937 26.915 26.876 26.780
26.802 26.946 26.664 25.259 24.117 26.112 26.860 27.224 26.593 26.206 25.375 25.908 25.567 25.484 25.216 20.522 16.730 25.365 26.187 26.642 26.187 26.630 26.260 26.496 26.825 26.996 27.178 27.343 27.285 27.396 27.333 25.382 27.228 27.531 27.569 27.152 26.868 26.589 26.537 26.747 26.224 26.364 25.812 25.894 25.836 27.228 27.514 27.659 27.680 27.330 27.186 27.544 27.900 27.859 27.715 27.678 27.710 27.717 27.603 27.598 27.572 27.569 27.483 27.362 27.227 27.188 27.174 27.220 27.282 27.195 26.998
