data-raw/tempfiles/08_grid_data_8000BP.asc
ncols 144
nrows 72
xllcorner -180
yllcorner -90
cellsize 2.5
nodata_value -9999
[rows 0 to 31 of 72, columns 0 to 70 of 144]
-17.790 -17.948 -18.014 -18.031 -18.010 -18.006 -18.013 -18.022 -18.037 -18.059 -18.050 -18.070 -18.095 -18.120 -18.109 -18.111 -18.102 -18.143 -18.162 -18.168 -18.197 -18.149 -18.161 -18.207 -18.189 -18.140 -18.100 -18.092 -18.145 -18.158 -18.123 -18.074 -18.027 -17.935 -17.934 -17.797 -17.811 -17.714 -17.718 -17.836 -17.817 -17.821 -17.841 -17.812 -17.759 -17.769 -17.740 -17.670 -17.759 -17.730 -17.725 -17.738 -17.656 -17.612 -17.565 -17.587 -17.564 -17.556 -17.572 -17.589 -17.620 -17.652 -17.674 -17.883 -18.017 -18.224 -18.135 -18.074 -17.956 -17.948 -17.935
-17.316 -17.428 -17.429 -17.410 -17.378 -17.305 -17.198 -17.088 -16.975 -16.863 -16.739 -16.647 -16.646 -16.634 -16.647 -16.671 -16.708 -16.781 -16.882 -16.969 -17.035 -17.018 -17.107 -17.207 -17.272 -17.339 -17.372 -17.430 -17.507 -17.589 -17.646 -17.662 -17.687 -17.689 -17.724 -17.689 -17.684 -17.647 -17.643 -17.686 -17.684 -17.689 -17.653 -17.652 -17.633 -17.661 -17.675 -17.599 -17.760 -17.830 -17.889 -17.988 -17.988 -18.001 -18.001 -17.992 -17.983 -17.938 -17.929 -17.914 -17.864 -17.831 -17.785 -17.674 -17.558 -17.516 -17.517 -17.451 -17.397 -17.346 -17.295
-16.223 -16.195 -16.201 -16.230 -16.268 -16.196 -16.185 -16.243 -16.272 -16.269 -16.211 -16.149 -16.099 -16.058 -16.021 -15.949 -15.916 -15.900 -15.917 -15.902 -15.939 -15.970 -16.043 -16.158 -16.259 -16.368 -16.475 -16.626 -16.802 -16.990 -17.157 -17.275 -17.383 -17.448 -17.450 -17.419 -17.446 -17.525 -17.885 -18.440 -18.571 -18.609 -18.623 -18.639 -18.489 -18.238 -17.902 -17.448 -17.486 -17.753 -17.985 -18.103 -18.349 -18.862 -19.387 -20.251 -21.094 -21.446 -21.537 -21.553 -20.858 -19.938 -18.233 -17.286 -17.018 -16.974 -16.898 -16.726 -16.556 -16.416 -16.284
-16.002 -15.915 -15.928 -15.968 -15.998 -16.036 -16.013 -16.014 -15.988 -15.902 -15.781 -15.688 -15.571 -15.538 -15.517 -15.459 -15.425 -15.399 -15.476 -15.527 -15.583 -15.743 -15.853 -15.959 -16.089 -16.135 -16.231 -16.387 -16.465 -16.631 -16.860 -16.876 -17.320 -18.471 -21.636 -22.415 -22.735 -22.390 -22.881 -23.424 -23.494 -23.670 -23.731 -23.103 -21.399 -20.420 -20.365 -21.504 -21.598 -21.864 -22.032 -22.167 -22.669 -23.433 -23.983 -24.687 -24.866 -24.447 -24.406 -24.384 -23.953 -23.561 -22.952 -21.131 -20.281 -17.566 -15.783 -15.014 -14.736 -14.445 -14.131
-15.193 -15.022 -14.968 -14.917 -14.834 -14.767 -14.775 -14.843 -14.830 -14.752 -14.661 -14.591 -14.643 -14.713 -14.782 -14.847 -14.910 -15.044 -15.245 -15.489 -15.727 -15.966 -16.055 -16.152 -16.254 -16.277 -16.627 -17.251 -16.848 -16.887 -17.790 -18.139 -17.335 -18.354 -21.702 -22.573 -21.846 -20.945 -21.492 -23.364 -22.157 -19.274 -17.326 -17.547 -18.903 -19.495 -20.932 -22.300 -23.530 -24.636 -25.762 -26.735 -27.605 -28.475 -29.020 -29.107 -28.706 -27.772 -26.445 -24.717 -22.683 -20.763 -19.554 -18.589 -16.224 -14.819 -13.762 -13.372 -12.865 -12.211 -11.217
-13.380 -13.268 -13.185 -13.116 -13.049 -13.022 -13.024 -13.047 -13.103 -13.153 -13.141 -13.170 -13.327 -13.493 -13.696 -13.913 -14.221 -14.581 -14.928 -15.196 -15.413 -15.536 -15.502 -15.826 -16.465 -16.488 -16.642 -16.377 -16.447 -16.564 -17.098 -18.381 -18.513 -18.059 -18.206 -18.527 -19.551 -21.304 -21.639 -20.931 -17.461 -14.983 -14.458 -14.706 -16.067 -16.260 -16.247 -16.726 -18.214 -20.258 -22.912 -25.631 -27.443 -28.845 -29.656 -29.893 -29.566 -28.888 -28.001 -26.722 -24.679 -21.805 -19.377 -17.133 -13.841 -12.634 -12.020 -11.422 -10.590 -9.633 -8.606
-12.285 -12.017 -11.819 -11.675 -11.590 -11.534 -11.612 -11.674 -11.843 -11.939 -12.050 -12.146 -12.286 -12.375 -12.452 -12.539 -12.725 -12.960 -13.147 -13.297 -13.341 -13.325 -15.016 -16.094 -16.577 -16.369 -15.696 -15.632 -15.665 -15.859 -15.457 -16.737 -17.802 -16.982 -18.886 -18.198 -18.235 -18.425 -18.861 -18.545 -17.417 -15.880 -15.155 -15.069 -15.005 -14.769 -14.321 -13.408 -12.143 -13.117 -16.420 -21.240 -24.669 -27.122 -28.598 -29.592 -30.056 -29.926 -28.834 -26.215 -22.905 -19.489 -17.073 -14.287 -10.819 -9.553 -8.779 -8.070 -7.655 -7.516 -7.159
-11.001 -10.179 -9.787 -9.543 -9.372 -9.347 -9.469 -9.865 -10.745 -11.014 -10.914 -10.433 -10.401 -10.471 -10.648 -10.998 -11.171 -11.246 -11.300 -11.362 -11.302 -11.377 -12.957 -13.659 -13.651 -14.810 -15.043 -15.694 -15.975 -15.860 -15.218 -15.337 -16.430 -17.355 -17.920 -16.298 -17.813 -19.070 -19.534 -19.400 -18.406 -18.405 -18.055 -17.129 -15.072 -14.243 -13.828 -12.349 -11.084 -9.942 -11.284 -14.487 -19.158 -23.486 -25.952 -27.578 -28.806 -28.864 -26.736 -22.458 -18.951 -16.465 -14.138 -10.303 -7.793 -6.509 -5.883 -5.538 -5.325 -4.987 -4.489
-10.246 -8.464 -7.759 -7.482 -7.009 -6.678 -7.871 -9.867 -10.281 -10.674 -10.844 -10.521 -10.513 -10.592 -10.463 -10.226 -9.466 -8.792 -8.760 -9.074 -9.668 -10.580 -11.826 -12.778 -12.105 -11.766 -12.886 -14.327 -14.620 -14.577 -14.826 -14.532 -14.636 -15.082 -15.985 -16.803 -16.450 -16.600 -17.637 -16.376 -15.893 -15.923 -15.781 -16.659 -15.891 -14.222 -13.174 -11.960 -10.638 -8.713 -8.184 -9.254 -14.413 -19.875 -23.290 -25.030 -25.935 -24.562 -19.210 -16.195 -13.519 -10.021 -6.729 -4.863 -4.036 -3.520 -3.285 -3.239 -3.149 -2.775 -2.221
-7.692 -7.043 -6.615 -5.842 -4.771 -4.457 -4.852 -5.553 -5.438 -5.127 -5.524 -5.543 -5.289 -4.962 -4.828 -5.616 -6.873 -6.759 -6.143 -5.923 -5.906 -6.482 -7.491 -8.659 -9.596 -9.755 -10.629 -11.656 -12.066 -12.804 -13.305 -13.954 -14.626 -15.327 -16.206 -17.033 -16.971 -16.628 -16.927 -16.003 -15.807 -15.439 -14.834 -14.337 -13.874 -14.273 -14.857 -12.003 -9.710 -7.302 -6.969 -10.496 -15.041 -19.858 -22.055 -19.419 -14.976 -13.052 -7.852 -4.697 -3.371 -2.383 -2.413 -3.165 -4.094 -3.650 -1.976 -1.460 -1.677 -1.520 -1.143
-3.421 -2.665 -3.327 -2.983 -2.574 -2.084 -2.215 -2.507 -2.028 -1.504 -2.143 -3.204 -3.450 -3.825 -4.457 -4.090 -3.974 -4.533 -5.350 -6.456 -7.128 -5.617 -4.104 -4.370 -5.157 -6.073 -7.530 -8.547 -9.056 -9.701 -10.452 -11.384 -12.355 -13.430 -14.460 -14.852 -14.801 -15.213 -15.420 -14.750 -14.199 -13.530 -12.907 -13.167 -14.354 -14.154 -11.533 -9.717 -7.901 -6.013 -4.814 -6.957 -14.714 -21.311 -20.508 -10.392 -4.574 -3.850 -3.652 -2.981 -2.159 -1.340 -1.009 -1.803 -3.599 -2.616 -0.548 -0.163 -0.337 -0.316 -0.105
-0.772 -0.515 -0.789 -0.838 -0.782 -0.538 -0.420 -0.725 -1.047 -0.482 -2.422 -0.327 -0.917 -1.082 -2.714 -5.709 -5.087 -2.849 -2.892 -3.657 -4.170 -4.390 -2.626 -1.938 -2.566 -2.539 -3.350 -4.048 -5.564 -6.668 -7.817 -9.297 -10.495 -11.510 -12.487 -12.984 -13.475 -13.845 -13.872 -13.565 -12.953 -13.456 -13.267 -12.101 -11.177 -10.256 -8.993 -7.567 -5.966 -4.901 -4.196 -3.898 -7.661 -11.660 -12.220 -4.259 -3.370 -2.922 -2.140 -1.572 -0.930 -0.482 0.022 0.434 0.875 1.113 1.092 1.066 0.956 0.928 1.016
1.679 1.628 1.290 0.959 0.760 0.898 1.253 0.987 1.326 0.996 2.317 4.436 5.078 5.966 6.159 5.479 3.446 1.054 -0.330 -1.804 -2.047 -2.295 -0.811 0.005 -0.429 -1.053 -1.253 -1.241 -2.438 -3.588 -4.807 -6.061 -7.633 -8.559 -9.701 -10.889 -11.834 -12.463 -12.601 -12.305 -11.545 -11.633 -11.422 -10.721 -9.229 -8.751 -9.185 -6.887 -5.138 -3.838 -3.137 -2.967 -2.906 -2.842 -3.150 -2.506 -1.901 -1.440 -0.610 0.028 0.637 1.162 1.728 2.051 2.302 2.533 2.615 2.634 2.513 2.302 2.238
3.109 3.205 3.232 3.079 3.033 3.185 3.520 3.583 3.663 4.339 4.971 5.743 6.229 6.368 6.808 7.127 7.402 7.267 6.348 2.510 0.306 -0.449 0.155 1.463 1.925 1.622 1.169 0.791 -0.019 -1.049 -1.983 -2.940 -4.110 -5.085 -6.022 -7.425 -9.080 -9.760 -10.223 -10.460 -9.716 -8.895 -9.405 -8.965 -7.835 -7.390 -7.333 -5.884 -4.912 -3.784 -2.787 -2.064 -1.562 -1.083 -0.759 -0.342 0.118 0.810 1.606 2.240 2.849 3.340 3.798 4.279 4.441 4.565 4.645 4.573 4.412 3.831 2.830
4.077 4.256 4.401 4.476 4.557 4.688 4.952 5.232 5.641 6.000 6.217 6.542 6.817 7.267 7.691 8.037 8.276 8.390 8.475 8.055 5.074 2.864 3.174 1.311 0.545 2.155 2.813 1.959 1.461 1.069 0.549 -0.196 -1.893 -2.513 -3.517 -4.468 -5.218 -5.691 -5.722 -7.426 -7.246 -6.696 -7.364 -8.156 -7.991 -7.172 -5.976 -4.214 -3.487 -3.404 -3.097 -1.709 -0.492 0.587 1.414 2.027 2.456 2.937 3.559 4.204 4.815 5.292 5.708 6.057 6.305 6.468 6.462 6.183 5.218 5.346 5.066
4.593 4.853 5.016 5.245 5.428 5.631 5.787 5.988 6.129 6.506 6.831 7.174 7.492 7.857 8.229 8.605 8.898 9.249 9.251 9.379 8.966 4.823 2.897 3.476 1.957 0.369 3.494 4.080 3.272 2.901 1.969 1.495 1.351 0.284 -1.010 -2.082 -2.899 -3.123 -2.963 -3.569 -4.173 -4.485 -5.343 -5.680 -5.065 -4.460 -3.513 -2.289 -1.756 -1.210 -1.673 -0.762 0.219 1.597 3.126 4.382 5.157 5.605 6.007 6.534 7.009 7.295 7.602 7.831 8.034 8.205 8.189 7.915 7.404 7.383 6.797
5.160 5.527 5.738 5.967 6.153 6.320 6.524 6.758 6.961 7.270 7.614 7.958 8.282 8.671 8.980 9.325 9.618 9.933 10.236 10.411 10.499 9.939 9.504 6.209 6.066 4.893 4.119 5.906 5.719 5.283 4.524 3.923 3.065 2.661 1.636 0.202 -0.367 -0.869 -1.158 -1.436 -1.828 -2.217 -2.566 -2.111 -0.821 -0.327 0.229 0.482 0.656 1.185 1.303 0.966 1.314 2.702 4.701 6.590 7.817 8.311 8.586 8.922 9.221 9.376 9.586 9.707 9.825 9.905 9.961 9.969 9.771 9.599 9.187
6.047 6.507 6.746 6.994 7.227 7.430 7.618 7.849 8.102 8.396 8.737 9.036 9.250 9.494 9.743 10.065 10.375 10.646 11.058 11.492 11.767 11.615 11.423 9.174 10.052 7.132 4.386 4.557 6.656 7.915 7.089 6.612 5.677 4.612 3.999 3.329 3.148 3.004 2.233 1.981 1.690 1.766 1.773 1.211 2.150 2.812 3.048 2.979 3.173 3.328 3.188 3.151 3.643 5.171 7.312 9.218 10.179 10.573 10.847 11.025 11.259 11.404 11.486 11.509 11.502 11.524 11.595 11.666 11.694 11.687 11.420
7.660 8.062 8.335 8.578 8.832 9.001 9.157 9.363 9.624 9.856 10.094 10.419 10.645 10.865 11.097 11.326 11.634 11.834 12.207 12.499 12.548 12.277 11.384 8.209 7.938 7.705 5.197 3.745 4.473 6.663 8.271 8.940 8.307 6.826 6.249 6.481 6.316 6.191 6.441 6.137 5.877 5.900 5.369 5.204 4.777 4.977 5.252 5.788 6.592 7.220 7.599 7.566 8.071 9.573 11.249 12.361 12.667 12.773 12.977 13.117 13.265 13.364 13.398 13.293 13.253 13.229 13.221 13.256 12.749 11.576 12.028
10.024 10.115 10.303 10.565 10.771 10.903 10.964 11.115 11.314 11.537 11.780 12.028 12.227 12.392 12.569 12.843 13.090 13.362 13.518 13.686 13.482 12.733 11.620 9.234 9.334 7.661 8.654 5.388 5.494 4.758 9.159 9.792 9.916 9.602 9.042 9.160 9.188 9.102 9.059 9.145 8.067 8.669 8.830 8.484 8.297 9.256 10.583 11.664 12.312 12.730 12.869 12.722 12.923 13.632 14.291 14.696 14.785 14.777 14.884 14.987 15.010 14.945 14.920 14.745 14.785 14.780 14.830 14.743 13.605 12.066 11.405
12.872 12.533 12.656 12.738 12.809 12.887 12.943 13.050 13.197 13.377 13.599 13.810 13.978 14.102 14.296 14.556 14.788 14.999 15.079 15.020 14.634 13.641 13.546 13.516 9.345 8.892 8.474 7.336 6.943 3.305 9.717 11.924 12.222 12.039 12.082 11.819 12.141 11.912 11.641 10.922 11.139 12.912 12.314 12.923 14.324 15.286 16.012 16.636 16.890 16.862 16.826 16.674 16.516 16.569 16.628 16.659 16.681 16.638 16.639 16.533 16.261 16.175 16.166 16.254 16.226 16.204 16.239 16.148 16.265 15.734 14.276
15.472 14.968 14.946 14.906 14.884 14.862 14.884 14.947 15.111 15.283 15.471 15.605 15.684 15.787 15.943 16.119 16.289 16.388 16.372 16.234 15.931 15.021 13.833 15.423 13.790 16.164 13.820 10.670 9.557 7.483 11.373 13.895 14.201 14.475 13.518 14.013 14.274 13.493 12.462 12.990 14.967 15.239 16.271 17.281 18.121 18.758 18.888 18.979 18.978 18.908 18.824 18.711 18.577 18.464 18.407 18.367 18.334 18.279 18.239 18.092 17.729 17.472 17.190 17.255 17.175 17.297 17.335 17.294 17.389 17.327 16.320
17.677 17.137 17.024 17.021 16.886 16.846 16.856 16.861 17.030 17.134 17.266 17.378 17.327 17.393 17.508 17.574 17.633 17.664 17.572 17.351 16.983 16.206 15.187 14.890 16.250 18.481 20.395 15.607 11.156 13.040 14.243 15.907 16.985 16.245 16.047 16.146 15.607 15.508 15.978 16.902 17.624 18.747 19.453 19.676 19.871 20.546 20.637 20.606 20.621 20.578 20.500 20.398 20.295 20.235 20.129 19.961 19.894 19.777 19.623 19.410 19.144 18.932 18.634 18.513 18.312 18.308 18.356 18.357 18.276 16.851 15.774
19.663 19.226 19.031 18.922 18.770 18.705 18.764 18.834 18.922 19.009 19.089 19.175 19.124 19.078 19.096 19.012 18.931 18.846 18.659 18.401 18.003 17.365 16.624 16.212 16.269 18.123 22.167 19.175 15.996 16.702 16.828 17.891 18.205 17.932 17.663 17.085 17.523 17.425 17.696 18.952 20.753 21.501 21.394 21.118 21.181 21.935 22.007 22.069 22.087 22.039 21.943 21.840 21.686 21.634 21.506 21.358 21.217 21.042 20.804 20.522 20.292 19.924 19.624 19.302 19.209 19.281 19.253 18.991 18.023 16.377 19.289
21.467 21.153 20.893 20.676 20.533 20.495 20.505 20.522 20.550 20.609 20.679 20.724 20.674 20.617 20.534 20.342 20.142 19.953 19.684 19.361 18.874 18.277 17.609 17.256 17.175 17.524 21.192 21.630 15.733 15.466 18.174 19.850 20.366 19.514 19.897 19.792 20.344 20.238 20.096 20.458 22.469 23.075 22.907 22.815 22.274 23.200 23.485 23.436 23.384 23.276 23.073 22.859 22.819 22.704 22.514 22.300 22.054 21.815 21.479 21.088 20.805 20.468 20.303 20.224 20.212 20.029 20.108 20.595 21.088 22.297 22.250
23.056 22.799 22.578 22.361 22.259 22.209 22.147 22.121 22.145 22.192 22.221 22.181 22.126 21.993 21.783 21.524 21.263 20.989 20.633 20.164 19.610 18.965 18.412 18.060 18.042 18.135 20.308 22.340 19.998 14.782 19.183 20.303 22.206 22.088 22.543 22.769 23.109 23.219 22.891 22.198 23.821 24.320 24.190 24.280 23.297 23.745 24.556 24.533 24.419 24.221 23.922 23.557 23.512 23.371 23.201 23.001 22.688 22.415 22.030 21.649 21.458 21.190 20.975 21.086 20.866 20.489 21.463 21.994 22.083 22.793 22.646
24.289 24.118 23.988 23.902 23.812 23.743 23.665 23.625 23.692 23.767 23.599 23.351 23.159 22.956 22.738 22.453 22.157 21.825 21.382 20.909 20.292 19.635 19.105 18.856 18.900 19.251 20.176 22.432 23.096 18.920 16.132 16.955 21.031 23.211 24.211 24.498 24.766 24.957 24.678 24.405 24.863 25.204 25.272 25.293 24.649 24.241 25.316 25.435 25.254 24.928 24.638 24.288 24.023 23.809 23.689 23.437 23.132 22.833 22.441 22.104 21.906 21.578 21.309 21.201 20.536 21.233 22.989 23.480 23.799 24.106 23.920
25.405 25.192 25.076 25.030 24.968 24.922 24.918 24.897 24.969 24.772 24.581 24.194 23.921 23.730 23.520 23.309 23.000 22.636 22.208 21.709 21.164 20.646 20.269 20.190 20.378 20.900 21.649 22.677 23.666 23.076 18.060 16.416 19.573 23.563 24.911 25.400 25.231 25.557 25.479 25.312 25.358 25.366 25.944 25.804 25.114 24.750 25.601 25.781 25.660 25.250 24.972 24.714 24.382 23.942 23.697 23.614 23.439 23.151 22.842 22.597 22.406 22.111 21.861 21.429 20.581 23.094 24.530 24.078 24.239 24.420 24.788
26.027 25.799 25.730 25.722 25.690 25.616 25.573 25.539 25.550 24.974 24.921 24.726 24.468 24.279 24.140 23.947 23.667 23.382 23.025 22.628 22.256 21.940 21.798 21.840 22.036 22.717 23.358 24.150 24.713 24.934 22.413 20.341 18.273 22.244 25.299 25.573 24.601 26.012 26.156 26.265 26.435 26.157 26.463 24.215 24.966 25.165 25.952 25.964 25.804 25.617 25.215 24.928 24.664 24.315 24.072 23.949 23.848 23.526 23.254 23.057 22.874 22.562 22.238 21.899 21.471 24.542 27.427 25.763 25.011 24.407 24.667
26.317 26.174 26.109 26.037 25.966 25.870 25.774 25.679 25.595 25.479 25.312 25.080 24.922 24.758 24.647 24.453 24.239 24.063 23.847 23.646 23.527 23.494 23.547 23.773 24.085 24.534 24.945 25.371 25.688 26.049 26.765 26.847 25.184 23.365 24.502 22.137 24.288 25.021 25.998 26.418 26.620 26.668 26.481 25.595 25.565 26.233 26.398 25.978 25.835 25.705 25.389 25.209 24.851 24.644 24.432 24.209 24.147 23.969 23.756 23.618 23.534 23.325 23.080 22.994 22.940 26.422 28.490 27.901 26.504 24.917 24.748
26.539 26.401 26.339 26.271 26.202 26.102 25.992 25.885 25.744 25.668 25.589 25.477 25.368 25.258 25.174 24.987 24.875 24.793 24.705 24.674 24.666 24.742 24.920 25.144 25.418 25.649 25.865 26.106 26.398 26.692 27.143 27.423 27.408 27.062 27.059 25.357 24.738 23.799 25.521 26.561 26.678 26.507 26.017 26.042 26.830 27.046 26.803 26.285 25.983 25.884 25.752 25.654 25.419 25.128 25.000 24.729 24.706 24.654 24.481 24.343 24.322 24.313 24.186 24.116 24.132 26.509 27.998 27.696 26.833 26.467 26.215
26.806 26.587 26.525 26.447 26.363 26.305 26.251 26.204 26.118 25.953 25.871 25.816 25.697 25.638 25.594 25.429 25.392 25.368 25.291 25.325 25.387 25.426 25.599 25.735 25.893 26.049 26.214 26.293 26.531 26.787 26.940 27.034 27.008 27.034 27.263 27.340 27.339 26.390 25.687 26.934 26.861 26.169 25.626 27.364 26.317 26.650 26.786 26.565 26.411 26.254 26.146 26.045 25.901 25.629 25.498 25.246 25.232 25.200 25.072 24.995 24.959 25.003 24.975 24.909 25.185 26.050 25.651 25.956 26.241 26.337 26.595
