data-raw/tempfiles/08_grid_data_8000BP.asc
ncols 144
nrows 72
xllcorner -180
yllcorner -90
cellsize 2.5
nodata_value -9999
[rows 32 to 63 of 72, columns 71 to 141 of 144]
26.819 26.207 25.968 26.373 25.658 26.078 26.106 26.609 26.930 26.620 25.434 25.828 26.083 25.917 24.464 18.594 17.213 21.240 22.812 25.046 25.825 26.289 26.392 26.748 27.102 27.299 27.490 27.668 27.681 27.709 27.717 26.966 27.522 27.519 27.644 27.262 27.052 26.860 26.894 27.055 26.639 26.401 26.321 26.386 27.232 27.528 27.691 27.854 27.745 27.640 26.666 26.862 27.643 27.659 27.568 27.519 27.570 27.644 27.638 27.507 27.543 27.667 27.549 27.396 27.366 27.392 27.415 27.489 27.600 27.451 27.203
26.313 26.598 26.385 26.190 25.374 23.572 23.552 24.911 25.889 25.600 25.516 25.823 25.742 25.980 26.383 22.060 19.229 24.022 26.579 27.126 27.190 26.327 26.692 26.947 27.207 27.319 27.424 27.523 27.578 27.646 27.675 27.699 27.481 26.840 27.576 27.414 27.360 27.267 27.250 26.886 27.078 25.345 26.084 26.602 27.272 27.374 27.623 26.370 27.205 27.550 27.025 26.995 27.547 27.515 27.455 27.419 27.431 27.388 27.138 27.341 27.699 27.664 27.639 27.503 27.548 27.606 27.573 27.556 27.616 27.517 27.342
26.673 26.690 26.656 26.256 25.352 24.179 23.632 24.410 25.125 24.835 24.431 24.589 24.157 24.827 25.942 28.171 24.280 26.508 27.384 27.799 26.562 26.645 26.840 27.004 27.153 27.232 27.334 27.391 27.466 27.483 27.465 27.398 27.346 27.322 27.339 27.318 27.340 27.341 27.302 25.586 25.514 25.325 25.325 25.849 26.217 26.339 26.166 24.904 27.144 27.541 27.484 27.397 27.464 27.467 27.367 27.027 26.953 27.249 27.462 27.657 27.799 27.783 27.720 27.575 27.564 27.614 27.533 27.505 27.585 27.646 27.599
26.390 26.361 26.326 26.239 26.109 24.290 24.088 24.913 25.122 24.987 24.660 24.021 22.457 22.330 23.567 23.806 26.297 28.409 27.809 26.905 26.628 26.619 26.754 26.936 27.072 27.154 27.246 27.295 27.341 27.381 27.372 27.280 27.197 27.158 27.172 27.199 27.227 27.154 27.046 26.967 25.599 25.638 25.304 25.187 24.958 25.294 24.636 24.817 26.901 26.560 26.990 27.363 27.085 27.422 27.330 27.524 27.496 27.581 27.603 27.650 27.794 27.875 27.742 27.560 27.508 27.519 27.497 27.527 27.638 27.771 27.781
25.732 25.716 25.714 25.688 25.938 24.838 24.288 25.225 25.088 25.007 24.613 23.669 21.387 21.059 22.092 21.111 25.743 27.515 26.701 26.732 26.673 26.658 26.714 26.838 26.923 26.952 26.997 27.077 27.207 27.297 27.267 27.177 27.114 27.111 27.103 27.050 26.984 26.931 26.876 26.807 26.393 24.804 25.280 25.074 25.034 25.243 25.721 26.383 26.502 25.553 27.213 27.535 27.345 26.768 25.955 27.099 27.078 27.394 27.467 27.478 27.701 27.876 27.819 27.594 27.494 27.532 27.529 27.571 27.626 27.710 27.836
25.463 25.406 25.425 25.494 25.872 24.899 24.228 25.081 25.336 25.105 24.751 24.244 21.874 22.522 23.852 23.079 25.293 26.554 26.817 26.901 26.659 26.595 26.610 26.694 26.759 26.762 26.788 26.840 26.967 27.184 27.202 27.090 27.018 27.012 26.984 26.935 26.820 26.808 26.827 26.706 26.786 26.125 25.155 25.534 25.331 25.723 26.036 26.633 26.803 26.082 27.609 27.193 27.163 27.326 26.499 23.313 22.579 24.398 26.173 27.351 27.733 27.278 27.622 27.569 27.410 27.456 27.495 27.485 27.519 27.611 27.743
24.955 24.803 24.742 24.903 25.179 25.099 24.746 24.162 24.038 24.637 24.661 24.796 23.773 23.357 23.321 23.092 25.208 26.435 26.746 26.805 26.610 26.455 26.477 26.547 26.619 26.653 26.673 26.697 26.828 27.031 27.092 27.006 26.951 26.849 26.857 26.860 26.792 26.768 26.775 26.801 27.030 26.998 26.525 25.963 25.370 25.702 26.193 27.084 27.696 28.028 27.893 27.701 27.662 27.670 27.576 27.147 26.442 24.439 20.360 22.373 26.476 26.515 27.517 27.184 27.295 27.314 27.383 27.380 27.373 27.442 27.580
24.218 23.949 23.769 23.929 24.240 24.708 25.221 23.496 23.164 23.340 23.470 24.097 22.993 22.371 21.795 22.065 24.685 26.243 26.513 26.660 26.486 26.359 26.405 26.465 26.526 26.550 26.525 26.529 26.690 26.845 26.893 26.749 26.764 26.737 26.684 26.705 26.712 26.700 26.672 26.709 26.827 26.908 26.973 26.826 26.615 26.575 26.575 27.192 27.497 27.721 27.670 27.545 27.983 27.951 27.606 27.003 26.192 25.463 25.041 24.243 24.810 27.094 27.396 27.292 27.099 26.879 27.212 27.201 27.202 27.244 27.352
23.286 23.123 22.912 22.743 22.904 23.457 22.873 20.690 22.100 23.000 23.026 22.519 22.978 22.301 21.565 22.637 23.758 26.327 26.801 26.745 26.420 26.277 26.328 26.380 26.371 26.340 26.337 26.330 26.463 26.541 26.571 26.304 26.467 26.482 26.495 26.487 26.477 26.488 26.477 26.472 26.459 26.476 26.465 26.712 26.880 27.117 27.427 27.547 27.866 28.053 28.094 28.103 27.936 28.163 27.739 27.413 26.845 26.354 25.494 26.204 26.060 26.749 27.084 27.121 26.986 26.866 26.960 26.907 26.885 26.964 27.102
22.536 22.487 22.289 21.926 21.610 22.092 22.999 20.625 21.620 22.983 23.748 23.130 22.565 23.339 22.295 22.784 23.683 26.344 26.584 26.504 24.538 25.922 26.335 26.227 26.118 26.066 26.045 26.032 26.067 26.086 26.028 25.854 26.006 26.076 26.103 26.097 26.043 26.009 25.992 25.990 25.869 25.883 26.001 26.133 26.281 26.521 26.867 27.214 27.647 27.903 28.080 28.026 28.304 28.663 28.014 27.946 27.543 27.253 26.125 26.243 26.441 26.618 26.746 26.761 26.632 26.619 26.557 26.352 26.377 26.552 26.769
22.089 22.027 21.850 21.369 20.586 22.565 24.512 23.814 22.996 23.921 24.774 23.474 23.638 23.916 25.106 24.393 25.358 26.399 26.180 26.234 22.993 25.612 26.115 25.943 25.773 25.705 25.644 25.600 25.555 25.501 25.353 25.403 25.401 25.405 25.355 25.312 25.267 25.195 25.134 25.142 25.020 25.020 25.108 25.193 25.542 25.904 26.356 26.876 27.396 27.555 28.047 27.700 29.009 28.905 28.302 27.835 27.338 27.582 26.338 25.264 26.046 26.096 26.159 26.102 26.006 26.019 25.955 25.651 25.585 25.828 26.121
21.800 21.596 21.528 21.101 20.153 20.361 23.297 23.244 22.972 23.930 24.623 23.973 22.683 21.341 23.808 25.644 25.937 26.052 25.384 22.408 22.451 25.777 25.892 25.545 25.153 25.067 24.996 24.944 24.841 24.763 24.572 24.621 24.598 24.440 24.340 24.344 24.220 24.141 24.024 23.957 23.811 23.838 23.748 24.131 24.509 25.069 25.763 26.526 26.953 27.852 28.481 28.617 27.901 28.031 27.828 27.696 27.432 27.683 25.126 24.253 25.376 25.301 25.313 25.157 25.033 25.069 25.093 24.884 24.627 24.782 25.101
21.468 21.174 20.989 20.808 20.250 19.021 21.424 21.367 21.082 23.051 24.237 23.712 23.085 24.533 25.347 25.303 25.627 25.322 24.843 22.002 23.885 25.245 25.318 24.819 24.562 24.241 24.145 24.042 23.952 23.840 23.767 23.633 23.505 23.379 23.258 23.202 23.064 22.934 22.682 22.666 22.479 22.429 22.415 22.835 23.229 23.896 25.089 26.760 26.851 27.207 27.455 27.273 26.831 25.974 25.494 25.821 26.164 26.461 25.356 24.770 24.050 24.256 24.408 24.169 23.979 23.998 23.907 23.531 23.694 23.732 23.940
21.105 20.821 20.441 20.027 19.872 18.785 18.977 21.558 21.492 22.059 22.381 22.294 22.119 24.118 25.994 24.800 24.735 24.568 24.340 22.394 24.439 24.538 24.373 24.047 23.720 23.396 23.242 23.104 23.056 22.941 22.704 22.573 22.408 22.276 22.133 22.041 21.924 21.681 21.368 21.378 20.998 20.898 20.946 21.404 21.979 22.626 24.793 25.386 25.283 25.977 26.600 26.133 25.023 23.763 23.511 25.049 25.601 25.580 24.840 23.570 23.085 22.971 23.436 23.288 23.005 22.933 22.992 22.932 22.733 22.686 22.738
20.545 20.296 19.983 19.659 19.617 18.935 18.232 21.295 21.548 22.053 20.748 19.498 18.712 21.103 24.377 23.730 23.578 23.544 23.966 23.721 23.588 23.139 22.956 22.810 22.490 22.240 22.050 21.929 21.907 21.775 21.439 21.386 21.292 21.103 20.921 20.596 20.334 20.127 20.074 19.929 19.291 19.297 19.349 19.876 20.464 21.147 23.053 23.708 23.720 24.176 24.250 23.517 21.810 21.703 23.202 24.312 24.558 24.214 23.540 22.453 21.490 21.127 22.076 22.410 22.030 21.873 21.735 21.604 21.437 21.407 21.485
19.722 19.390 19.175 19.103 19.022 18.761 17.933 20.048 20.972 20.915 19.331 18.356 16.328 20.996 23.014 22.610 22.508 22.337 22.334 22.211 21.996 21.455 20.901 20.536 20.701 20.460 20.481 20.144 20.331 20.329 20.224 19.977 19.712 18.968 17.849 17.233 17.148 17.172 17.566 17.614 17.197 17.286 18.027 18.529 18.957 19.670 20.907 21.643 21.198 21.744 21.784 22.170 21.287 21.160 21.878 23.008 22.971 23.087 22.939 22.060 21.473 18.708 20.690 21.494 21.092 20.738 20.496 20.195 20.052 20.084 20.166
18.463 18.228 18.211 18.221 18.147 18.162 18.053 17.885 19.589 18.980 18.365 17.218 18.397 21.521 21.481 21.068 20.983 20.807 20.675 20.537 20.134 19.050 19.017 18.938 19.122 19.085 18.882 18.389 18.110 18.673 18.592 17.961 16.477 15.727 15.621 15.596 15.550 15.492 15.373 15.375 15.382 15.479 16.313 17.048 17.314 18.030 19.127 19.508 19.280 19.691 20.567 21.352 20.763 20.383 20.381 20.626 20.178 20.884 20.747 20.286 19.330 17.083 20.306 20.479 20.137 19.771 19.436 19.110 18.872 18.733 18.769
16.627 16.480 16.568 16.782 16.733 16.863 17.064 17.136 17.871 18.580 19.285 19.716 19.689 19.651 19.474 19.144 19.109 18.998 18.866 18.202 17.485 17.475 17.649 17.527 17.160 17.129 16.511 15.997 15.973 16.596 16.206 14.825 14.041 13.982 13.997 13.877 13.763 13.693 13.702 13.673 13.699 13.876 14.378 15.100 15.646 16.443 17.522 17.835 18.022 18.228 18.145 17.183 17.058 17.139 17.848 19.049 18.804 19.464 19.204 18.174 16.276 18.456 19.547 19.256 18.908 18.555 18.195 17.923 17.552 17.258 17.179
14.876 14.799 14.672 14.649 14.752 15.039 15.467 16.082 16.688 17.244 17.557 17.842 17.772 17.624 17.436 17.411 17.322 17.117 16.797 16.123 15.875 15.929 15.781 15.599 15.402 15.572 15.322 14.919 14.624 13.688 13.186 12.680 12.906 13.173 12.758 12.166 12.063 12.160 12.499 12.493 12.330 12.604 13.098 13.445 13.926 14.462 15.175 15.610 15.609 15.343 15.164 15.169 15.269 15.454 15.667 16.065 16.597 16.987 16.603 15.569 14.304 17.172 17.861 17.731 17.499 17.158 16.821 16.561 16.266 15.999 15.560
12.494 12.674 12.611 12.629 12.698 13.028 13.613 14.356 15.122 15.322 15.456 15.245 15.015 14.924 14.902 14.635 14.562 14.400 14.179 14.271 14.380 14.341 14.462 14.363 14.439 14.375 14.229 13.753 13.200 12.315 11.700 12.451 12.993 12.926 12.760 12.376 11.828 11.637 11.500 10.861 10.971 11.534 11.915 12.030 12.221 12.430 12.852 13.298 13.254 13.207 13.226 13.294 13.504 13.698 13.823 14.207 14.623 15.161 15.274 14.778 15.271 15.594 15.830 15.819 15.652 15.375 15.140 15.079 15.093 15.077 14.172
10.220 10.336 10.390 10.391 10.375 10.654 11.064 11.720 12.284 12.244 12.296 12.217 12.206 12.302 12.125 12.048 11.897 11.641 11.436 11.550 11.626 11.623 12.073 12.426 12.812 12.939 12.816 12.430 12.115 11.661 11.138 10.667 10.718 11.059 11.146 10.939 10.875 10.853 10.688 10.435 10.602 10.682 10.574 10.539 10.510 10.532 10.636 10.862 11.097 11.362 11.445 11.364 11.492 11.891 12.039 12.330 12.739 13.132 13.286 12.454 13.346 13.873 13.968 13.924 13.838 13.678 13.645 13.705 13.914 12.553 12.149
8.537 8.369 8.373 8.108 8.244 8.274 8.546 8.725 8.817 9.075 9.151 9.256 9.411 9.553 9.414 9.233 9.152 8.821 8.701 8.703 8.679 8.715 9.136 9.803 10.408 10.809 10.932 10.560 10.222 10.199 10.083 9.914 9.498 9.207 9.058 8.991 9.167 9.158 9.009 9.025 9.106 9.193 9.167 9.247 9.338 9.340 9.350 9.355 9.562 9.948 10.060 10.059 10.116 10.314 10.424 10.673 11.069 11.345 11.710 11.969 12.162 12.189 12.088 12.039 12.081 12.113 12.278 12.105 9.582 9.260 11.734
6.619 6.595 6.471 6.068 5.824 5.748 5.909 6.161 6.338 6.361 6.264 6.443 6.878 7.034 7.015 6.890 6.937 6.964 6.896 6.797 6.648 6.631 6.843 7.203 7.646 7.992 8.076 7.823 7.660 7.669 7.771 7.839 7.675 7.519 7.586 7.794 7.670 7.158 7.079 6.936 6.871 7.032 7.326 7.398 7.498 7.675 7.788 7.968 7.990 8.284 8.678 8.801 8.909 9.116 9.204 9.189 9.556 9.825 10.005 10.269 10.331 10.341 10.296 10.333 10.448 10.677 10.981 10.376 9.100 10.748 10.875
4.657 4.689 4.680 4.510 4.312 4.135 4.059 4.117 4.075 4.084 4.034 4.249 4.659 4.914 5.046 5.044 5.061 5.203 5.292 5.313 5.274 5.247 5.180 5.203 5.364 5.533 5.627 5.559 5.380 5.505 5.393 5.312 5.328 5.362 5.526 5.492 5.308 5.522 5.740 5.308 5.078 5.297 5.475 5.433 5.327 5.601 5.920 6.156 6.297 6.439 6.912 7.187 7.384 7.584 7.745 7.799 7.849 8.162 8.251 8.386 8.570 8.674 8.735 8.843 8.976 9.236 9.484 9.629 9.575 9.371 9.244
2.636 2.738 2.714 2.590 2.415 2.247 2.229 2.214 2.187 2.150 2.183 2.343 2.640 2.962 3.191 3.327 3.482 3.532 3.574 3.652 3.708 3.742 3.631 3.517 3.562 3.636 3.806 3.913 3.894 3.895 3.649 3.446 3.354 3.383 3.463 3.609 3.656 3.881 3.953 3.699 3.395 3.447 3.613 3.696 3.692 3.662 3.897 4.124 4.392 4.626 4.974 5.403 5.709 5.762 5.734 6.018 6.119 6.231 6.337 6.457 6.720 6.959 7.148 7.258 7.449 7.678 7.914 8.076 8.142 8.071 7.913
0.687 0.752 0.763 0.697 0.548 0.449 0.487 0.567 0.590 0.627 0.728 0.924 1.242 1.565 1.807 2.003 2.069 2.092 2.047 2.025 2.155 2.220 2.137 2.073 2.060 2.244 2.373 2.443 2.394 2.310 2.012 1.726 1.510 1.495 1.729 2.037 2.159 2.359 2.272 2.082 2.058 2.227 2.211 2.133 2.109 2.002 2.269 2.583 2.855 3.128 3.409 3.716 3.903 4.012 4.099 4.328 4.333 4.300 4.330 4.469 4.730 5.058 5.321 5.363 5.418 5.878 6.293 6.633 6.775 6.748 6.616
-1.167 -1.162 -1.187 -1.237 -1.281 -1.227 -1.120 -0.929 -0.826 -0.701 -0.353 -0.016 0.283 0.534 0.680 0.893 0.911 0.910 0.927 0.790 0.748 0.703 0.585 0.537 0.490 0.592 0.665 0.703 0.673 0.544 0.282 0.001 -0.187 -0.164 0.028 0.351 0.577 0.667 0.703 0.683 0.594 0.569 0.563 0.621 0.676 0.706 0.857 1.113 1.293 1.574 1.759 1.936 2.020 2.219 2.491 2.633 2.724 2.628 2.481 2.530 2.660 2.917 3.265 3.364 3.304 3.621 4.369 4.905 5.245 5.343 5.288
-2.880 -2.876 -2.897 -3.039 -2.996 -2.760 -2.590 -2.425 -2.202 -1.833 -1.493 -1.216 -0.899 -0.908 -0.920 -0.779 -0.817 -0.794 -0.815 -0.967 -1.054 -1.140 -1.358 -1.575 -1.611 -1.446 -1.396 -1.290 -1.462 -1.791 -2.115 -2.380 -2.458 -2.374 -2.191 -1.677 -1.327 -1.319 -1.482 -1.458 -1.363 -1.300 -1.145 -1.028 -0.847 -0.674 -0.505 -0.383 -0.128 0.024 0.158 0.348 0.489 0.583 0.833 0.879 0.816 0.998 0.913 0.711 0.771 0.823 0.957 1.246 1.304 1.478 2.138 2.712 3.124 3.358 3.367
-4.229 -4.093 -4.022 -4.320 -4.367 -4.085 -3.956 -3.734 -3.511 -3.393 -3.222 -2.975 -2.852 -2.880 -2.784 -2.765 -2.695 -2.723 -2.849 -2.965 -3.166 -3.538 -3.896 -4.149 -4.319 -4.173 -4.233 -4.255 -4.466 -4.597 -4.704 -4.741 -4.587 -4.500 -4.472 -4.340 -4.120 -4.074 -4.072 -4.041 -3.891 -3.689 -3.402 -3.170 -2.981 -2.752 -2.446 -2.323 -2.030 -1.869 -1.654 -1.429 -1.241 -1.152 -1.176 -1.254 -1.396 -1.337 -1.384 -1.538 -1.614 -1.695 -1.697 -1.285 -1.047 -0.917 -0.495 -0.174 0.103 0.382 0.731
-5.435 -5.279 -5.114 -5.040 -5.125 -5.265 -5.397 -5.358 -5.282 -5.198 -5.122 -5.049 -5.056 -5.033 -4.968 -5.033 -4.863 -4.901 -5.138 -5.307 -5.763 -6.268 -6.585 -6.997 -7.374 -7.229 -7.469 -7.694 -7.796 -7.769 -7.621 -7.587 -7.428 -7.311 -7.435 -7.643 -7.689 -7.635 -7.585 -7.684 -7.642 -7.428 -6.986 -6.562 -6.192 -5.989 -5.884 -5.779 -5.367 -4.944 -4.729 -4.703 -4.634 -4.613 -4.795 -4.953 -5.119 -5.153 -5.114 -5.239 -5.239 -5.178 -5.204 -5.000 -5.008 -4.861 -4.470 -4.122 -3.800 -3.497 -3.247
-7.101 -6.680 -6.608 -6.565 -6.511 -6.804 -7.282 -7.432 -7.450 -7.299 -7.337 -7.345 -7.274 -7.237 -7.138 -6.972 -7.051 -7.265 -7.545 -8.406 -9.500 -13.034 -15.962 -13.304 -11.509 -11.535 -11.601 -11.033 -10.933 -11.113 -10.747 -10.918 -10.373 -10.121 -11.637 -12.940 -13.275 -13.150 -13.477 -15.536 -14.998 -15.277 -15.478 -13.115 -10.985 -12.369 -12.656 -10.775 -9.692 -10.126 -11.068 -11.686 -11.368 -13.464 -14.464 -13.825 -13.673 -12.205 -10.765 -9.909 -9.449 -9.324 -9.163 -8.729 -8.686 -8.254 -7.927 -7.265 -7.225 -7.023 -6.748
-9.736 -9.266 -8.604 -8.355 -8.122 -8.294 -9.125 -9.289 -9.127 -9.072 -9.127 -9.043 -8.920 -9.482 -10.938 -10.228 -9.571 -12.813 -17.944 -20.587 -22.177 -25.342 -27.533 -26.747 -25.840 -24.435 -22.629 -19.140 -16.754 -14.837 -12.853 -12.169 -15.111 -19.192 -21.805 -23.749 -24.771 -26.039 -27.167 -27.728 -27.391 -27.401 -28.019 -27.528 -25.812 -23.991 -22.750 -22.019 -21.927 -23.038 -24.774 -25.617 -25.885 -26.995 -28.591 -29.038 -28.183 -25.630 -22.368 -19.706 -18.598 -17.224 -16.663 -15.286 -13.562 -11.967 -11.804 -11.020 -10.528 -10.174 -10.128
