data-raw/tempfiles/08_grid_data_8000BP.asc
ncols 144
nrows 72
xllcorner -180
yllcorner -90
cellsize 2.5
nodata_value -9999
[rows 32 to 63 of 72, columns 0 to 70 of 144]
27.016 26.737 26.716 26.684 26.619 26.542 26.529 26.460 26.416 26.298 26.213 26.143 26.082 26.008 25.941 25.874 25.845 25.796 25.748 25.743 25.780 25.790 25.816 25.897 25.989 26.049 26.106 26.154 26.266 26.380 26.387 26.407 26.449 26.546 26.667 26.644 26.662 26.729 25.545 25.726 25.979 25.818 26.116 24.727 27.068 27.756 27.142 26.133 26.214 26.342 26.380 26.382 26.379 26.218 26.131 25.942 25.862 25.644 25.620 25.579 25.597 25.679 25.712 25.707 26.007 26.607 26.811 25.425 24.578 25.549 26.258
27.153 26.929 26.865 26.823 26.761 26.695 26.648 26.641 26.678 26.593 26.441 26.348 26.282 26.194 26.138 26.095 26.088 26.032 25.959 25.902 25.903 25.869 25.794 25.789 25.794 25.787 25.776 25.765 25.773 25.748 25.734 25.761 25.817 25.886 25.908 25.965 26.108 26.309 26.495 26.466 25.703 22.867 21.680 25.015 26.729 23.600 24.735 24.070 25.043 26.221 26.384 26.556 26.613 26.541 26.486 26.353 26.251 26.034 25.953 26.003 26.107 26.193 26.205 26.191 26.407 26.863 27.456 26.591 25.374 25.535 25.945
27.116 27.041 26.987 27.003 26.920 26.846 26.873 26.921 27.006 26.964 26.689 26.472 26.444 26.351 26.199 26.264 26.213 26.068 26.065 25.973 25.797 25.767 25.664 25.531 25.481 25.355 25.235 25.214 25.107 25.019 25.000 24.997 25.076 25.187 25.265 25.378 25.551 25.599 25.702 25.759 25.461 22.383 23.512 26.167 25.656 23.494 23.658 25.794 25.481 25.640 25.878 26.077 26.690 26.655 26.757 26.689 26.460 26.236 26.119 26.237 26.393 26.394 26.312 26.181 26.222 26.402 26.799 26.879 26.652 26.460 26.637
27.110 27.136 27.088 27.033 26.935 26.820 26.771 26.865 26.962 26.839 26.534 26.306 26.148 26.070 25.988 25.984 25.937 25.765 25.667 25.603 25.430 25.273 25.135 24.985 24.803 24.655 24.460 24.357 24.247 24.075 23.968 23.946 23.964 23.920 23.979 24.135 24.343 24.414 24.686 24.902 22.620 22.216 25.120 25.526 25.652 25.192 25.382 26.096 25.129 25.470 25.824 25.785 26.580 26.795 26.963 26.863 26.694 26.493 26.357 26.400 26.394 26.306 26.152 25.968 25.833 25.858 26.094 26.272 26.416 26.407 26.436
27.294 27.242 27.246 27.208 27.089 26.957 26.872 26.889 26.899 26.782 26.583 26.416 26.265 26.164 26.139 26.095 25.984 25.871 25.782 25.681 25.590 25.433 25.236 25.025 24.821 24.619 24.433 24.308 24.194 24.049 23.893 23.740 23.648 23.507 23.458 23.424 23.627 23.482 23.518 23.724 19.233 25.539 26.286 26.125 26.031 25.834 25.726 26.317 25.725 25.220 25.666 26.376 26.613 26.651 26.954 27.038 26.894 26.730 26.550 26.510 26.440 26.304 26.121 25.894 25.694 25.634 25.652 25.738 25.892 25.953 25.877
27.565 27.413 27.518 27.464 27.305 27.201 27.105 27.080 27.063 26.883 26.741 26.660 26.518 26.472 26.522 26.356 26.227 26.182 26.069 25.988 25.965 25.793 25.676 25.546 25.290 25.130 25.003 24.744 24.607 24.573 24.353 24.225 24.116 23.885 23.792 23.706 23.632 23.352 22.869 23.307 21.410 25.492 26.416 26.354 25.861 24.719 25.549 26.337 26.868 25.423 24.993 25.598 26.240 25.897 27.785 27.893 27.464 27.198 26.783 26.663 26.606 26.423 26.220 25.997 25.820 25.745 25.680 25.653 25.689 25.733 25.638
27.733 27.510 27.722 27.761 27.525 27.365 27.359 27.307 27.231 27.088 26.974 26.905 26.861 26.807 26.744 26.571 26.446 26.331 26.275 26.202 26.112 26.027 25.891 25.781 25.651 25.464 25.308 25.114 24.970 24.834 24.647 24.455 24.305 24.131 23.943 23.771 23.637 23.420 22.884 23.011 20.215 23.937 25.799 26.527 26.252 24.996 25.362 25.640 26.264 25.223 24.451 24.911 26.054 26.465 27.187 27.550 28.001 26.900 26.742 26.757 26.657 26.438 26.213 26.001 25.821 25.716 25.560 25.310 25.178 25.166 25.102
27.815 27.617 27.899 27.979 27.724 27.577 27.572 27.557 27.420 27.175 27.022 26.965 26.971 26.970 26.856 26.661 26.512 26.410 26.352 26.247 26.129 25.977 25.811 25.672 25.553 25.407 25.275 25.116 24.898 24.685 24.480 24.265 24.020 23.763 23.470 23.234 23.121 23.025 22.574 21.767 19.066 19.372 25.142 24.771 25.447 25.271 25.149 25.406 25.514 25.110 24.968 25.438 26.628 26.634 27.244 26.999 26.313 24.744 26.609 26.650 26.516 26.273 25.981 25.729 25.501 25.290 25.040 24.664 24.306 24.278 24.294
27.620 27.399 27.635 27.787 27.631 27.574 27.545 27.458 27.305 27.091 26.970 26.964 27.040 27.043 26.898 26.736 26.565 26.392 26.317 26.157 25.985 25.835 25.657 25.474 25.377 25.223 25.056 24.930 24.662 24.410 24.195 23.881 23.507 23.197 22.844 22.584 22.396 22.238 21.942 21.592 20.633 14.253 21.004 24.350 25.042 25.668 25.047 25.255 25.202 25.638 25.796 26.288 26.511 25.293 26.377 24.876 25.223 25.986 26.526 26.339 26.100 25.845 25.529 25.229 24.911 24.626 24.360 24.015 23.718 23.431 23.341
27.173 26.984 27.119 27.133 27.130 27.105 27.097 27.045 26.926 26.800 26.808 26.888 26.963 26.964 26.834 26.677 26.504 26.250 26.023 25.871 25.728 25.539 25.378 25.217 25.033 24.853 24.649 24.441 24.238 23.991 23.699 23.408 23.019 22.644 22.224 21.710 21.362 21.258 21.281 21.090 20.593 18.206 11.645 12.302 21.410 25.514 25.124 24.965 24.679 25.771 25.888 26.545 25.523 24.668 25.676 23.995 25.437 26.428 26.292 25.929 25.590 25.295 24.944 24.592 24.262 24.082 23.873 23.544 23.157 22.838 22.640
26.520 26.416 26.483 26.395 26.307 26.347 26.438 26.494 26.431 26.392 26.468 26.572 26.612 26.588 26.504 26.397 26.214 25.905 25.670 25.500 25.371 25.183 25.004 24.800 24.636 24.441 24.231 24.008 23.752 23.520 23.281 22.951 22.452 21.951 21.653 21.070 20.919 20.807 20.590 20.397 20.117 20.231 17.902 11.393 11.061 20.376 24.407 24.576 25.503 26.299 25.494 25.575 24.248 24.348 24.661 24.557 25.771 26.230 26.000 25.603 25.265 24.914 24.510 24.101 23.729 23.669 23.525 23.161 22.844 22.472 22.191
25.512 25.399 25.425 25.348 25.246 25.322 25.513 25.616 25.607 25.591 25.610 25.619 25.647 25.719 25.725 25.767 25.673 25.376 25.104 24.919 24.808 24.668 24.494 24.343 24.175 23.975 23.788 23.565 23.326 23.103 22.584 22.103 21.573 21.637 21.527 21.172 20.722 20.556 20.198 20.009 19.747 19.684 19.696 19.225 9.827 11.888 20.932 24.745 25.464 25.859 24.915 24.563 24.329 23.681 23.568 25.120 25.834 25.795 25.544 25.237 24.938 24.616 24.217 23.797 23.402 23.357 23.308 22.894 22.622 22.321 22.035
24.264 24.088 24.023 23.962 23.952 24.074 24.207 24.266 24.304 24.322 24.339 24.330 24.423 24.557 24.670 24.781 24.771 24.519 24.238 24.092 24.017 23.969 23.850 23.702 23.539 23.372 23.218 23.039 22.836 22.564 21.850 21.422 21.299 21.409 21.211 20.910 20.560 20.293 19.933 19.545 19.250 19.086 18.716 19.054 11.839 8.281 20.189 24.678 25.214 24.023 24.469 24.568 23.595 22.216 22.483 24.667 25.326 25.182 24.848 24.617 24.385 24.109 23.827 23.521 23.104 23.029 22.940 22.661 22.427 22.163 21.784
22.826 22.696 22.624 22.593 22.602 22.654 22.706 22.715 22.780 22.860 22.869 22.926 23.067 23.199 23.290 23.405 23.398 23.262 23.122 23.020 22.986 22.983 22.931 22.819 22.661 22.557 22.460 22.429 22.253 21.705 21.231 21.000 21.031 20.957 20.747 20.461 20.197 19.977 19.626 19.236 18.891 18.576 18.139 18.710 11.124 7.332 21.880 24.107 23.930 23.477 23.291 22.049 21.537 22.584 23.988 24.509 24.400 24.145 23.833 23.666 23.579 23.406 23.208 23.028 22.781 22.608 22.550 22.310 22.106 21.893 21.504
21.294 21.227 21.200 21.215 21.213 21.202 21.217 21.191 21.213 21.289 21.371 21.444 21.565 21.660 21.726 21.829 21.833 21.773 21.782 21.756 21.751 21.769 21.747 21.678 21.624 21.546 21.645 21.663 21.299 20.626 20.839 20.584 20.489 20.269 20.078 19.808 19.625 19.398 19.111 18.648 18.423 17.998 17.550 18.182 5.987 11.138 22.063 22.873 22.751 22.425 21.642 19.636 21.522 22.773 23.240 23.207 22.929 22.705 22.523 22.432 22.414 22.333 22.187 22.089 21.975 21.781 21.699 21.561 21.362 21.164 20.859
19.879 19.860 19.868 19.852 19.781 19.773 19.751 19.725 19.747 19.773 19.839 19.894 19.979 20.040 20.100 20.190 20.202 20.242 20.279 20.277 20.314 20.313 20.294 20.302 20.310 20.332 20.641 20.567 19.921 19.775 19.787 19.676 19.493 19.222 19.129 18.903 18.785 18.561 18.247 17.845 17.725 17.345 16.921 16.229 8.432 18.543 21.567 21.417 21.079 21.339 20.450 19.746 21.010 21.939 21.980 21.664 21.416 21.262 21.123 21.065 21.001 20.951 20.864 20.779 20.726 20.609 20.486 20.386 20.357 20.291 20.031
18.654 18.609 18.586 18.502 18.417 18.342 18.270 18.246 18.265 18.301 18.320 18.345 18.401 18.467 18.512 18.567 18.597 18.653 18.738 18.758 18.754 18.742 18.715 18.694 18.714 18.936 19.346 19.040 18.705 18.663 18.519 18.383 18.280 18.102 17.996 17.803 17.713 17.560 17.352 17.130 16.943 16.533 16.058 13.402 13.298 19.912 19.317 19.950 19.905 19.475 19.327 20.388 20.507 20.693 20.464 20.113 19.873 19.703 19.598 19.570 19.478 19.387 19.329 19.295 19.237 19.144 19.113 19.010 18.815 18.572 18.661
17.371 17.372 17.285 17.154 17.011 16.909 16.842 16.776 16.745 16.779 16.778 16.754 16.764 16.808 16.834 16.924 16.953 17.009 17.067 17.056 17.009 17.014 16.941 16.910 17.058 17.310 17.535 17.145 16.690 16.800 16.861 16.822 16.847 16.696 16.630 16.558 16.487 16.410 16.304 16.131 15.916 15.557 15.077 12.857 13.037 18.050 18.504 18.143 18.301 17.958 18.343 18.635 19.100 19.057 18.866 18.642 18.393 18.178 17.985 17.846 17.741 17.621 17.510 17.502 17.432 17.316 17.365 17.231 17.114 16.883 16.747
16.101 16.076 15.939 15.814 15.651 15.525 15.416 15.341 15.308 15.298 15.266 15.246 15.188 15.209 15.266 15.345 15.378 15.401 15.429 15.428 15.395 15.334 15.233 15.377 15.189 15.460 15.313 15.157 14.998 14.679 14.923 15.122 15.143 15.190 15.051 15.082 15.180 15.173 15.052 14.900 14.798 14.358 13.985 11.635 13.916 17.563 16.903 15.954 16.576 16.443 16.651 17.127 17.582 17.418 17.200 17.055 16.855 16.576 16.331 16.092 15.891 15.735 15.635 15.562 15.505 15.409 15.328 15.157 15.009 14.889 14.804
14.911 14.944 14.703 14.538 14.326 14.183 14.065 13.984 13.940 13.891 13.861 13.812 13.759 13.722 13.715 13.770 13.831 13.867 13.901 13.907 13.849 13.768 13.766 13.745 13.350 13.340 13.387 13.302 13.183 12.721 13.230 13.434 13.469 13.515 13.510 13.601 13.691 13.803 13.842 13.777 13.690 13.495 12.765 10.126 15.381 16.830 16.167 15.346 14.760 14.079 14.632 15.544 15.713 15.447 15.218 15.092 14.914 14.692 14.497 14.283 14.031 13.858 13.723 13.620 13.505 13.397 13.303 13.159 12.941 12.691 12.476
13.488 13.542 13.327 13.150 12.943 12.775 12.658 12.554 12.495 12.434 12.366 12.318 12.254 12.212 12.178 12.173 12.217 12.257 12.257 12.271 12.210 12.116 12.031 11.824 11.783 11.661 11.836 11.541 11.576 11.444 11.803 11.861 11.850 11.852 11.841 11.969 12.045 12.206 12.391 12.441 12.403 12.363 11.541 9.143 11.429 14.567 15.355 14.075 12.498 12.021 12.667 13.597 13.529 13.108 12.843 12.642 12.472 12.329 12.230 12.127 12.000 11.861 11.779 11.618 11.472 11.324 11.270 11.196 10.893 10.512 10.262
11.877 12.078 12.018 11.878 11.698 11.497 11.378 11.267 11.186 11.119 11.051 10.938 10.849 10.780 10.742 10.690 10.670 10.663 10.643 10.648 10.608 10.563 10.510 10.265 10.190 10.172 10.028 9.978 10.088 10.283 10.417 10.431 10.334 10.249 10.264 10.346 10.479 10.657 10.883 10.976 11.106 11.185 9.960 7.983 11.813 13.937 12.973 11.642 10.607 10.548 11.242 11.642 11.408 10.924 10.577 10.347 10.139 9.932 9.816 9.698 9.606 9.567 9.558 9.529 9.418 9.181 9.047 8.973 8.822 8.583 8.568
10.244 10.560 10.669 10.636 10.515 10.355 10.237 10.110 9.996 9.882 9.771 9.644 9.539 9.451 9.372 9.289 9.249 9.202 9.165 9.147 9.161 9.133 9.102 8.868 8.939 8.694 8.551 8.710 8.955 9.034 8.974 8.892 8.801 8.814 8.884 8.901 8.992 9.163 9.323 9.460 9.649 9.657 6.496 6.600 10.954 11.801 10.898 9.934 9.122 9.025 9.433 9.595 9.403 9.005 8.751 8.547 8.241 7.911 7.633 7.376 7.217 7.182 7.229 7.320 7.301 7.056 6.800 6.638 6.535 6.527 6.597
9.081 9.336 9.510 9.499 9.386 9.284 9.175 9.080 8.950 8.817 8.705 8.592 8.455 8.327 8.195 8.109 8.069 8.012 7.963 7.945 7.905 7.812 7.765 7.395 7.322 7.263 7.380 7.650 7.632 7.606 7.520 7.479 7.477 7.495 7.585 7.606 7.611 7.756 7.968 8.165 8.320 8.019 3.475 5.984 9.920 10.373 9.313 8.610 7.895 7.563 7.458 7.248 7.063 6.784 6.523 6.330 6.008 5.687 5.432 5.202 5.000 4.985 5.048 5.199 5.276 5.169 4.909 4.649 4.442 4.392 4.518
7.956 8.091 8.170 8.105 7.987 7.927 7.855 7.787 7.711 7.605 7.472 7.341 7.216 7.097 7.028 6.965 6.893 6.833 6.800 6.775 6.725 6.370 6.135 6.143 5.921 5.777 6.187 6.333 6.280 6.285 6.223 6.238 6.295 6.290 6.289 6.350 6.433 6.555 6.722 6.871 6.997 7.121 4.648 6.427 8.101 7.861 7.511 7.182 6.856 6.078 5.448 5.032 4.723 4.351 3.948 3.647 3.411 3.254 3.098 2.963 2.910 2.955 3.083 3.285 3.339 3.306 3.120 2.841 2.554 2.462 2.447
6.788 6.804 6.779 6.675 6.507 6.392 6.317 6.211 6.119 5.978 5.786 5.600 5.426 5.370 5.403 5.406 5.382 5.342 5.304 5.313 5.215 5.089 5.103 4.885 4.757 4.906 5.039 5.076 5.107 5.135 5.143 5.134 5.019 5.045 5.082 5.132 5.211 5.278 5.355 5.345 5.581 5.925 5.569 4.976 5.367 5.997 5.870 5.597 5.374 4.736 4.036 3.531 3.038 2.552 2.083 1.781 1.606 1.408 1.356 1.117 1.028 1.110 1.271 1.455 1.532 1.551 1.425 1.254 0.950 0.775 0.644
5.465 5.299 5.157 4.970 4.796 4.614 4.473 4.303 4.064 3.853 3.571 3.263 3.013 2.946 3.042 3.201 3.317 3.337 3.245 3.176 3.180 3.252 3.384 3.477 3.485 3.550 3.611 3.674 3.727 3.751 3.761 3.741 3.666 3.620 3.642 3.651 3.677 3.725 3.763 3.844 4.066 4.405 4.549 4.624 4.552 4.346 3.744 3.222 2.867 2.456 1.971 1.538 1.066 0.672 0.334 0.154 0.100 -0.000 -0.225 -0.556 -0.803 -0.848 -0.540 -0.296 -0.249 -0.302 -0.430 -0.619 -0.840 -1.052 -1.256
3.580 3.170 3.075 2.941 2.736 2.560 2.396 2.107 1.850 1.530 1.207 0.926 0.652 0.558 0.631 0.757 0.817 0.787 0.822 0.889 1.083 1.253 1.518 1.649 1.698 1.776 1.864 1.986 1.985 1.987 1.996 1.999 1.957 1.984 2.006 2.007 2.061 2.157 2.263 2.363 2.503 2.524 2.622 2.646 2.385 2.028 1.301 0.805 0.318 -0.134 -0.634 -1.092 -1.569 -1.824 -2.124 -2.276 -2.355 -2.501 -2.691 -2.856 -3.040 -3.014 -2.528 -2.353 -2.467 -2.669 -2.887 -3.022 -3.065 -3.078 -3.023
1.424 0.935 0.797 0.604 0.390 0.197 -0.033 -0.333 -0.575 -0.751 -1.257 -1.455 -1.812 -1.995 -2.080 -2.160 -1.868 -1.440 -1.207 -1.075 -0.909 -0.707 -0.392 -0.168 -0.053 0.090 0.151 0.165 0.075 0.083 0.078 0.057 0.082 0.118 0.102 0.161 0.253 0.394 0.542 0.611 0.659 0.459 0.324 0.113 -0.337 -0.796 -1.195 -1.638 -2.309 -2.960 -3.665 -4.322 -5.057 -5.531 -5.611 -4.984 -4.936 -4.890 -4.876 -4.915 -4.978 -4.880 -4.666 -4.610 -4.653 -4.768 -4.780 -4.731 -4.687 -4.559 -4.391
-1.759 -2.160 -2.388 -2.514 -2.787 -3.049 -3.330 -3.668 -3.758 -3.843 -4.053 -4.252 -4.435 -4.457 -4.356 -4.138 -3.899 -3.719 -3.500 -3.322 -3.139 -2.728 -2.321 -2.134 -1.984 -1.888 -1.878 -1.900 -1.900 -1.900 -1.874 -1.813 -1.754 -1.739 -1.767 -1.723 -1.610 -1.528 -1.486 -1.504 -1.594 -1.798 -1.946 -2.347 -2.708 -3.158 -4.091 -6.208 -6.742 -6.396 -6.672 -7.359 -8.089 -8.612 -8.315 -7.192 -6.574 -6.486 -6.384 -6.331 -6.376 -6.358 -6.321 -6.516 -6.706 -6.607 -6.335 -6.211 -6.108 -5.959 -5.653
-6.061 -6.013 -6.116 -6.181 -6.321 -6.443 -6.546 -6.666 -6.707 -6.682 -6.772 -6.796 -6.700 -6.553 -6.399 -6.317 -6.288 -6.098 -5.817 -5.638 -5.501 -5.389 -5.334 -5.251 -5.051 -4.824 -4.736 -4.725 -4.685 -4.510 -4.311 -4.163 -4.036 -4.032 -4.079 -4.111 -4.129 -4.103 -4.172 -4.184 -4.318 -4.423 -4.443 -4.644 -5.233 -8.718 -10.110 -9.761 -8.130 -8.873 -9.366 -9.804 -10.004 -10.244 -10.176 -9.696 -9.084 -8.828 -8.285 -8.020 -8.034 -8.000 -8.011 -8.272 -8.411 -8.489 -8.167 -7.994 -7.893 -7.628 -7.358
-9.956 -9.371 -9.245 -9.139 -9.111 -9.020 -9.010 -9.063 -9.046 -9.029 -9.028 -8.963 -8.846 -8.748 -8.602 -8.460 -8.269 -8.074 -7.948 -7.965 -8.024 -8.076 -8.054 -7.948 -7.688 -7.465 -7.434 -7.502 -7.420 -7.226 -7.016 -6.815 -6.635 -6.617 -6.651 -6.781 -6.838 -6.939 -7.021 -6.921 -6.855 -7.038 -7.247 -8.305 -8.849 -12.617 -13.713 -12.438 -10.972 -11.025 -11.186 -11.327 -11.657 -11.974 -12.018 -12.044 -11.990 -11.748 -11.142 -10.865 -10.702 -10.454 -10.226 -10.146 -10.070 -10.123 -10.116 -10.089 -9.991 -9.981 -9.733
