data-raw/tempfiles/09_grid_data_9000BP.asc
ncols 144
nrows 72
xllcorner -180
yllcorner -90
cellsize 2.5
nodata_value -9999
[rows 32 to 63 of 72, columns 0 to 70 of 144]
27.037 26.760 26.740 26.707 26.642 26.566 26.555 26.489 26.449 26.334 26.252 26.184 26.125 26.050 25.979 25.906 25.868 25.811 25.758 25.745 25.776 25.782 25.802 25.878 25.966 26.022 26.085 26.142 26.270 26.397 26.421 26.458 26.522 26.637 26.774 26.757 26.781 26.854 25.618 25.756 25.971 25.724 25.987 24.687 27.057 27.746 27.187 26.297 26.491 26.637 26.666 26.645 26.603 26.408 26.297 26.091 26.001 25.779 25.754 25.711 25.721 25.790 25.805 25.776 26.047 26.609 26.805 25.426 24.550 25.536 26.320
27.185 26.964 26.900 26.856 26.791 26.725 26.678 26.674 26.716 26.635 26.487 26.398 26.334 26.244 26.183 26.132 26.113 26.047 25.965 25.902 25.898 25.859 25.785 25.782 25.793 25.794 25.787 25.778 25.789 25.769 25.769 25.817 25.900 25.990 26.026 26.087 26.225 26.410 26.551 26.466 25.633 22.631 21.274 24.507 26.278 23.118 24.197 23.791 25.050 26.454 26.594 26.749 26.772 26.668 26.590 26.448 26.340 26.122 26.044 26.098 26.196 26.270 26.268 26.236 26.427 26.848 27.416 26.546 25.348 25.516 25.946
27.178 27.104 27.046 27.058 26.972 26.896 26.917 26.966 27.051 27.010 26.737 26.522 26.496 26.403 26.248 26.303 26.239 26.082 26.067 25.968 25.784 25.745 25.640 25.512 25.474 25.362 25.253 25.234 25.128 25.050 25.040 25.056 25.153 25.284 25.377 25.494 25.658 25.684 25.742 25.750 25.401 22.234 23.093 25.530 25.021 22.879 22.970 25.119 25.211 25.726 25.929 26.180 26.803 26.743 26.819 26.740 26.507 26.286 26.175 26.297 26.445 26.433 26.338 26.198 26.224 26.381 26.752 26.819 26.598 26.418 26.600
27.204 27.222 27.170 27.112 27.009 26.888 26.831 26.918 27.010 26.883 26.576 26.346 26.188 26.110 26.024 26.010 25.949 25.760 25.649 25.577 25.394 25.229 25.082 24.933 24.760 24.628 24.445 24.348 24.241 24.081 23.989 23.982 24.013 23.988 24.062 24.226 24.428 24.480 24.718 24.907 22.604 22.215 24.956 25.045 25.143 24.622 24.802 25.393 24.631 25.460 25.816 25.771 26.676 26.868 27.005 26.884 26.707 26.508 26.382 26.429 26.415 26.308 26.140 25.948 25.810 25.821 26.041 26.208 26.350 26.343 26.373
27.401 27.338 27.338 27.296 27.172 27.027 26.930 26.934 26.935 26.811 26.606 26.433 26.278 26.173 26.141 26.083 25.952 25.818 25.712 25.601 25.505 25.343 25.141 24.926 24.726 24.532 24.346 24.221 24.107 23.977 23.836 23.697 23.621 23.501 23.481 23.464 23.668 23.514 23.539 23.743 19.269 25.718 26.420 26.031 25.987 25.665 25.266 25.765 25.320 25.217 25.791 26.527 26.787 26.741 26.992 27.046 26.884 26.716 26.541 26.506 26.430 26.276 26.079 25.842 25.636 25.565 25.573 25.654 25.811 25.876 25.805
27.652 27.491 27.595 27.540 27.375 27.259 27.153 27.115 27.090 26.901 26.751 26.663 26.513 26.461 26.501 26.322 26.174 26.109 25.977 25.884 25.855 25.677 25.558 25.424 25.166 25.009 24.876 24.609 24.469 24.443 24.234 24.117 24.019 23.807 23.741 23.665 23.593 23.310 22.839 23.316 21.451 25.564 26.653 26.520 25.890 24.853 25.472 26.147 26.677 25.508 25.250 25.898 26.552 26.132 27.918 27.997 27.465 27.176 26.761 26.641 26.584 26.390 26.176 25.936 25.748 25.654 25.578 25.547 25.583 25.631 25.541
27.791 27.565 27.778 27.816 27.576 27.408 27.393 27.331 27.247 27.096 26.974 26.897 26.843 26.780 26.707 26.524 26.385 26.255 26.183 26.096 25.998 25.906 25.765 25.649 25.517 25.327 25.164 24.959 24.806 24.675 24.493 24.303 24.156 23.992 23.821 23.652 23.515 23.293 22.784 22.961 20.243 23.949 25.871 26.792 26.438 25.185 25.639 25.784 26.370 25.410 24.753 25.279 26.433 26.750 27.328 27.671 28.070 26.880 26.710 26.724 26.626 26.406 26.173 25.946 25.744 25.614 25.440 25.180 25.044 25.032 24.969
27.858 27.659 27.943 28.021 27.762 27.611 27.601 27.579 27.431 27.176 27.011 26.944 26.939 26.928 26.804 26.602 26.449 26.342 26.274 26.158 26.028 25.866 25.690 25.540 25.415 25.265 25.126 24.958 24.731 24.519 24.316 24.099 23.847 23.588 23.296 23.051 22.928 22.829 22.420 21.673 19.043 19.380 25.164 24.857 25.745 25.716 25.706 25.720 25.719 25.337 25.218 25.711 26.887 26.840 27.257 26.761 26.350 24.800 26.548 26.594 26.470 26.233 25.936 25.670 25.421 25.182 24.908 24.513 24.143 24.108 24.117
27.663 27.441 27.674 27.822 27.663 27.602 27.569 27.475 27.309 27.083 26.951 26.936 27.002 26.992 26.836 26.668 26.494 26.318 26.237 26.068 25.888 25.727 25.537 25.340 25.233 25.072 24.900 24.764 24.487 24.237 24.024 23.708 23.324 23.005 22.646 22.377 22.174 22.012 21.754 21.465 20.582 14.262 21.030 24.389 25.164 26.036 25.585 25.593 25.388 25.792 25.949 26.444 26.643 25.378 26.423 24.729 25.085 25.977 26.441 26.244 26.016 25.767 25.444 25.134 24.799 24.493 24.203 23.835 23.520 23.223 23.123
27.220 27.027 27.158 27.167 27.159 27.129 27.116 27.059 26.927 26.790 26.787 26.860 26.926 26.915 26.772 26.606 26.428 26.169 25.935 25.774 25.625 25.427 25.255 25.079 24.880 24.691 24.480 24.263 24.050 23.803 23.515 23.226 22.828 22.445 22.018 21.498 21.139 21.027 21.072 20.930 20.509 18.192 11.677 12.343 21.461 25.650 25.483 25.213 24.810 25.856 25.934 26.567 25.529 24.630 25.635 23.978 25.355 26.331 26.164 25.795 25.458 25.165 24.803 24.441 24.102 23.911 23.687 23.337 22.930 22.597 22.389
26.562 26.456 26.522 26.429 26.335 26.370 26.457 26.507 26.434 26.385 26.454 26.554 26.587 26.552 26.455 26.336 26.142 25.822 25.576 25.395 25.261 25.065 24.875 24.654 24.474 24.267 24.048 23.814 23.546 23.311 23.075 22.751 22.248 21.744 21.446 20.868 20.712 20.588 20.368 20.203 19.978 20.160 17.890 11.422 11.116 20.445 24.502 24.700 25.628 26.435 25.515 25.515 24.157 24.217 24.525 24.481 25.664 26.091 25.842 25.435 25.093 24.735 24.315 23.892 23.512 23.457 23.309 22.934 22.602 22.217 21.925
25.534 25.423 25.454 25.377 25.272 25.346 25.535 25.634 25.620 25.595 25.607 25.609 25.630 25.693 25.690 25.721 25.619 25.310 25.025 24.827 24.704 24.552 24.363 24.194 24.013 23.802 23.611 23.378 23.126 22.896 22.377 21.899 21.365 21.428 21.323 20.982 20.536 20.361 19.990 19.810 19.584 19.583 19.650 19.223 9.836 11.915 20.953 24.781 25.536 25.986 24.913 24.424 24.140 23.736 23.525 25.046 25.720 25.651 25.384 25.071 24.768 24.437 24.016 23.576 23.170 23.131 23.083 22.665 22.384 22.073 21.778
24.264 24.096 24.039 23.983 23.973 24.097 24.231 24.290 24.326 24.337 24.347 24.330 24.415 24.539 24.644 24.748 24.733 24.474 24.184 24.025 23.938 23.875 23.736 23.570 23.395 23.222 23.065 22.877 22.661 22.380 21.663 21.234 21.104 21.210 21.017 20.736 20.399 20.130 19.759 19.371 19.096 18.979 18.650 19.029 11.837 8.249 20.159 24.625 25.164 24.052 24.441 24.440 23.345 22.211 22.610 24.627 25.233 25.059 24.714 24.481 24.246 23.964 23.657 23.325 22.890 22.813 22.722 22.438 22.196 21.930 21.551
22.814 22.693 22.630 22.605 22.618 22.675 22.731 22.744 22.808 22.882 22.883 22.932 23.065 23.189 23.272 23.381 23.370 23.232 23.090 22.984 22.942 22.926 22.857 22.730 22.562 22.455 22.354 22.312 22.120 21.563 21.085 20.851 20.869 20.786 20.575 20.308 20.059 19.850 19.496 19.110 18.779 18.493 18.077 18.659 11.152 7.329 21.771 23.953 23.741 23.256 23.151 21.929 21.401 22.452 23.916 24.438 24.324 24.061 23.746 23.584 23.496 23.316 23.093 22.887 22.616 22.428 22.353 22.095 21.878 21.668 21.292
21.280 21.221 21.202 21.224 21.228 21.222 21.241 21.219 21.239 21.313 21.392 21.462 21.577 21.664 21.719 21.813 21.812 21.752 21.765 21.742 21.736 21.749 21.718 21.646 21.585 21.505 21.594 21.596 21.215 20.534 20.744 20.485 20.376 20.140 19.941 19.677 19.505 19.288 19.002 18.546 18.334 17.926 17.496 18.127 5.934 11.075 21.891 22.733 22.614 22.267 21.387 19.447 21.378 22.651 23.135 23.124 22.860 22.650 22.477 22.395 22.379 22.292 22.129 22.010 21.876 21.659 21.547 21.375 21.151 20.952 20.662
19.866 19.858 19.874 19.866 19.800 19.798 19.778 19.754 19.774 19.799 19.865 19.921 20.004 20.059 20.108 20.189 20.194 20.236 20.276 20.281 20.320 20.319 20.300 20.312 20.322 20.345 20.644 20.555 19.888 19.734 19.742 19.628 19.429 19.140 19.030 18.800 18.682 18.460 18.145 17.747 17.641 17.278 16.874 16.194 8.409 18.509 21.431 21.294 20.979 21.284 20.288 19.529 20.859 21.815 21.879 21.583 21.359 21.224 21.104 21.060 21.005 20.952 20.855 20.759 20.694 20.555 20.398 20.252 20.186 20.106 19.857
18.643 18.612 18.600 18.526 18.448 18.378 18.308 18.283 18.300 18.334 18.354 18.381 18.437 18.500 18.536 18.584 18.610 18.669 18.758 18.781 18.778 18.765 18.739 18.725 18.753 18.983 19.386 19.069 18.719 18.670 18.521 18.380 18.259 18.061 17.934 17.728 17.628 17.465 17.249 17.026 16.849 16.456 16.006 13.382 13.338 19.989 19.400 19.963 19.873 19.409 19.254 20.293 20.411 20.594 20.370 20.032 19.814 19.668 19.586 19.580 19.502 19.417 19.360 19.325 19.265 19.159 19.097 18.946 18.711 18.444 18.530
17.369 17.390 17.320 17.200 17.067 16.971 16.904 16.838 16.806 16.835 16.832 16.804 16.813 16.853 16.877 16.964 16.994 17.055 17.115 17.104 17.051 17.051 16.976 16.948 17.104 17.365 17.595 17.202 16.741 16.845 16.895 16.846 16.852 16.683 16.600 16.516 16.429 16.336 16.213 16.032 15.821 15.481 15.025 12.847 13.083 18.141 18.610 18.201 18.304 17.913 18.285 18.576 19.039 18.990 18.793 18.570 18.333 18.142 17.976 17.869 17.786 17.679 17.575 17.572 17.508 17.397 17.434 17.272 17.130 16.865 16.714
16.108 16.107 15.991 15.880 15.727 15.606 15.498 15.424 15.391 15.379 15.344 15.318 15.254 15.270 15.324 15.402 15.440 15.466 15.496 15.493 15.452 15.383 15.275 15.418 15.232 15.510 15.368 15.214 15.058 14.734 14.969 15.152 15.156 15.188 15.037 15.058 15.143 15.117 14.974 14.809 14.703 14.270 13.910 11.605 13.967 17.651 16.996 16.008 16.582 16.413 16.610 17.087 17.546 17.384 17.167 17.017 16.823 16.558 16.338 16.131 15.955 15.817 15.724 15.656 15.607 15.522 15.445 15.268 15.108 14.973 14.864
14.925 14.981 14.763 14.613 14.408 14.268 14.150 14.070 14.029 13.982 13.952 13.900 13.844 13.800 13.789 13.841 13.901 13.935 13.967 13.968 13.905 13.818 13.812 13.787 13.390 13.380 13.427 13.344 13.225 12.759 13.261 13.450 13.471 13.506 13.495 13.580 13.660 13.754 13.772 13.692 13.597 13.396 12.662 10.030 15.411 16.925 16.252 15.391 14.765 14.051 14.603 15.524 15.705 15.453 15.232 15.111 14.936 14.722 14.541 14.349 14.117 13.959 13.825 13.722 13.611 13.511 13.424 13.283 13.065 12.810 12.588
13.480 13.563 13.374 13.211 13.010 12.841 12.722 12.619 12.564 12.508 12.445 12.400 12.336 12.292 12.255 12.244 12.284 12.318 12.315 12.324 12.261 12.164 12.078 11.869 11.824 11.698 11.869 11.572 11.607 11.471 11.824 11.872 11.852 11.844 11.828 11.948 12.013 12.158 12.325 12.360 12.315 12.272 11.456 9.067 11.408 14.617 15.410 14.086 12.483 11.989 12.638 13.584 13.537 13.138 12.887 12.696 12.529 12.388 12.295 12.203 12.091 11.963 11.882 11.718 11.571 11.428 11.380 11.309 11.005 10.623 10.368
11.817 12.044 12.012 11.891 11.716 11.512 11.391 11.280 11.200 11.139 11.079 10.974 10.891 10.826 10.788 10.737 10.714 10.703 10.681 10.682 10.642 10.598 10.546 10.301 10.225 10.202 10.054 10.001 10.108 10.300 10.428 10.436 10.331 10.240 10.248 10.322 10.444 10.607 10.819 10.902 11.026 11.108 9.895 7.936 11.788 13.938 12.987 11.633 10.577 10.517 11.216 11.627 11.417 10.954 10.627 10.409 10.208 10.005 9.891 9.781 9.698 9.667 9.659 9.625 9.508 9.271 9.138 9.066 8.911 8.666 8.646
10.117 10.448 10.582 10.567 10.453 10.293 10.173 10.043 9.930 9.821 9.717 9.599 9.502 9.423 9.351 9.275 9.242 9.200 9.167 9.150 9.166 9.140 9.110 8.879 8.952 8.708 8.565 8.722 8.963 9.037 8.973 8.886 8.790 8.798 8.862 8.870 8.950 9.109 9.260 9.391 9.579 9.595 6.448 6.573 10.927 11.772 10.862 9.904 9.096 9.009 9.420 9.588 9.405 9.022 8.783 8.593 8.298 7.977 7.706 7.459 7.310 7.281 7.327 7.412 7.383 7.132 6.874 6.708 6.599 6.582 6.640
8.924 9.182 9.371 9.372 9.264 9.163 9.054 8.958 8.830 8.699 8.591 8.482 8.350 8.230 8.106 8.031 8.003 7.959 7.918 7.905 7.867 7.777 7.732 7.366 7.299 7.245 7.365 7.636 7.615 7.581 7.491 7.446 7.441 7.459 7.545 7.562 7.559 7.694 7.898 8.090 8.245 7.954 3.418 5.938 9.872 10.322 9.257 8.565 7.862 7.545 7.447 7.241 7.060 6.790 6.543 6.363 6.057 5.750 5.508 5.293 5.098 5.088 5.143 5.283 5.348 5.232 4.968 4.704 4.492 4.433 4.548
7.780 7.912 7.994 7.933 7.815 7.756 7.686 7.619 7.546 7.443 7.311 7.179 7.055 6.939 6.878 6.826 6.768 6.722 6.701 6.684 6.637 6.287 6.056 6.070 5.858 5.723 6.141 6.291 6.237 6.238 6.173 6.185 6.243 6.241 6.241 6.301 6.379 6.494 6.652 6.792 6.914 7.041 4.577 6.358 8.032 7.794 7.447 7.134 6.825 6.063 5.445 5.033 4.725 4.359 3.964 3.674 3.451 3.307 3.166 3.045 2.998 3.044 3.159 3.347 3.386 3.343 3.150 2.868 2.575 2.477 2.453
6.605 6.609 6.576 6.466 6.294 6.177 6.104 6.003 5.916 5.778 5.587 5.399 5.224 5.169 5.206 5.219 5.208 5.183 5.157 5.175 5.082 4.961 4.982 4.774 4.657 4.821 4.966 5.011 5.047 5.075 5.083 5.076 4.967 5.000 5.043 5.096 5.171 5.232 5.298 5.277 5.500 5.838 5.480 4.890 5.286 5.922 5.805 5.551 5.346 4.728 4.039 3.541 3.049 2.566 2.101 1.804 1.634 1.444 1.401 1.169 1.081 1.157 1.302 1.472 1.536 1.545 1.413 1.235 0.926 0.745 0.608
5.260 5.080 4.926 4.732 4.550 4.364 4.224 4.058 3.824 3.618 3.338 3.032 2.785 2.722 2.827 2.998 3.128 3.164 3.086 3.028 3.039 3.118 3.258 3.364 3.384 3.465 3.540 3.615 3.677 3.707 3.720 3.706 3.640 3.600 3.630 3.644 3.668 3.712 3.743 3.815 4.027 4.357 4.494 4.569 4.498 4.292 3.699 3.187 2.834 2.432 1.942 1.512 1.043 0.652 0.318 0.140 0.082 -0.021 -0.249 -0.582 -0.827 -0.878 -0.574 -0.338 -0.298 -0.356 -0.490 -0.684 -0.913 -1.129 -1.338
3.353 2.929 2.825 2.685 2.473 2.295 2.131 1.844 1.590 1.276 0.958 0.682 0.417 0.333 0.421 0.565 0.644 0.634 0.687 0.766 0.971 1.146 1.417 1.557 1.614 1.704 1.803 1.933 1.943 1.950 1.964 1.973 1.939 1.975 2.005 2.014 2.073 2.168 2.274 2.370 2.502 2.513 2.596 2.608 2.333 1.955 1.215 0.692 0.186 -0.275 -0.781 -1.228 -1.695 -1.938 -2.224 -2.369 -2.451 -2.600 -2.798 -2.968 -3.152 -3.130 -2.644 -2.470 -2.584 -2.787 -3.004 -3.140 -3.184 -3.197 -3.142
1.173 0.676 0.535 0.342 0.130 -0.061 -0.289 -0.587 -0.827 -0.999 -1.498 -1.687 -2.031 -2.197 -2.259 -2.315 -1.997 -1.543 -1.289 -1.140 -0.964 -0.758 -0.442 -0.218 -0.104 0.038 0.100 0.114 0.027 0.037 0.033 0.013 0.043 0.087 0.081 0.152 0.254 0.405 0.558 0.628 0.673 0.459 0.300 0.058 -0.427 -0.930 -1.382 -1.899 -2.630 -3.323 -4.029 -4.661 -5.355 -5.791 -5.841 -5.195 -5.136 -5.086 -5.073 -5.110 -5.173 -5.074 -4.861 -4.806 -4.850 -4.959 -4.966 -4.912 -4.861 -4.725 -4.546
-2.041 -2.446 -2.653 -2.766 -3.024 -3.274 -3.550 -3.883 -3.971 -4.051 -4.254 -4.438 -4.602 -4.601 -4.471 -4.224 -3.955 -3.744 -3.505 -3.312 -3.120 -2.710 -2.311 -2.142 -2.011 -1.935 -1.947 -1.982 -1.995 -1.997 -1.972 -1.913 -1.851 -1.828 -1.847 -1.788 -1.661 -1.570 -1.518 -1.536 -1.633 -1.857 -2.040 -2.492 -2.915 -3.434 -4.438 -6.642 -7.253 -6.968 -7.256 -7.904 -8.569 -9.018 -8.666 -7.502 -6.857 -6.753 -6.641 -6.575 -6.617 -6.598 -6.573 -6.774 -6.968 -6.862 -6.582 -6.453 -6.342 -6.181 -5.857
-6.326 -6.263 -6.340 -6.384 -6.498 -6.601 -6.692 -6.804 -6.836 -6.806 -6.885 -6.889 -6.771 -6.594 -6.404 -6.296 -6.238 -6.024 -5.737 -5.550 -5.416 -5.317 -5.280 -5.226 -5.056 -4.862 -4.800 -4.809 -4.790 -4.623 -4.437 -4.293 -4.162 -4.154 -4.192 -4.209 -4.219 -4.184 -4.250 -4.273 -4.422 -4.558 -4.616 -4.876 -5.535 -9.163 -10.655 -10.390 -8.801 -9.599 -10.094 -10.502 -10.625 -10.777 -10.627 -10.084 -9.426 -9.144 -8.582 -8.304 -8.316 -8.283 -8.310 -8.581 -8.728 -8.811 -8.477 -8.302 -8.208 -7.930 -7.642
-10.171 -9.552 -9.391 -9.256 -9.201 -9.091 -9.068 -9.111 -9.083 -9.056 -9.040 -8.954 -8.807 -8.673 -8.492 -8.322 -8.110 -7.909 -7.788 -7.821 -7.901 -7.978 -7.988 -7.921 -7.696 -7.505 -7.499 -7.587 -7.516 -7.339 -7.144 -6.956 -6.780 -6.758 -6.784 -6.906 -6.958 -7.057 -7.148 -7.067 -7.033 -7.262 -7.520 -8.628 -9.228 -13.127 -14.437 -13.243 -11.806 -11.841 -11.984 -12.088 -12.354 -12.585 -12.543 -12.489 -12.375 -12.095 -11.467 -11.177 -11.013 -10.776 -10.560 -10.489 -10.415 -10.478 -10.470 -10.436 -10.361 -10.354 -10.090
