data-raw/tempfiles/09_grid_data_9000BP.asc
ncols 144
nrows 72
xllcorner -180
yllcorner -90
cellsize 2.5
nodata_value -9999
[rows 0 to 31 of 72, columns 71 to 141 of 144]
-17.888 -17.964 -18.006 -18.097 -18.093 -18.137 -17.941 -17.837 -17.792 -17.887 -17.855 -17.889 -17.890 -17.849 -17.789 -17.845 -17.835 -17.856 -17.916 -17.938 -17.936 -17.993 -18.016 -18.067 -18.128 -18.124 -18.058 -18.085 -18.101 -18.134 -18.187 -18.159 -18.175 -18.200 -18.217 -18.223 -18.229 -18.193 -18.183 -18.054 -18.113 -18.176 -18.223 -18.221 -18.214 -18.215 -18.197 -18.162 -18.167 -18.156 -18.144 -18.131 -18.070 -18.027 -18.061 -18.030 -18.003 -18.024 -18.018 -18.012 -18.003 -17.976 -17.939 -17.926 -17.921 -17.904 -17.874 -17.841 -17.826 -17.808 -17.776
-17.157 -17.139 -17.097 -17.001 -16.919 -16.915 -16.900 -16.862 -16.890 -16.909 -16.894 -16.904 -16.885 -16.904 -16.914 -16.960 -16.994 -17.015 -17.047 -17.095 -17.106 -17.150 -17.220 -17.261 -17.301 -17.291 -17.271 -17.285 -17.294 -17.303 -17.321 -17.321 -17.336 -17.361 -17.390 -17.382 -17.385 -17.395 -17.410 -17.449 -17.493 -17.525 -17.548 -17.564 -17.579 -17.604 -17.593 -17.576 -17.594 -17.601 -17.599 -17.575 -17.586 -17.559 -17.530 -17.540 -17.522 -17.498 -17.465 -17.428 -17.406 -17.342 -17.279 -17.234 -17.222 -17.185 -17.152 -17.153 -17.147 -17.149 -17.145
-16.072 -15.984 -15.783 -15.665 -15.630 -15.572 -15.493 -15.480 -15.519 -15.605 -15.667 -15.711 -15.793 -15.909 -16.035 -16.182 -16.320 -16.422 -16.551 -16.668 -16.757 -16.824 -16.867 -16.883 -16.894 -16.891 -16.926 -16.954 -16.975 -16.996 -17.020 -17.043 -17.052 -17.050 -17.052 -17.042 -17.033 -17.042 -17.046 -17.067 -17.031 -17.022 -17.026 -17.031 -17.055 -17.084 -17.098 -17.119 -17.144 -17.182 -17.216 -17.238 -17.296 -17.281 -17.236 -17.219 -17.197 -17.143 -17.095 -17.053 -16.994 -16.912 -16.851 -16.767 -16.692 -16.586 -16.495 -16.392 -16.178 -16.128 -16.119
-13.586 -13.082 -12.572 -12.244 -12.202 -12.186 -12.399 -12.608 -13.115 -13.580 -14.088 -14.259 -14.497 -14.829 -15.125 -15.343 -15.564 -15.656 -15.696 -15.746 -15.794 -15.824 -15.828 -15.782 -15.751 -15.863 -16.020 -16.149 -16.284 -16.410 -16.451 -16.532 -16.570 -16.600 -16.654 -16.659 -16.840 -17.208 -18.674 -18.173 -16.816 -16.338 -16.334 -16.454 -16.512 -16.524 -16.550 -16.540 -16.549 -16.614 -16.668 -16.681 -16.751 -16.730 -16.694 -16.713 -16.689 -16.659 -16.628 -16.540 -16.424 -16.310 -16.177 -15.980 -15.749 -15.506 -15.390 -15.421 -15.527 -15.631 -15.678
-9.857 -8.756 -7.932 -7.537 -7.926 -9.464 -11.780 -13.689 -13.880 -13.200 -13.435 -13.277 -13.317 -13.566 -13.829 -14.005 -14.188 -14.250 -14.160 -14.038 -13.920 -13.796 -13.653 -13.499 -13.390 -13.340 -13.431 -13.554 -13.808 -14.059 -14.340 -14.681 -14.971 -15.272 -15.553 -15.799 -15.991 -16.295 -17.293 -18.088 -17.478 -18.093 -17.761 -16.247 -16.056 -16.291 -16.325 -16.311 -16.354 -16.389 -16.437 -16.461 -16.412 -16.404 -16.406 -16.432 -16.487 -16.526 -16.516 -16.490 -16.380 -16.280 -16.154 -15.954 -15.667 -15.328 -14.973 -14.820 -14.959 -15.012 -15.011
-7.640 -6.939 -6.451 -6.220 -6.227 -6.543 -7.240 -8.620 -9.563 -9.908 -9.983 -9.980 -9.931 -10.022 -10.302 -10.563 -10.701 -10.664 -10.504 -10.406 -10.429 -10.469 -10.395 -10.638 -11.187 -11.302 -11.434 -11.586 -11.527 -11.691 -12.159 -12.713 -13.216 -13.733 -14.097 -14.391 -14.808 -15.205 -15.840 -16.183 -16.507 -17.463 -18.141 -17.791 -18.117 -18.059 -16.510 -16.054 -16.194 -16.243 -16.180 -16.104 -16.090 -16.001 -15.895 -16.021 -16.932 -16.818 -16.600 -16.016 -15.992 -15.982 -15.800 -15.552 -15.159 -14.649 -13.901 -13.669 -13.734 -13.728 -13.590
-6.632 -6.074 -5.620 -5.363 -5.123 -5.046 -5.042 -5.034 -5.152 -5.153 -5.246 -5.165 -5.048 -5.137 -5.412 -5.829 -6.192 -6.349 -6.433 -6.687 -7.182 -8.000 -9.592 -11.133 -10.550 -10.192 -9.983 -10.038 -10.275 -10.703 -10.829 -11.295 -11.903 -13.130 -13.939 -14.259 -15.018 -15.505 -15.963 -16.129 -16.062 -15.918 -15.852 -15.916 -16.162 -16.327 -16.100 -16.307 -16.211 -15.879 -15.765 -15.855 -15.456 -15.183 -15.246 -15.254 -15.391 -15.630 -15.394 -15.097 -15.121 -15.087 -15.018 -14.918 -14.752 -14.542 -14.168 -13.621 -13.160 -12.824 -12.572
-3.967 -3.341 -2.877 -2.456 -2.002 -1.649 -1.293 -0.887 -0.739 -0.996 -1.614 -2.379 -2.802 -1.927 -1.867 -2.268 -2.655 -3.236 -4.015 -4.872 -5.832 -7.230 -9.232 -9.520 -9.374 -9.276 -9.273 -9.406 -10.863 -11.029 -10.108 -11.179 -12.140 -12.412 -12.556 -12.542 -12.659 -13.091 -13.513 -13.754 -13.950 -14.184 -14.541 -15.005 -15.261 -15.021 -14.717 -14.605 -14.649 -15.053 -15.405 -15.875 -15.476 -14.576 -15.124 -14.894 -14.632 -14.904 -14.565 -14.390 -14.390 -13.958 -13.700 -13.649 -13.576 -12.792 -12.595 -12.402 -11.909 -11.424 -11.233
-1.796 -1.177 -0.612 -0.075 0.476 0.932 0.917 -1.654 -4.517 -5.117 -4.583 -4.270 -4.159 -3.621 -3.069 -2.432 -1.677 -2.136 -3.561 -4.454 -5.476 -6.213 -6.969 -7.591 -8.080 -8.811 -9.247 -8.747 -8.978 -9.439 -8.557 -9.243 -9.756 -10.188 -10.255 -10.281 -10.975 -12.415 -13.897 -14.487 -14.231 -13.237 -12.740 -13.233 -13.780 -13.582 -12.887 -12.494 -12.824 -12.863 -12.761 -13.780 -14.980 -14.199 -14.212 -14.022 -14.943 -14.339 -12.891 -12.385 -12.480 -11.948 -11.229 -10.567 -10.433 -10.373 -10.925 -11.297 -10.697 -10.709 -11.641
-0.683 -0.006 0.560 1.023 1.499 1.355 -2.435 -4.465 -4.379 -3.251 -2.933 -3.306 -3.408 -3.023 -2.528 -2.308 -2.370 -2.597 -2.636 -3.025 -4.022 -4.483 -5.109 -5.352 -6.097 -6.871 -7.041 -6.963 -6.913 -7.092 -7.411 -7.964 -7.883 -7.624 -7.753 -7.630 -8.416 -9.506 -10.505 -11.602 -11.794 -11.395 -10.941 -10.947 -11.076 -11.215 -11.218 -10.942 -10.953 -10.938 -10.794 -12.425 -13.626 -12.845 -13.112 -13.072 -13.826 -13.331 -12.534 -12.133 -10.606 -9.434 -9.682 -9.311 -9.369 -9.356 -9.188 -9.486 -9.486 -8.999 -8.385
0.326 0.981 1.707 1.840 0.775 -1.401 -2.947 -2.289 -1.668 -0.785 -1.018 -1.536 -1.692 -1.543 -1.255 -1.370 -1.162 -1.299 -1.616 -2.089 -2.531 -2.824 -2.890 -3.200 -4.853 -4.549 -4.327 -4.532 -4.884 -5.357 -5.765 -5.970 -5.908 -5.581 -5.539 -5.735 -6.721 -7.729 -7.971 -8.347 -8.496 -8.561 -8.446 -8.462 -8.575 -8.825 -8.824 -8.502 -8.532 -8.552 -8.565 -9.121 -10.349 -11.056 -11.516 -11.674 -12.619 -12.418 -12.096 -11.694 -10.869 -9.932 -9.443 -9.011 -9.095 -8.062 -7.611 -7.263 -6.740 -6.491 -6.161
1.434 1.997 2.414 -1.706 -3.888 -2.091 -1.534 -0.160 1.197 0.752 0.146 0.363 0.418 0.553 0.330 -0.112 -0.524 -0.619 -0.707 -0.822 -1.039 -1.310 -1.432 -1.720 -2.780 -1.784 -1.834 -2.170 -2.634 -3.057 -3.569 -3.697 -3.718 -4.078 -4.367 -4.452 -4.457 -5.101 -5.885 -6.315 -6.200 -6.164 -6.349 -6.239 -6.187 -6.241 -5.919 -5.720 -5.945 -6.371 -6.648 -7.196 -7.868 -8.458 -9.032 -9.571 -10.181 -9.130 -8.625 -8.223 -8.222 -8.282 -8.055 -5.166 -2.752 -3.291 -3.435 -3.405 -3.679 -3.429 -0.973
3.001 3.161 3.389 1.036 0.969 2.112 1.462 1.981 2.842 2.798 2.536 2.012 2.183 1.865 1.194 0.803 0.666 0.376 0.266 0.238 -0.028 -0.458 -0.251 -0.230 -0.823 0.247 0.166 -0.397 -0.860 -1.337 -1.691 -2.018 -2.201 -2.413 -2.685 -2.782 -2.673 -2.848 -3.643 -3.939 -3.790 -3.798 -4.452 -4.784 -4.617 -4.930 -5.768 -6.206 -5.304 -5.464 -6.033 -6.681 -6.936 -7.066 -6.910 -7.175 -6.556 -3.026 -1.614 -1.491 -1.189 -1.419 -1.595 0.055 -0.930 -2.793 0.111 1.587 2.079 2.308 2.364
4.562 4.796 4.729 4.628 4.507 4.122 3.163 4.005 4.314 4.090 3.246 3.023 2.838 2.492 2.012 1.930 1.918 1.779 1.913 1.794 1.415 1.425 1.431 1.396 0.673 1.308 1.057 0.571 0.248 -0.216 -0.569 -0.936 -1.057 -1.064 -0.881 -0.653 -0.718 -0.795 -1.188 -1.338 -1.581 -2.232 -2.829 -3.394 -4.886 -6.608 -6.802 -6.854 -7.160 -6.066 -5.874 -6.005 -6.716 -7.456 -6.056 -4.721 -2.667 -0.986 -0.445 0.047 0.584 1.246 1.802 -0.114 -2.474 -1.338 2.201 2.913 3.118 3.321 3.444
5.699 6.362 6.336 6.202 6.087 6.147 6.168 5.810 5.341 5.210 4.497 3.849 3.605 3.301 3.089 2.796 2.787 2.908 2.856 2.869 3.090 2.953 2.374 1.998 1.100 2.015 1.906 1.419 1.096 1.115 1.064 0.827 0.695 0.716 0.963 0.772 -0.349 -0.208 -1.532 -3.518 -3.512 -1.782 -1.615 -2.618 -3.409 -5.290 -4.485 -4.465 -4.318 -3.934 -3.192 -2.680 -3.203 -4.371 -4.362 -2.124 -1.294 -0.764 -0.338 0.552 1.392 2.197 2.752 0.810 -0.374 2.717 3.696 3.873 4.135 4.291 4.343
7.622 8.088 7.967 7.509 6.827 6.637 6.891 6.615 6.408 5.965 5.824 5.386 5.182 5.141 4.956 4.989 4.984 4.940 4.726 4.763 4.759 4.402 3.895 2.955 2.379 2.455 2.368 2.004 1.550 1.767 1.888 2.347 2.649 1.932 0.216 -1.635 -4.209 -3.224 -2.604 -3.522 -5.581 -4.697 -2.223 -1.055 -1.290 -1.943 -1.016 -1.335 -2.007 -2.748 -2.046 -0.985 -0.900 -2.675 -3.776 -1.299 -0.709 0.155 0.141 0.662 1.497 2.339 2.821 2.677 3.419 4.239 4.516 4.695 4.817 4.924 4.991
9.549 9.151 9.003 8.231 7.883 6.948 6.685 7.524 6.889 6.706 5.657 6.110 6.662 6.735 6.825 6.876 7.109 7.424 7.392 7.155 6.715 6.526 6.271 4.810 3.889 4.294 4.298 3.094 2.525 2.548 1.745 1.614 2.157 2.169 1.496 -1.917 -5.701 -3.841 -1.099 -3.627 -4.522 -2.026 -0.233 -0.623 -2.435 -0.930 0.987 1.415 0.350 -0.405 1.332 0.861 0.882 0.642 0.987 0.551 -0.671 1.669 1.429 1.475 2.088 2.589 2.891 3.368 4.159 4.673 4.983 5.193 5.227 5.360 5.516
11.355 10.409 9.367 6.886 5.898 5.690 7.205 8.978 9.938 9.422 7.160 7.314 9.221 9.342 9.377 9.888 10.250 10.180 9.716 9.501 8.783 9.043 8.858 7.386 6.285 6.666 6.972 6.371 6.278 5.672 5.408 5.850 5.184 3.685 3.257 4.755 3.287 -1.102 -0.916 -1.754 -2.323 -1.622 0.931 1.140 1.433 1.686 1.488 2.369 1.286 2.832 4.271 2.930 2.357 3.258 2.918 0.978 3.439 4.423 3.335 2.966 3.043 3.387 3.834 4.365 4.960 5.406 5.584 5.624 5.562 5.804 6.178
12.522 11.048 11.852 10.871 12.952 12.006 12.301 11.155 9.244 10.302 10.447 10.816 11.169 11.543 11.651 12.044 12.280 9.484 8.568 10.050 10.931 11.078 10.692 9.844 9.412 10.084 10.274 10.080 9.464 8.223 6.849 5.551 3.116 1.739 0.973 1.706 4.612 4.800 4.092 3.797 3.861 3.795 3.535 4.233 5.074 4.658 3.761 2.862 4.302 6.636 5.531 4.062 3.012 4.399 3.613 4.764 6.554 6.726 5.422 4.718 4.821 5.297 5.908 6.356 6.661 6.824 6.822 6.861 6.769 6.929 7.572
11.988 13.548 15.254 15.597 15.089 15.338 14.264 14.306 14.035 10.991 12.071 13.057 13.503 12.157 11.012 12.135 11.636 9.491 6.772 8.697 11.722 13.007 13.653 13.325 13.476 13.276 13.414 12.502 11.584 6.801 1.513 -1.561 1.050 5.965 7.894 7.787 8.702 9.639 8.195 4.922 6.531 7.626 6.823 6.585 5.674 5.100 4.736 5.594 6.927 7.876 6.309 4.190 3.958 7.121 7.224 8.308 9.317 8.907 8.505 7.510 7.912 8.513 8.958 9.150 9.134 9.119 9.184 9.313 9.464 9.627 9.713
14.608 17.020 17.145 17.158 16.827 16.900 16.771 16.588 17.028 14.859 16.046 16.219 13.817 11.624 11.880 10.131 10.681 9.772 6.864 8.546 12.564 14.962 16.481 15.191 15.573 15.817 15.943 13.165 8.269 -0.669 -6.310 3.401 10.631 10.725 10.651 8.439 4.300 3.226 2.568 -3.385 -2.579 4.206 7.869 8.098 7.867 7.682 9.116 12.316 10.452 8.962 8.469 8.208 9.605 10.651 11.049 11.693 11.503 11.103 11.794 11.880 12.269 12.592 12.617 12.525 12.438 12.416 12.433 12.543 12.656 12.734 12.719
17.195 16.994 16.743 16.653 17.173 18.058 17.624 18.273 18.331 17.865 17.670 17.998 17.515 16.865 16.668 17.694 18.299 18.821 16.351 10.418 9.484 12.779 13.835 14.059 12.643 15.821 14.237 11.286 9.002 -0.079 -4.200 -7.881 -4.493 -0.798 -2.910 -7.480 -8.102 -6.185 -1.237 0.056 -1.824 1.331 6.247 8.354 9.987 10.207 11.993 13.449 12.173 11.196 10.834 10.712 11.501 13.181 13.800 13.019 11.763 14.399 15.137 15.401 15.426 15.709 15.631 15.512 15.411 15.397 15.410 15.366 15.382 15.408 15.399
15.636 15.813 17.672 20.326 20.366 20.140 19.326 19.115 19.145 19.099 19.034 18.952 19.306 19.632 20.070 17.964 19.256 21.055 22.751 17.889 11.664 13.338 17.588 18.791 15.817 16.525 10.771 6.943 7.780 15.985 12.062 -1.971 -8.928 -8.182 -5.946 -5.982 -6.111 -5.987 -4.379 -3.202 -2.677 -0.062 4.882 10.446 12.448 13.217 14.751 14.633 13.941 13.027 13.051 13.660 14.738 14.979 15.561 16.114 16.856 17.578 18.009 18.093 17.886 18.075 18.117 18.016 17.966 17.959 17.917 17.906 17.881 17.829 17.810
19.323 19.169 20.311 21.062 20.642 20.087 20.830 21.051 20.690 21.565 21.396 20.873 20.982 21.007 20.803 19.831 20.952 22.198 23.997 24.912 22.675 13.111 14.921 16.673 20.365 20.670 20.044 16.230 15.590 22.983 21.805 15.891 0.495 -6.048 -4.775 -3.893 -3.475 -3.420 -3.523 -1.972 0.019 2.498 10.539 16.104 14.257 14.639 15.843 15.676 15.792 15.162 15.218 16.786 18.004 18.065 19.189 19.404 19.488 19.776 19.913 19.926 19.864 19.737 20.109 20.142 20.074 20.068 20.043 19.995 19.920 19.875 19.798
22.318 21.652 21.228 21.514 21.280 20.764 20.690 21.113 21.985 22.758 22.166 22.205 22.377 22.353 22.089 21.267 22.335 22.441 23.486 24.399 25.133 22.398 18.372 17.465 21.129 19.416 20.872 17.805 21.710 24.422 24.017 21.778 19.675 15.293 5.378 -0.606 -0.375 0.583 5.918 7.296 4.592 6.757 13.779 16.652 15.673 16.300 17.093 17.666 17.058 16.863 17.944 19.601 20.496 20.967 21.177 21.416 21.567 21.559 21.578 21.660 21.698 21.575 21.847 21.961 21.892 21.860 21.819 21.789 21.683 21.627 21.511
22.995 23.970 23.006 21.319 21.519 21.983 21.832 22.138 22.861 22.957 22.600 22.060 22.437 23.617 25.074 24.982 23.415 22.979 24.015 24.106 25.414 24.980 24.777 25.453 24.386 23.316 22.996 23.062 23.675 25.172 23.371 23.159 22.614 23.063 23.490 20.994 18.726 17.482 18.751 18.642 12.954 13.639 13.988 16.755 17.410 17.804 18.491 18.726 18.978 19.734 21.328 22.185 22.446 22.563 22.879 23.245 23.342 23.280 23.251 23.325 23.320 23.380 23.526 23.548 23.434 23.401 23.380 23.382 23.244 23.158 23.046
24.198 24.337 23.327 20.149 20.835 21.096 21.291 22.464 22.476 22.114 23.023 21.888 23.821 24.877 25.935 24.906 25.920 24.540 23.871 23.830 25.301 26.341 25.784 25.533 25.315 24.197 24.163 24.453 25.028 25.526 24.368 24.091 23.608 23.121 23.114 23.294 22.754 22.044 20.220 21.332 17.480 17.201 17.642 20.176 20.744 20.261 20.870 21.006 21.991 21.613 23.987 24.256 24.202 24.215 24.417 24.733 24.879 24.875 24.881 24.857 24.809 24.841 24.928 24.882 24.742 24.634 24.623 24.598 24.506 24.393 24.306
25.063 24.586 23.941 23.981 22.953 23.539 23.733 22.112 20.540 22.815 22.923 22.758 24.226 25.556 26.621 26.068 26.456 23.848 23.759 24.333 25.209 26.364 26.797 26.938 26.401 24.449 24.614 24.819 25.185 25.626 24.594 24.532 24.889 24.404 24.353 24.640 24.781 24.543 22.279 22.323 20.240 20.223 20.365 22.817 22.529 22.584 23.029 23.768 24.788 25.308 25.579 25.550 25.599 25.702 25.789 25.894 26.000 26.069 26.094 26.043 25.993 26.022 25.991 25.924 25.821 25.738 25.729 25.679 25.644 25.482 25.385
25.016 24.769 24.385 24.652 22.887 23.847 24.815 25.603 25.691 24.776 23.206 23.715 24.826 26.459 27.491 26.722 26.345 25.187 21.094 24.502 25.853 26.208 26.238 25.975 24.733 25.165 25.501 25.848 26.055 26.372 24.278 25.030 25.969 25.202 24.975 26.279 26.008 25.966 24.938 24.319 23.529 23.575 22.443 23.659 23.938 24.406 25.169 25.840 26.458 26.480 26.754 26.581 26.646 26.777 26.813 26.766 26.854 27.018 26.850 26.797 26.877 26.843 26.798 26.744 26.689 26.577 26.512 26.469 26.423 26.258 26.193
25.502 25.573 24.698 24.495 24.531 24.705 25.315 26.423 27.107 25.852 23.277 23.383 25.092 26.089 27.096 26.883 24.911 27.083 21.706 23.781 24.645 25.368 24.955 25.463 25.525 25.781 26.067 26.398 26.569 26.800 25.107 25.695 26.265 26.973 27.018 26.752 26.341 26.087 26.017 26.236 25.415 25.868 25.849 24.378 25.191 25.928 26.394 26.895 27.212 25.835 27.130 27.016 27.312 27.367 27.285 27.280 27.376 27.504 27.362 27.305 27.393 27.387 27.311 27.225 27.104 26.991 26.890 26.816 26.742 26.656 26.564
26.063 26.148 26.159 24.635 24.564 25.938 26.786 27.170 27.302 25.493 23.313 24.371 25.406 26.097 25.504 22.595 18.742 26.874 24.633 24.615 26.321 26.544 26.055 26.028 26.167 26.356 26.583 26.870 26.986 27.120 26.602 24.645 25.994 27.434 27.213 26.907 26.622 26.377 26.401 26.722 25.740 26.447 26.363 25.741 25.146 26.731 27.080 27.357 27.625 27.230 27.301 27.383 27.629 27.754 27.638 27.641 27.699 27.683 27.471 27.488 27.568 27.541 27.431 27.326 27.186 27.094 26.998 26.964 26.945 26.912 26.817
26.764 26.907 26.673 25.239 24.050 26.037 26.767 27.140 26.506 26.116 25.311 25.825 25.404 25.328 24.857 20.282 16.713 25.418 26.242 26.674 26.230 26.648 26.256 26.478 26.811 26.994 27.192 27.362 27.310 27.442 27.409 25.518 27.232 27.490 27.580 27.162 26.889 26.630 26.598 26.817 26.315 26.429 25.914 26.031 25.866 27.208 27.467 27.591 27.624 27.299 27.201 27.549 27.887 27.847 27.709 27.677 27.711 27.720 27.608 27.606 27.579 27.580 27.496 27.380 27.248 27.206 27.190 27.239 27.306 27.221 27.026
