data-raw/tempfiles/09_grid_data_9000BP.asc
ncols 144
nrows 72
xllcorner -180
yllcorner -90
cellsize 2.5
nodata_value -9999
[rows 32 to 63 of 72, columns 71 to 141 of 144]
26.837 26.208 26.016 26.409 25.671 26.065 26.059 26.558 26.916 26.591 25.402 25.804 25.949 25.737 24.426 18.574 17.221 21.241 22.829 25.068 25.853 26.293 26.374 26.724 27.086 27.298 27.508 27.691 27.709 27.749 27.761 27.051 27.693 27.597 27.678 27.293 27.088 26.909 26.963 27.126 26.717 26.511 26.397 26.431 27.209 27.473 27.624 27.787 27.692 27.608 26.663 26.856 27.629 27.645 27.561 27.519 27.575 27.651 27.645 27.512 27.543 27.668 27.553 27.406 27.378 27.402 27.425 27.502 27.619 27.470 27.220
26.317 26.585 26.372 26.177 25.360 23.562 23.543 24.894 25.880 25.598 25.508 25.812 25.725 25.854 26.161 22.061 19.280 24.028 26.554 27.099 27.172 26.318 26.676 26.928 27.196 27.321 27.440 27.539 27.593 27.663 27.699 27.731 27.534 26.897 27.605 27.437 27.382 27.296 27.295 26.950 27.132 25.380 26.099 26.582 27.225 27.317 27.569 26.331 27.171 27.522 27.004 26.975 27.524 27.495 27.443 27.417 27.437 27.399 27.149 27.348 27.700 27.667 27.648 27.521 27.570 27.627 27.598 27.584 27.648 27.542 27.364
26.639 26.655 26.617 26.220 25.317 24.158 23.617 24.394 25.106 24.813 24.414 24.568 24.138 24.824 25.823 28.043 24.280 26.498 27.366 27.769 26.540 26.627 26.824 26.988 27.146 27.239 27.352 27.411 27.481 27.493 27.476 27.412 27.360 27.338 27.345 27.320 27.337 27.343 27.314 25.608 25.538 25.331 25.380 25.839 26.170 26.290 26.122 24.878 27.128 27.524 27.465 27.379 27.445 27.453 27.363 27.035 26.972 27.277 27.489 27.681 27.820 27.804 27.751 27.619 27.613 27.666 27.592 27.567 27.652 27.712 27.660
26.331 26.309 26.279 26.199 26.074 24.262 24.065 24.890 25.092 24.951 24.624 23.989 22.426 22.321 23.606 23.743 26.212 28.363 27.782 26.885 26.619 26.610 26.746 26.926 27.069 27.163 27.267 27.320 27.362 27.393 27.379 27.283 27.200 27.155 27.162 27.178 27.201 27.128 27.027 26.954 25.586 25.615 25.357 25.250 24.931 25.258 24.606 24.796 26.892 26.553 26.975 27.348 27.073 27.417 27.335 27.541 27.526 27.620 27.644 27.688 27.828 27.913 27.793 27.627 27.586 27.603 27.587 27.625 27.741 27.877 27.888
25.673 25.671 25.685 25.664 25.917 24.815 24.260 25.199 25.066 24.985 24.595 23.658 21.377 21.058 22.115 21.104 25.693 27.464 26.672 26.716 26.663 26.653 26.710 26.835 26.924 26.962 27.019 27.104 27.230 27.310 27.270 27.172 27.100 27.086 27.070 27.011 26.947 26.894 26.840 26.770 26.358 24.771 25.256 25.068 25.012 25.212 25.693 26.363 26.492 25.546 27.201 27.520 27.334 26.765 25.959 27.113 27.103 27.427 27.501 27.506 27.724 27.905 27.865 27.661 27.578 27.628 27.634 27.683 27.745 27.836 27.965
25.378 25.339 25.377 25.453 25.840 24.868 24.210 25.067 25.327 25.109 24.760 24.263 21.891 22.528 23.870 23.133 25.299 26.533 26.800 26.891 26.655 26.598 26.615 26.700 26.763 26.770 26.803 26.857 26.981 27.189 27.199 27.080 26.998 26.984 26.948 26.896 26.782 26.769 26.787 26.662 26.743 26.087 25.108 25.491 25.292 25.701 26.017 26.617 26.790 26.074 27.598 27.178 27.147 27.315 26.491 23.316 22.591 24.416 26.190 27.360 27.734 27.287 27.647 27.615 27.480 27.539 27.585 27.582 27.617 27.711 27.848
24.830 24.693 24.653 24.831 25.125 25.060 24.735 24.175 24.053 24.657 24.680 24.822 23.792 23.366 23.316 23.141 25.272 26.446 26.748 26.805 26.612 26.465 26.493 26.563 26.629 26.659 26.679 26.702 26.830 27.024 27.081 26.992 26.932 26.824 26.825 26.826 26.757 26.731 26.733 26.755 26.985 26.961 26.479 25.914 25.323 25.682 26.191 27.082 27.692 28.023 27.890 27.696 27.655 27.661 27.567 27.142 26.445 24.444 20.363 22.366 26.460 26.504 27.523 27.209 27.339 27.375 27.452 27.452 27.443 27.510 27.647
24.040 23.780 23.621 23.816 24.166 24.676 25.232 23.539 23.226 23.370 23.481 24.077 22.958 22.329 21.748 22.042 24.690 26.253 26.520 26.664 26.487 26.370 26.424 26.488 26.538 26.553 26.523 26.525 26.682 26.832 26.879 26.736 26.753 26.719 26.658 26.672 26.673 26.658 26.626 26.662 26.781 26.869 26.939 26.796 26.594 26.566 26.582 27.209 27.516 27.741 27.688 27.562 28.000 27.970 27.624 27.018 26.204 25.465 25.033 24.235 24.792 27.082 27.402 27.310 27.128 26.921 27.265 27.259 27.257 27.295 27.400
23.062 22.902 22.710 22.589 22.812 23.432 22.931 20.751 22.155 22.920 22.968 22.462 22.911 22.232 21.508 22.604 23.744 26.330 26.802 26.747 26.422 26.275 26.337 26.395 26.378 26.337 26.326 26.318 26.445 26.518 26.543 26.277 26.443 26.453 26.460 26.445 26.432 26.441 26.427 26.422 26.412 26.436 26.435 26.693 26.875 27.125 27.446 27.577 27.900 28.093 28.135 28.139 27.969 28.203 27.836 27.511 26.916 26.409 25.494 26.177 26.041 26.739 27.094 27.137 27.008 26.897 27.005 26.960 26.940 27.020 27.154
22.273 22.219 22.034 21.721 21.481 22.049 23.039 20.661 21.618 22.856 23.568 23.036 22.471 23.230 22.212 22.744 23.666 26.343 26.580 26.488 24.529 25.919 26.328 26.228 26.112 26.050 26.021 26.005 26.035 26.045 25.979 25.802 25.956 26.023 26.048 26.038 25.985 25.951 25.934 25.933 25.815 25.837 25.969 26.116 26.281 26.536 26.895 27.254 27.697 27.975 28.165 28.127 28.390 28.742 28.170 28.182 27.725 27.321 26.155 26.201 26.402 26.598 26.751 26.773 26.649 26.642 26.592 26.396 26.428 26.607 26.826
21.803 21.725 21.544 21.105 20.402 22.479 24.488 23.765 22.803 23.764 24.634 23.375 23.550 23.785 24.942 24.315 25.325 26.383 26.185 26.199 22.933 25.610 26.125 25.934 25.755 25.675 25.602 25.552 25.499 25.433 25.273 25.317 25.314 25.319 25.270 25.229 25.189 25.121 25.063 25.071 24.952 24.960 25.064 25.167 25.536 25.913 26.380 26.919 27.460 27.662 28.204 27.924 29.231 29.084 28.502 28.140 27.753 27.626 26.247 25.215 25.991 26.052 26.139 26.096 26.011 26.033 25.975 25.676 25.616 25.865 26.164
21.524 21.297 21.215 20.814 19.937 20.240 23.213 23.274 22.969 23.805 24.546 23.962 22.713 21.275 23.651 25.568 25.906 26.055 25.570 22.468 22.390 25.763 25.905 25.541 25.136 25.035 24.950 24.889 24.777 24.686 24.482 24.519 24.492 24.329 24.224 24.228 24.104 24.032 23.920 23.856 23.717 23.754 23.682 24.087 24.487 25.061 25.787 26.594 27.138 28.106 28.803 28.896 28.191 28.287 28.071 27.931 27.722 27.830 25.063 24.195 25.319 25.239 25.261 25.117 25.007 25.054 25.082 24.875 24.619 24.781 25.110
21.224 20.914 20.707 20.538 20.025 18.886 21.330 21.350 21.240 23.082 24.207 23.754 23.160 24.592 25.246 25.242 25.619 25.314 25.017 22.229 23.863 25.234 25.335 24.823 24.554 24.220 24.108 23.996 23.894 23.768 23.678 23.530 23.391 23.253 23.119 23.054 22.912 22.783 22.537 22.527 22.349 22.314 22.322 22.767 23.184 23.868 25.102 26.830 27.050 27.523 27.867 27.612 27.122 26.251 25.771 26.094 26.363 26.592 25.396 24.777 24.038 24.205 24.336 24.094 23.912 23.947 23.862 23.488 23.649 23.694 23.914
20.902 20.615 20.225 19.818 19.686 18.644 18.915 21.564 21.576 22.103 22.393 22.312 22.101 24.098 25.976 24.764 24.713 24.562 24.346 22.434 24.452 24.542 24.385 24.056 23.724 23.392 23.229 23.082 23.021 22.888 22.627 22.475 22.293 22.142 21.981 21.870 21.742 21.496 21.186 21.202 20.832 20.749 20.822 21.306 21.909 22.574 24.785 25.451 25.425 26.207 26.893 26.384 25.235 23.978 23.753 25.326 25.912 25.841 25.054 23.730 23.201 23.006 23.372 23.191 22.904 22.843 22.916 22.862 22.666 22.627 22.692
20.366 20.126 19.813 19.495 19.470 18.811 18.136 21.225 21.498 21.976 20.710 19.507 18.675 21.050 24.348 23.703 23.555 23.527 23.957 23.716 23.590 23.141 22.972 22.826 22.504 22.248 22.052 21.922 21.885 21.730 21.365 21.287 21.173 20.966 20.768 20.424 20.150 19.935 19.880 19.735 19.103 19.120 19.191 19.745 20.363 21.073 23.016 23.730 23.765 24.284 24.401 23.636 21.882 21.756 23.279 24.429 24.726 24.442 23.808 22.726 21.686 21.216 22.041 22.324 21.928 21.777 21.655 21.533 21.371 21.347 21.435
19.563 19.244 19.036 18.970 18.902 18.660 17.838 19.952 20.849 20.795 19.207 18.344 16.289 20.937 22.976 22.584 22.489 22.322 22.328 22.213 22.005 21.473 20.924 20.565 20.727 20.481 20.498 20.154 20.326 20.300 20.164 19.889 19.603 18.843 17.709 17.079 16.981 16.994 17.381 17.424 17.006 17.099 17.851 18.373 18.829 19.568 20.831 21.613 21.174 21.744 21.821 22.193 21.279 21.109 21.831 22.980 22.976 23.191 23.157 22.392 21.806 18.860 20.684 21.432 21.008 20.656 20.428 20.137 19.997 20.030 20.117
18.337 18.109 18.095 18.110 18.046 18.076 17.972 17.795 19.488 18.962 18.367 17.197 18.363 21.483 21.462 21.059 20.983 20.811 20.689 20.561 20.168 19.095 19.069 18.990 19.168 19.125 18.916 18.419 18.128 18.673 18.566 17.908 16.402 15.638 15.519 15.482 15.422 15.350 15.219 15.212 15.213 15.309 16.146 16.891 17.174 17.912 19.027 19.424 19.200 19.632 20.544 21.342 20.751 20.366 20.332 20.564 20.124 20.908 20.890 20.581 19.803 17.437 20.317 20.437 20.082 19.716 19.392 19.072 18.831 18.685 18.721
16.587 16.436 16.525 16.739 16.695 16.840 17.052 17.117 17.839 18.551 19.299 19.710 19.687 19.645 19.485 19.168 19.141 19.038 18.915 18.258 17.550 17.549 17.727 17.606 17.235 17.198 16.578 16.066 16.038 16.653 16.249 14.841 14.038 13.962 13.961 13.828 13.700 13.613 13.609 13.570 13.588 13.761 14.260 14.980 15.531 16.337 17.433 17.762 17.972 18.188 18.134 17.190 17.067 17.153 17.848 19.028 18.779 19.464 19.279 18.348 16.516 18.722 19.581 19.231 18.871 18.516 18.161 17.891 17.513 17.209 17.130
14.922 14.837 14.704 14.675 14.776 15.073 15.512 16.128 16.723 17.265 17.575 17.854 17.787 17.646 17.470 17.453 17.372 17.176 16.861 16.193 15.952 16.012 15.869 15.688 15.488 15.655 15.404 15.004 14.711 13.775 13.265 12.745 12.953 13.206 12.779 12.175 12.059 12.142 12.466 12.451 12.281 12.549 13.038 13.381 13.857 14.394 15.114 15.565 15.586 15.338 15.177 15.194 15.299 15.485 15.689 16.077 16.605 17.000 16.665 15.673 14.409 17.265 17.861 17.698 17.458 17.115 16.781 16.523 16.220 15.944 15.511
12.592 12.763 12.691 12.701 12.763 13.092 13.684 14.427 15.186 15.378 15.505 15.290 15.053 14.962 14.944 14.678 14.607 14.446 14.227 14.321 14.432 14.401 14.529 14.435 14.511 14.445 14.296 13.821 13.270 12.386 11.767 12.510 13.043 12.969 12.798 12.413 11.859 11.659 11.510 10.862 10.966 11.527 11.905 12.018 12.206 12.411 12.835 13.288 13.256 13.218 13.246 13.317 13.528 13.719 13.837 14.213 14.624 15.163 15.315 14.890 15.318 15.595 15.800 15.765 15.586 15.306 15.074 15.016 15.029 15.010 14.113
10.314 10.425 10.473 10.472 10.451 10.724 11.129 11.787 12.344 12.301 12.349 12.264 12.246 12.337 12.157 12.075 11.922 11.662 11.456 11.569 11.645 11.650 12.112 12.471 12.856 12.977 12.847 12.457 12.144 11.689 11.166 10.695 10.742 11.085 11.176 10.975 10.913 10.888 10.715 10.455 10.618 10.698 10.592 10.559 10.531 10.554 10.657 10.885 11.122 11.388 11.472 11.387 11.510 11.904 12.045 12.329 12.731 13.120 13.276 12.475 13.359 13.840 13.914 13.851 13.756 13.592 13.560 13.626 13.838 12.485 12.080
8.604 8.430 8.435 8.173 8.311 8.339 8.607 8.783 8.872 9.127 9.200 9.300 9.447 9.581 9.436 9.248 9.159 8.821 8.697 8.696 8.671 8.714 9.143 9.819 10.421 10.814 10.926 10.550 10.212 10.190 10.077 9.910 9.495 9.208 9.066 9.010 9.191 9.184 9.033 9.043 9.121 9.209 9.186 9.270 9.366 9.371 9.382 9.388 9.593 9.977 10.085 10.078 10.129 10.319 10.421 10.662 11.049 11.317 11.676 11.927 12.117 12.130 12.017 11.953 11.985 12.014 12.181 12.014 9.495 9.175 11.646
6.652 6.623 6.501 6.105 5.868 5.798 5.962 6.215 6.391 6.413 6.312 6.486 6.913 7.060 7.031 6.897 6.936 6.954 6.879 6.776 6.624 6.612 6.831 7.196 7.633 7.970 8.043 7.788 7.627 7.641 7.750 7.822 7.659 7.504 7.575 7.790 7.672 7.162 7.084 6.939 6.872 7.032 7.327 7.401 7.504 7.685 7.801 7.983 8.005 8.297 8.688 8.808 8.911 9.113 9.193 9.169 9.525 9.782 9.953 10.209 10.264 10.266 10.212 10.236 10.341 10.565 10.873 10.275 9.005 10.642 10.757
4.678 4.702 4.693 4.528 4.338 4.168 4.098 4.158 4.116 4.123 4.069 4.279 4.682 4.928 5.050 5.037 5.044 5.176 5.257 5.275 5.235 5.212 5.153 5.180 5.337 5.500 5.586 5.520 5.346 5.479 5.374 5.296 5.312 5.344 5.508 5.477 5.296 5.513 5.733 5.299 5.066 5.281 5.455 5.412 5.306 5.582 5.905 6.144 6.288 6.432 6.903 7.179 7.373 7.568 7.722 7.768 7.807 8.110 8.189 8.316 8.492 8.589 8.642 8.737 8.860 9.113 9.362 9.512 9.463 9.243 9.103
2.631 2.725 2.699 2.576 2.407 2.248 2.235 2.224 2.199 2.159 2.191 2.348 2.641 2.959 3.180 3.308 3.454 3.494 3.531 3.606 3.664 3.707 3.603 3.497 3.541 3.609 3.773 3.882 3.867 3.877 3.637 3.437 3.343 3.370 3.448 3.593 3.642 3.866 3.939 3.682 3.374 3.419 3.579 3.659 3.653 3.626 3.865 4.096 4.369 4.604 4.952 5.381 5.682 5.731 5.696 5.973 6.065 6.170 6.268 6.381 6.638 6.869 7.050 7.149 7.329 7.549 7.785 7.945 8.014 7.936 7.763
0.640 0.697 0.704 0.640 0.497 0.405 0.449 0.534 0.559 0.597 0.698 0.894 1.214 1.538 1.778 1.971 2.032 2.051 2.002 1.980 2.117 2.191 2.120 2.066 2.055 2.237 2.363 2.431 2.383 2.301 2.006 1.721 1.503 1.486 1.718 2.025 2.146 2.344 2.255 2.059 2.028 2.189 2.166 2.086 2.063 1.961 2.234 2.555 2.831 3.103 3.381 3.684 3.863 3.963 4.042 4.263 4.261 4.224 4.251 4.386 4.643 4.966 5.221 5.256 5.300 5.747 6.160 6.497 6.631 6.607 6.471
-1.258 -1.255 -1.281 -1.321 -1.355 -1.290 -1.172 -0.975 -0.868 -0.743 -0.395 -0.058 0.244 0.495 0.642 0.855 0.868 0.863 0.875 0.735 0.697 0.660 0.553 0.517 0.480 0.587 0.665 0.704 0.674 0.546 0.283 -0.001 -0.192 -0.172 0.012 0.331 0.550 0.633 0.664 0.639 0.543 0.515 0.510 0.570 0.633 0.673 0.828 1.090 1.269 1.543 1.719 1.882 1.953 2.140 2.400 2.534 2.620 2.524 2.377 2.428 2.561 2.817 3.161 3.256 3.188 3.496 4.234 4.766 5.097 5.188 5.127
-2.997 -2.989 -3.002 -3.127 -3.068 -2.817 -2.633 -2.463 -2.236 -1.866 -1.530 -1.255 -0.939 -0.951 -0.966 -0.831 -0.882 -0.867 -0.901 -1.059 -1.149 -1.229 -1.440 -1.646 -1.668 -1.491 -1.431 -1.318 -1.484 -1.810 -2.140 -2.411 -2.498 -2.424 -2.254 -1.752 -1.419 -1.421 -1.593 -1.573 -1.477 -1.412 -1.251 -1.123 -0.930 -0.746 -0.571 -0.448 -0.199 -0.057 0.063 0.234 0.361 0.441 0.680 0.722 0.657 0.842 0.765 0.570 0.637 0.693 0.830 1.119 1.175 1.343 1.995 2.560 2.963 3.185 3.182
-4.369 -4.218 -4.126 -4.401 -4.426 -4.125 -3.985 -3.757 -3.533 -3.418 -3.250 -3.007 -2.889 -2.924 -2.839 -2.837 -2.789 -2.843 -2.991 -3.126 -3.336 -3.710 -4.067 -4.313 -4.470 -4.312 -4.358 -4.368 -4.565 -4.686 -4.796 -4.842 -4.702 -4.632 -4.625 -4.516 -4.323 -4.294 -4.300 -4.269 -4.113 -3.901 -3.601 -3.356 -3.152 -2.912 -2.604 -2.486 -2.203 -2.055 -1.855 -1.646 -1.469 -1.389 -1.419 -1.495 -1.632 -1.562 -1.598 -1.737 -1.802 -1.873 -1.869 -1.451 -1.210 -1.081 -0.663 -0.350 -0.085 0.179 0.513
-5.622 -5.444 -5.254 -5.157 -5.221 -5.346 -5.471 -5.428 -5.349 -5.259 -5.181 -5.107 -5.119 -5.103 -5.055 -5.149 -5.005 -5.078 -5.342 -5.539 -6.025 -6.558 -6.884 -7.307 -7.687 -7.539 -7.778 -7.984 -8.060 -8.014 -7.837 -7.803 -7.660 -7.568 -7.713 -7.948 -8.012 -7.971 -7.924 -8.016 -7.962 -7.735 -7.273 -6.838 -6.460 -6.265 -6.167 -6.082 -5.693 -5.284 -5.085 -5.062 -4.989 -4.965 -5.135 -5.281 -5.439 -5.463 -5.410 -5.522 -5.500 -5.424 -5.436 -5.213 -5.217 -5.071 -4.688 -4.346 -4.039 -3.750 -3.512
-7.368 -6.918 -6.819 -6.749 -6.674 -6.959 -7.446 -7.592 -7.608 -7.449 -7.472 -7.472 -7.391 -7.341 -7.250 -7.091 -7.192 -7.436 -7.734 -8.639 -9.773 -13.351 -16.310 -13.671 -11.892 -11.933 -12.009 -11.440 -11.309 -11.455 -11.051 -11.211 -10.670 -10.421 -11.976 -13.306 -13.656 -13.549 -13.876 -15.927 -15.385 -15.650 -15.839 -13.469 -11.335 -12.727 -13.027 -11.167 -10.104 -10.553 -11.504 -12.112 -11.780 -13.853 -14.825 -14.164 -13.991 -12.500 -11.061 -10.196 -9.727 -9.602 -9.427 -8.974 -8.928 -8.498 -8.173 -7.507 -7.477 -7.293 -7.032
-10.077 -9.584 -8.890 -8.607 -8.354 -8.520 -9.368 -9.543 -9.382 -9.315 -9.356 -9.256 -9.110 -9.648 -11.079 -10.355 -9.699 -12.950 -18.094 -20.770 -22.412 -25.638 -27.869 -27.103 -26.224 -24.839 -23.047 -19.587 -17.187 -15.217 -13.198 -12.498 -15.443 -19.503 -22.128 -24.118 -25.159 -26.440 -27.580 -28.142 -27.804 -27.813 -28.433 -27.942 -26.228 -24.411 -23.176 -22.450 -22.370 -23.484 -25.214 -26.035 -26.275 -27.348 -28.908 -29.321 -28.431 -25.846 -22.572 -19.920 -18.821 -17.458 -16.914 -15.523 -13.797 -12.218 -12.053 -11.259 -10.752 -10.421 -10.394
