data-raw/tempfiles/09_grid_data_9000BP.asc
ncols 144
nrows 72
xllcorner -180
yllcorner -90
cellsize 2.5
nodata_value -9999
[rows 0 to 31 of 72, columns 0 to 70 of 144]
-17.455 -17.618 -17.692 -17.719 -17.707 -17.711 -17.728 -17.747 -17.774 -17.810 -17.814 -17.844 -17.882 -17.912 -17.916 -17.932 -17.936 -17.987 -18.021 -18.029 -18.068 -18.037 -18.070 -18.126 -18.112 -18.052 -18.006 -18.010 -18.089 -18.122 -18.096 -18.053 -18.003 -17.901 -17.907 -17.741 -17.732 -17.618 -17.639 -17.799 -17.797 -17.804 -17.833 -17.811 -17.753 -17.775 -17.744 -17.691 -17.783 -17.751 -17.752 -17.773 -17.678 -17.634 -17.560 -17.587 -17.546 -17.519 -17.534 -17.554 -17.578 -17.608 -17.632 -17.856 -17.994 -18.227 -18.108 -18.037 -17.894 -17.869 -17.852
-16.984 -17.103 -17.114 -17.105 -17.083 -17.022 -16.927 -16.829 -16.729 -16.632 -16.522 -16.444 -16.458 -16.460 -16.491 -16.532 -16.585 -16.675 -16.794 -16.894 -16.976 -16.978 -17.091 -17.205 -17.282 -17.350 -17.385 -17.454 -17.556 -17.653 -17.718 -17.737 -17.768 -17.772 -17.818 -17.782 -17.779 -17.749 -17.749 -17.800 -17.798 -17.799 -17.764 -17.764 -17.742 -17.774 -17.789 -17.723 -17.888 -17.957 -18.023 -18.132 -18.127 -18.135 -18.113 -18.098 -18.074 -18.011 -17.994 -17.967 -17.906 -17.863 -17.815 -17.699 -17.567 -17.516 -17.496 -17.418 -17.347 -17.278 -17.212
-15.862 -15.842 -15.861 -15.902 -15.954 -15.902 -15.908 -15.982 -16.028 -16.041 -16.000 -15.961 -15.935 -15.920 -15.911 -15.861 -15.847 -15.856 -15.899 -15.912 -15.967 -16.017 -16.112 -16.251 -16.375 -16.504 -16.619 -16.784 -16.983 -17.184 -17.358 -17.481 -17.598 -17.667 -17.668 -17.634 -17.667 -17.742 -18.104 -18.659 -18.803 -18.826 -18.834 -18.854 -18.697 -18.448 -18.126 -17.703 -17.761 -18.040 -18.289 -18.428 -18.696 -19.194 -19.688 -20.507 -21.333 -21.666 -21.734 -21.725 -21.011 -20.075 -18.373 -17.422 -17.151 -17.083 -16.983 -16.773 -16.564 -16.390 -16.224
-15.676 -15.601 -15.627 -15.676 -15.721 -15.777 -15.769 -15.789 -15.778 -15.704 -15.602 -15.530 -15.436 -15.432 -15.433 -15.399 -15.389 -15.392 -15.495 -15.577 -15.663 -15.848 -15.985 -16.116 -16.273 -16.344 -16.456 -16.625 -16.721 -16.895 -17.129 -17.143 -17.611 -18.788 -21.972 -22.808 -23.181 -22.887 -23.355 -23.843 -23.878 -24.033 -24.082 -23.442 -21.739 -20.746 -20.700 -21.832 -21.934 -22.206 -22.381 -22.528 -23.042 -23.788 -24.330 -25.005 -25.172 -24.740 -24.675 -24.614 -24.161 -23.746 -23.125 -21.259 -20.354 -17.558 -15.775 -14.989 -14.713 -14.399 -14.049
-14.939 -14.778 -14.727 -14.679 -14.603 -14.542 -14.555 -14.633 -14.628 -14.560 -14.480 -14.423 -14.493 -14.590 -14.678 -14.767 -14.855 -15.022 -15.256 -15.530 -15.802 -16.079 -16.204 -16.347 -16.488 -16.539 -16.925 -17.571 -17.183 -17.255 -18.183 -18.530 -17.768 -18.817 -22.207 -23.153 -22.447 -21.641 -22.183 -24.029 -22.733 -19.829 -17.881 -18.070 -19.368 -19.878 -21.287 -22.621 -23.846 -24.946 -26.066 -27.042 -27.917 -28.776 -29.319 -29.412 -29.017 -28.085 -26.744 -24.986 -22.927 -20.984 -19.744 -18.714 -16.250 -14.765 -13.674 -13.301 -12.816 -12.153 -11.133
-13.225 -13.112 -13.018 -12.938 -12.858 -12.815 -12.804 -12.816 -12.867 -12.913 -12.904 -12.935 -13.100 -13.281 -13.507 -13.750 -14.089 -14.486 -14.870 -15.175 -15.427 -15.589 -15.603 -15.998 -16.695 -16.768 -16.973 -16.743 -16.844 -17.012 -17.605 -18.952 -19.136 -18.732 -18.926 -19.347 -20.389 -22.061 -22.406 -21.703 -18.231 -15.737 -15.215 -15.474 -16.699 -16.724 -16.521 -16.916 -18.380 -20.453 -23.100 -25.820 -27.643 -29.055 -29.880 -30.140 -29.840 -29.179 -28.296 -27.003 -24.945 -22.060 -19.583 -17.264 -13.867 -12.620 -11.994 -11.419 -10.605 -9.640 -8.576
-12.192 -11.914 -11.683 -11.515 -11.399 -11.309 -11.359 -11.393 -11.536 -11.613 -11.704 -11.788 -11.939 -12.036 -12.137 -12.263 -12.483 -12.758 -12.988 -13.171 -13.256 -13.279 -15.011 -16.136 -16.666 -16.494 -15.849 -15.815 -15.871 -16.102 -15.764 -17.123 -18.273 -17.542 -19.545 -19.019 -19.185 -19.392 -19.760 -19.430 -18.283 -16.720 -15.954 -15.817 -15.610 -15.224 -14.583 -13.453 -12.114 -13.062 -16.477 -21.324 -24.784 -27.325 -28.833 -29.854 -30.346 -30.232 -29.145 -26.493 -23.151 -19.705 -17.230 -14.413 -10.896 -9.648 -8.862 -8.159 -7.710 -7.564 -7.180
-10.944 -10.107 -9.677 -9.392 -9.180 -9.113 -9.209 -9.571 -10.424 -10.665 -10.532 -10.040 -10.015 -10.099 -10.306 -10.678 -10.888 -10.998 -11.085 -11.173 -11.137 -11.226 -12.829 -13.539 -13.532 -14.694 -14.911 -15.551 -15.838 -15.719 -15.119 -15.318 -16.505 -17.563 -18.297 -16.965 -18.617 -20.024 -20.497 -20.409 -19.402 -19.382 -18.933 -17.891 -15.667 -14.700 -14.158 -12.549 -11.168 -9.931 -11.268 -14.535 -19.248 -23.682 -26.231 -27.886 -29.133 -29.165 -27.013 -22.661 -19.153 -16.634 -14.279 -10.419 -7.915 -6.655 -6.051 -5.705 -5.469 -5.104 -4.583
-10.182 -8.396 -7.655 -7.337 -6.815 -6.442 -7.613 -9.605 -9.996 -10.367 -10.519 -10.191 -10.195 -10.306 -10.210 -9.991 -9.240 -8.578 -8.559 -8.890 -9.477 -10.375 -11.596 -12.512 -11.795 -11.399 -12.459 -13.847 -14.093 -14.021 -14.272 -14.022 -14.229 -14.812 -15.909 -17.199 -17.110 -17.295 -18.462 -17.349 -17.045 -17.108 -16.874 -17.552 -16.580 -14.734 -13.601 -12.385 -11.051 -9.112 -8.359 -9.353 -14.556 -20.103 -23.596 -25.387 -26.295 -24.866 -19.405 -16.234 -13.516 -10.095 -6.820 -4.983 -4.188 -3.685 -3.465 -3.426 -3.350 -2.975 -2.409
-7.520 -6.869 -6.428 -5.641 -4.544 -4.223 -4.600 -5.298 -5.177 -4.853 -5.245 -5.302 -5.059 -4.757 -4.640 -5.437 -6.695 -6.584 -5.945 -5.702 -5.665 -6.216 -7.189 -8.324 -9.206 -9.300 -10.110 -11.071 -11.434 -12.189 -12.683 -13.349 -14.092 -14.939 -16.000 -17.103 -17.422 -17.265 -17.829 -17.052 -17.014 -16.762 -16.131 -15.494 -14.917 -15.008 -15.342 -12.347 -9.999 -7.541 -7.145 -10.598 -15.196 -20.092 -22.340 -19.736 -15.250 -13.243 -7.910 -4.606 -3.153 -2.151 -2.175 -3.022 -4.062 -3.746 -2.121 -1.639 -1.875 -1.725 -1.341
-3.154 -2.393 -3.055 -2.715 -2.306 -1.818 -1.951 -2.241 -1.764 -1.241 -1.881 -2.979 -3.246 -3.634 -4.272 -3.905 -3.779 -4.326 -5.137 -6.194 -6.840 -5.299 -3.752 -3.993 -4.749 -5.618 -7.053 -8.050 -8.544 -9.301 -10.113 -11.078 -12.168 -13.349 -14.548 -15.147 -15.315 -15.982 -16.436 -15.977 -15.527 -14.958 -14.332 -14.494 -15.525 -15.080 -12.062 -10.030 -8.037 -6.020 -4.747 -6.852 -14.673 -21.321 -20.559 -10.451 -4.574 -3.770 -3.441 -2.652 -1.739 -0.845 -0.511 -1.356 -3.311 -2.471 -0.525 -0.207 -0.422 -0.426 -0.214
-0.414 -0.165 -0.452 -0.519 -0.485 -0.243 -0.125 -0.429 -0.755 -0.197 -2.147 -0.080 -0.682 -0.833 -2.470 -5.459 -4.817 -2.553 -2.582 -3.339 -3.833 -4.029 -2.233 -1.524 -2.136 -2.105 -2.940 -3.683 -5.278 -6.598 -7.921 -9.524 -10.909 -12.100 -13.215 -13.852 -14.492 -15.001 -15.154 -14.974 -14.468 -15.001 -14.779 -13.495 -12.355 -11.142 -9.507 -7.841 -6.021 -4.735 -3.895 -3.507 -7.238 -11.248 -11.818 -3.844 -2.914 -2.406 -1.541 -0.923 -0.244 0.218 0.689 1.040 1.386 1.520 1.395 1.277 1.096 1.017 1.084
2.082 2.017 1.658 1.313 1.092 1.220 1.571 1.303 1.666 1.329 2.638 4.746 5.366 6.252 6.430 5.751 3.735 1.382 0.021 -1.436 -1.636 -1.868 -0.363 0.493 0.078 -0.542 -0.774 -0.847 -2.180 -3.573 -5.035 -6.497 -8.288 -9.485 -10.876 -12.178 -13.241 -13.983 -14.165 -13.913 -13.171 -13.135 -12.842 -12.009 -10.384 -9.682 -9.800 -7.111 -5.122 -3.592 -2.664 -2.308 -2.100 -1.977 -2.285 -1.632 -1.040 -0.583 0.255 0.879 1.474 1.972 2.489 2.757 2.941 3.105 3.118 3.068 2.891 2.603 2.478
3.538 3.625 3.640 3.472 3.411 3.553 3.883 3.939 4.036 4.716 5.333 6.089 6.557 6.678 7.102 7.413 7.696 7.589 6.696 2.877 0.709 0.003 0.622 1.980 2.495 2.222 1.800 1.348 0.399 -0.837 -2.024 -3.212 -4.597 -5.869 -7.146 -8.758 -10.551 -11.368 -11.957 -12.208 -11.437 -10.485 -10.818 -10.223 -8.965 -8.373 -8.083 -6.240 -4.921 -3.563 -2.322 -1.365 -0.641 -0.059 0.313 0.732 1.161 1.823 2.566 3.147 3.718 4.156 4.565 5.012 5.134 5.228 5.277 5.166 4.960 4.321 3.230
4.523 4.698 4.843 4.913 4.986 5.108 5.368 5.649 6.060 6.413 6.608 6.909 7.158 7.583 7.989 8.326 8.569 8.695 8.794 8.387 5.425 3.249 3.609 1.792 1.082 2.772 3.533 2.689 2.102 1.573 0.888 -0.047 -1.911 -2.776 -4.114 -5.379 -6.353 -7.003 -7.320 -9.154 -8.948 -8.312 -8.836 -9.451 -9.120 -8.161 -6.824 -4.696 -3.631 -3.281 -2.740 -1.132 0.292 1.500 2.392 3.019 3.430 3.876 4.444 5.030 5.589 6.024 6.406 6.741 6.992 7.163 7.158 6.872 5.874 5.948 5.598
5.061 5.321 5.488 5.715 5.893 6.087 6.238 6.435 6.566 6.935 7.237 7.553 7.844 8.179 8.528 8.887 9.172 9.523 9.537 9.681 9.291 5.164 3.252 3.857 2.356 0.801 4.018 4.666 3.842 3.468 2.495 1.969 1.788 0.579 -0.954 -2.310 -3.385 -3.829 -4.089 -4.916 -5.570 -5.870 -6.624 -6.807 -6.021 -5.233 -4.105 -2.658 -1.862 -1.102 -1.401 -0.324 0.809 2.305 3.910 5.196 5.980 6.418 6.789 7.281 7.717 7.969 8.262 8.496 8.722 8.921 8.919 8.649 8.124 8.044 7.376
5.651 6.018 6.231 6.459 6.639 6.798 6.999 7.229 7.428 7.729 8.055 8.377 8.668 9.024 9.299 9.612 9.882 10.182 10.483 10.671 10.780 10.257 9.821 6.499 6.334 5.132 4.352 6.228 6.064 5.647 4.966 4.425 3.611 3.244 2.092 0.434 -0.343 -1.046 -1.651 -2.211 -2.704 -3.115 -3.420 -2.846 -1.408 -0.783 -0.037 0.377 0.712 1.385 1.602 1.357 1.802 3.274 5.331 7.261 8.512 9.016 9.290 9.614 9.893 10.031 10.237 10.372 10.523 10.632 10.705 10.716 10.501 10.283 9.788
6.573 7.026 7.261 7.505 7.729 7.924 8.108 8.342 8.598 8.891 9.228 9.509 9.695 9.900 10.102 10.377 10.641 10.878 11.275 11.708 11.993 11.873 11.731 9.428 10.236 7.243 4.394 4.579 6.756 8.011 7.248 6.913 6.072 5.094 4.542 3.718 3.392 3.119 2.181 1.773 1.395 1.422 1.444 0.969 1.996 2.751 3.088 3.108 3.403 3.655 3.554 3.564 4.110 5.684 7.869 9.805 10.799 11.218 11.509 11.690 11.922 12.067 12.154 12.197 12.221 12.263 12.341 12.404 12.404 12.351 12.022
8.239 8.626 8.888 9.124 9.371 9.532 9.684 9.893 10.156 10.386 10.619 10.927 11.126 11.309 11.490 11.658 11.903 12.048 12.394 12.678 12.740 12.467 11.581 8.450 8.110 7.781 5.182 3.748 4.583 6.679 8.290 9.037 8.533 7.134 6.612 6.734 6.516 6.385 6.567 6.180 5.866 5.910 5.349 5.172 4.757 4.987 5.292 5.892 6.765 7.462 7.905 7.911 8.463 10.014 11.739 12.896 13.248 13.385 13.612 13.756 13.903 14.008 14.066 13.991 13.982 13.969 13.955 13.968 13.427 12.204 12.617
10.655 10.729 10.905 11.151 11.346 11.467 11.516 11.666 11.859 12.071 12.301 12.523 12.689 12.816 12.940 13.159 13.339 13.558 13.683 13.841 13.648 12.915 11.786 9.430 9.518 7.763 8.701 5.396 5.614 4.837 9.198 9.858 10.055 9.802 9.294 9.393 9.299 9.261 9.199 9.272 8.172 8.782 8.951 8.550 8.326 9.269 10.579 11.679 12.373 12.841 13.029 12.935 13.186 13.954 14.685 15.152 15.298 15.333 15.464 15.570 15.592 15.533 15.548 15.423 15.500 15.502 15.526 15.388 14.151 12.543 11.829
13.514 13.167 13.281 13.348 13.398 13.458 13.499 13.593 13.724 13.884 14.079 14.254 14.382 14.460 14.601 14.810 14.991 15.163 15.224 15.164 14.793 13.821 13.746 13.727 9.537 9.034 8.594 7.430 7.033 3.392 9.819 12.080 12.397 12.190 12.245 12.043 12.333 12.014 11.749 11.015 11.248 13.019 12.414 12.994 14.355 15.283 15.975 16.594 16.861 16.860 16.856 16.740 16.629 16.752 16.894 17.014 17.108 17.114 17.143 17.039 16.766 16.685 16.729 16.880 16.907 16.892 16.892 16.724 16.690 16.030 14.481
16.029 15.531 15.502 15.450 15.409 15.369 15.374 15.420 15.567 15.718 15.876 15.970 16.005 16.061 16.174 16.310 16.447 16.528 16.509 16.386 16.113 15.230 14.064 15.668 14.007 16.317 13.939 10.741 9.582 7.522 11.442 14.039 14.471 14.599 13.410 14.023 14.315 13.505 12.665 13.138 15.000 15.262 16.300 17.312 18.161 18.788 18.909 18.989 18.980 18.911 18.827 18.729 18.624 18.569 18.591 18.642 18.686 18.685 18.676 18.533 18.171 17.922 17.710 17.846 17.827 17.946 17.940 17.814 17.798 17.606 16.505
18.102 17.570 17.449 17.439 17.287 17.229 17.234 17.226 17.387 17.480 17.588 17.665 17.574 17.596 17.674 17.709 17.749 17.773 17.693 17.500 17.170 16.433 15.442 15.159 16.515 18.679 20.530 15.680 11.168 13.076 14.278 16.008 17.183 16.491 16.013 16.143 15.659 15.553 16.048 17.039 17.611 18.723 19.443 19.689 19.906 20.593 20.694 20.660 20.669 20.618 20.535 20.436 20.348 20.330 20.281 20.190 20.186 20.122 20.003 19.808 19.560 19.364 19.130 19.071 18.927 18.910 18.913 18.832 18.650 17.118 15.955
19.956 19.520 19.313 19.192 19.025 18.950 19.005 19.076 19.168 19.253 19.323 19.384 19.302 19.221 19.207 19.100 19.006 18.924 18.757 18.537 18.187 17.598 16.897 16.503 16.557 18.380 22.332 19.260 16.024 16.766 16.876 17.939 18.329 18.104 17.837 17.242 17.692 17.603 17.754 18.950 20.702 21.464 21.384 21.141 21.225 21.995 22.078 22.144 22.164 22.117 22.024 21.931 21.793 21.771 21.681 21.580 21.481 21.347 21.144 20.892 20.694 20.364 20.117 19.839 19.777 19.825 19.750 19.421 18.364 16.627 19.466
21.652 21.332 21.065 20.840 20.690 20.654 20.666 20.690 20.720 20.775 20.834 20.857 20.780 20.694 20.579 20.370 20.165 19.988 19.751 19.472 19.046 18.514 17.903 17.592 17.509 17.823 21.348 21.689 15.742 15.576 18.194 19.723 20.485 19.689 20.053 19.903 20.422 20.277 20.111 20.441 22.464 23.088 22.939 22.862 22.319 23.252 23.540 23.502 23.464 23.373 23.198 23.006 22.991 22.901 22.734 22.543 22.319 22.111 21.809 21.466 21.221 20.922 20.777 20.709 20.696 20.499 20.534 20.968 21.396 22.537 22.434
23.169 22.907 22.681 22.455 22.351 22.304 22.246 22.227 22.248 22.289 22.304 22.247 22.170 22.014 21.782 21.517 21.265 21.024 20.714 20.303 19.825 19.252 18.765 18.450 18.408 18.456 20.501 22.413 20.016 14.874 19.261 20.194 22.267 22.252 22.675 22.862 23.164 23.227 22.897 22.198 23.861 24.383 24.270 24.367 23.387 23.839 24.652 24.644 24.544 24.372 24.105 23.771 23.758 23.642 23.490 23.302 23.004 22.744 22.382 22.037 21.872 21.628 21.398 21.487 21.242 20.861 21.795 22.276 22.332 23.018 22.842
24.355 24.183 24.047 23.956 23.863 23.795 23.717 23.677 23.737 23.803 23.622 23.361 23.157 22.939 22.712 22.435 22.168 21.889 21.512 21.114 20.578 19.996 19.530 19.304 19.310 19.566 20.369 22.523 23.129 19.000 16.225 16.953 21.155 23.398 24.326 24.583 24.833 25.010 24.744 24.484 24.962 25.322 25.406 25.434 24.805 24.411 25.500 25.633 25.469 25.165 24.904 24.582 24.345 24.153 24.050 23.809 23.511 23.215 22.828 22.501 22.305 21.969 21.654 21.497 20.782 21.484 23.226 23.657 23.953 24.259 24.095
25.445 25.234 25.113 25.058 24.986 24.930 24.920 24.891 24.957 24.753 24.556 24.167 23.892 23.703 23.505 23.320 23.060 22.768 22.414 21.996 21.524 21.066 20.734 20.642 20.770 21.177 21.797 22.739 23.677 23.041 18.082 16.495 19.719 23.746 25.039 25.507 25.339 25.682 25.621 25.467 25.521 25.542 26.139 26.021 25.370 25.032 25.907 26.095 25.985 25.587 25.326 25.088 24.774 24.347 24.114 24.040 23.867 23.568 23.240 22.963 22.740 22.399 22.076 21.585 20.694 23.193 24.646 24.187 24.290 24.467 24.854
26.053 25.826 25.752 25.735 25.692 25.606 25.554 25.511 25.517 24.937 24.884 24.697 24.446 24.271 24.159 23.998 23.772 23.554 23.260 22.928 22.600 22.317 22.193 22.203 22.346 22.922 23.474 24.199 24.733 24.938 22.412 20.419 18.353 22.378 25.405 25.698 24.734 26.177 26.361 26.493 26.672 26.409 26.729 24.505 25.285 25.509 26.319 26.336 26.186 26.006 25.618 25.343 25.087 24.740 24.500 24.381 24.275 23.935 23.630 23.383 23.151 22.780 22.390 21.987 21.539 24.700 27.582 25.926 25.003 24.373 24.630
26.339 26.192 26.122 26.045 25.965 25.860 25.757 25.655 25.568 25.451 25.288 25.067 24.922 24.779 24.694 24.534 24.367 24.239 24.065 23.900 23.796 23.767 23.804 23.992 24.253 24.635 25.001 25.403 25.724 26.095 26.822 26.924 25.218 23.388 24.556 22.241 24.438 25.200 26.232 26.690 26.911 26.974 26.802 25.936 25.918 26.599 26.771 26.356 26.220 26.099 25.795 25.621 25.263 25.048 24.829 24.601 24.529 24.332 24.083 23.895 23.761 23.498 23.200 23.068 22.994 26.615 28.733 28.141 26.525 24.827 24.677
26.560 26.416 26.354 26.283 26.213 26.110 25.998 25.888 25.743 25.666 25.590 25.483 25.385 25.288 25.220 25.053 24.963 24.902 24.832 24.807 24.796 24.863 25.020 25.218 25.459 25.658 25.870 26.116 26.432 26.740 27.197 27.476 27.458 27.093 27.090 25.413 24.855 23.984 25.764 26.839 26.976 26.813 26.339 26.372 27.151 27.372 27.137 26.633 26.345 26.260 26.132 26.030 25.781 25.469 25.324 25.038 25.005 24.938 24.741 24.571 24.514 24.469 24.309 24.205 24.203 26.657 28.124 27.688 26.818 26.397 26.150
26.827 26.604 26.542 26.464 26.381 26.323 26.271 26.224 26.138 25.974 25.893 25.842 25.728 25.674 25.633 25.473 25.441 25.419 25.346 25.374 25.429 25.457 25.616 25.736 25.874 26.018 26.187 26.279 26.547 26.819 26.988 27.083 27.069 27.099 27.327 27.417 27.438 26.541 25.830 27.104 27.021 26.308 25.814 27.584 26.555 26.885 27.053 26.880 26.742 26.598 26.486 26.366 26.197 25.894 25.741 25.471 25.445 25.406 25.266 25.175 25.117 25.139 25.087 24.993 25.243 26.110 25.745 25.922 26.179 26.306 26.600
