data-raw/tempfiles/10_grid_data_10000BP.asc
ncols 144
nrows 72
xllcorner -180
yllcorner -90
cellsize 2.5
nodata_value -9999
[rows 0 to 31 of 72, columns 0 to 70 of 144]
-17.878 -18.046 -18.124 -18.154 -18.142 -18.148 -18.170 -18.194 -18.225 -18.267 -18.278 -18.309 -18.351 -18.386 -18.398 -18.423 -18.441 -18.501 -18.553 -18.565 -18.615 -18.602 -18.661 -18.727 -18.722 -18.646 -18.582 -18.607 -18.706 -18.747 -18.728 -18.675 -18.634 -18.541 -18.559 -18.426 -18.414 -18.315 -18.338 -18.467 -18.456 -18.463 -18.480 -18.472 -18.437 -18.464 -18.434 -18.417 -18.483 -18.449 -18.442 -18.457 -18.355 -18.301 -18.210 -18.245 -18.191 -18.145 -18.159 -18.177 -18.189 -18.216 -18.233 -18.461 -18.595 -18.829 -18.675 -18.590 -18.428 -18.397 -18.377
-17.367 -17.492 -17.507 -17.503 -17.485 -17.427 -17.337 -17.245 -17.151 -17.061 -16.962 -16.890 -16.911 -16.921 -16.960 -17.012 -17.080 -17.182 -17.317 -17.427 -17.525 -17.545 -17.683 -17.815 -17.909 -17.982 -18.020 -18.117 -18.251 -18.372 -18.454 -18.481 -18.539 -18.565 -18.626 -18.607 -18.609 -18.587 -18.605 -18.653 -18.649 -18.661 -18.629 -18.641 -18.630 -18.666 -18.681 -18.635 -18.792 -18.852 -18.903 -18.995 -18.973 -18.964 -18.919 -18.895 -18.849 -18.765 -18.735 -18.695 -18.616 -18.558 -18.498 -18.369 -18.217 -18.153 -18.110 -18.015 -17.924 -17.835 -17.752
-16.191 -16.176 -16.204 -16.252 -16.311 -16.263 -16.274 -16.354 -16.407 -16.429 -16.397 -16.368 -16.351 -16.344 -16.348 -16.311 -16.310 -16.333 -16.396 -16.436 -16.514 -16.586 -16.703 -16.875 -17.033 -17.199 -17.336 -17.540 -17.799 -18.040 -18.248 -18.405 -18.581 -18.692 -18.723 -18.722 -18.770 -18.853 -19.232 -19.790 -19.913 -19.962 -19.983 -20.000 -19.859 -19.620 -19.309 -18.944 -19.017 -19.270 -19.466 -19.564 -19.798 -20.256 -20.710 -21.483 -22.290 -22.601 -22.647 -22.615 -21.876 -20.914 -19.198 -18.229 -17.947 -17.857 -17.730 -17.480 -17.225 -17.012 -16.815
-15.979 -15.911 -15.943 -15.999 -16.057 -16.119 -16.115 -16.143 -16.142 -16.080 -15.994 -15.936 -15.855 -15.865 -15.879 -15.858 -15.864 -15.884 -16.000 -16.105 -16.214 -16.420 -16.581 -16.743 -16.935 -17.051 -17.212 -17.419 -17.575 -17.802 -18.073 -18.132 -18.663 -19.887 -23.091 -23.913 -24.304 -24.006 -24.525 -25.064 -25.114 -25.302 -25.382 -24.750 -23.036 -22.046 -21.996 -23.118 -23.245 -23.494 -23.640 -23.747 -24.225 -24.943 -25.448 -26.079 -26.210 -25.749 -25.647 -25.550 -25.068 -24.614 -23.971 -22.058 -21.102 -18.265 -16.483 -15.673 -15.373 -15.013 -14.620
-15.168 -15.014 -14.979 -14.948 -14.888 -14.840 -14.865 -14.954 -14.967 -14.921 -14.864 -14.831 -14.922 -15.040 -15.151 -15.257 -15.360 -15.542 -15.786 -16.069 -16.357 -16.652 -16.793 -16.961 -17.121 -17.203 -17.627 -18.310 -17.965 -18.073 -19.040 -19.431 -18.736 -19.862 -23.276 -24.197 -23.539 -22.738 -23.324 -25.234 -24.001 -21.126 -19.200 -19.415 -20.697 -21.189 -22.582 -23.877 -25.072 -26.151 -27.238 -28.184 -29.035 -29.866 -30.399 -30.473 -30.063 -29.118 -27.740 -25.953 -23.868 -21.882 -20.615 -19.515 -16.959 -15.427 -14.304 -13.930 -13.414 -12.693 -11.615
-13.310 -13.216 -13.150 -13.095 -13.042 -13.023 -13.032 -13.064 -13.142 -13.218 -13.248 -13.312 -13.512 -13.727 -13.991 -14.263 -14.620 -15.027 -15.416 -15.722 -15.976 -16.139 -16.156 -16.559 -17.254 -17.324 -17.527 -17.309 -17.431 -17.605 -18.222 -19.605 -19.860 -19.554 -19.852 -20.249 -21.366 -23.199 -23.568 -22.904 -19.491 -17.013 -16.496 -16.749 -17.968 -17.972 -17.735 -18.083 -19.496 -21.524 -24.124 -26.804 -28.593 -29.984 -30.807 -31.082 -30.813 -30.172 -29.304 -28.001 -25.929 -23.028 -20.515 -18.116 -14.600 -13.309 -12.643 -12.027 -11.147 -10.094 -8.923
-12.135 -11.883 -11.693 -11.553 -11.460 -11.389 -11.461 -11.509 -11.681 -11.778 -11.889 -12.007 -12.210 -12.359 -12.525 -12.697 -12.945 -13.243 -13.479 -13.661 -13.743 -13.731 -15.420 -16.454 -16.940 -16.715 -16.023 -15.982 -16.031 -16.266 -15.993 -17.393 -18.657 -18.070 -20.201 -19.837 -20.099 -20.486 -20.957 -20.668 -19.567 -18.015 -17.263 -17.118 -16.895 -16.479 -15.797 -14.580 -13.179 -14.056 -17.451 -22.267 -25.700 -28.237 -29.755 -30.803 -31.338 -31.244 -30.180 -27.534 -24.176 -20.715 -18.152 -15.262 -11.639 -10.345 -9.501 -8.726 -8.166 -7.916 -7.409
-10.790 -9.997 -9.611 -9.354 -9.161 -9.108 -9.216 -9.586 -10.456 -10.709 -10.578 -10.108 -10.119 -10.264 -10.538 -10.975 -11.225 -11.357 -11.436 -11.514 -11.440 -11.475 -13.004 -13.602 -13.507 -14.598 -14.771 -15.404 -15.710 -15.696 -15.238 -15.535 -16.877 -18.064 -18.909 -17.632 -19.466 -21.061 -21.680 -21.691 -20.739 -20.768 -20.353 -19.316 -17.062 -16.050 -15.466 -13.824 -12.387 -11.060 -12.326 -15.576 -20.275 -24.722 -27.266 -28.937 -30.175 -30.174 -28.008 -23.619 -20.096 -17.561 -15.134 -11.207 -8.621 -7.312 -6.651 -6.218 -5.871 -5.392 -4.749
-9.992 -8.259 -7.573 -7.291 -6.787 -6.420 -7.595 -9.588 -9.976 -10.340 -10.488 -10.170 -10.191 -10.335 -10.289 -10.128 -9.429 -8.791 -8.751 -9.022 -9.534 -10.344 -11.462 -12.292 -11.512 -11.080 -12.145 -13.581 -13.915 -14.093 -14.608 -14.624 -14.994 -15.691 -16.862 -17.935 -17.853 -18.272 -19.606 -18.630 -18.427 -18.589 -18.435 -19.172 -18.149 -16.241 -15.048 -13.856 -12.524 -10.573 -9.652 -10.579 -15.798 -21.369 -24.862 -26.623 -27.446 -25.909 -20.314 -17.028 -14.242 -10.794 -7.486 -5.624 -4.811 -4.270 -3.990 -3.867 -3.706 -3.237 -2.576
-7.365 -6.776 -6.395 -5.640 -4.562 -4.258 -4.635 -5.330 -5.173 -4.817 -5.186 -5.263 -5.014 -4.720 -4.642 -5.487 -6.790 -6.685 -6.023 -5.702 -5.582 -6.041 -6.924 -7.993 -8.856 -8.976 -9.890 -11.004 -11.577 -12.696 -13.469 -14.381 -15.210 -16.062 -17.090 -18.063 -18.246 -18.181 -18.886 -18.278 -18.395 -18.227 -17.677 -17.094 -16.494 -16.550 -16.836 -13.794 -11.392 -8.863 -8.395 -11.817 -16.466 -21.374 -23.625 -20.985 -16.449 -14.326 -8.845 -5.363 -3.784 -2.703 -2.676 -3.525 -4.586 -4.287 -2.626 -2.076 -2.247 -2.017 -1.552
-3.046 -2.352 -3.067 -2.768 -2.375 -1.903 -2.040 -2.323 -1.805 -1.242 -1.839 -2.953 -3.199 -3.567 -4.232 -3.918 -3.839 -4.420 -5.222 -6.200 -6.726 -5.088 -3.465 -3.677 -4.467 -5.420 -7.027 -8.298 -9.100 -10.262 -11.381 -12.530 -13.597 -14.688 -15.736 -16.184 -16.243 -16.891 -17.424 -17.064 -16.789 -16.321 -15.783 -15.996 -17.034 -16.569 -13.526 -11.416 -9.321 -7.159 -5.811 -7.908 -15.828 -22.522 -21.771 -11.634 -5.708 -4.816 -4.363 -3.423 -2.381 -1.379 -0.995 -1.814 -3.804 -2.992 -1.046 -0.681 -0.843 -0.767 -0.477
-0.388 -0.180 -0.502 -0.600 -0.587 -0.360 -0.245 -0.536 -0.823 -0.223 -2.141 -0.085 -0.660 -0.747 -2.390 -5.426 -4.859 -2.663 -2.729 -3.470 -3.805 -3.876 -2.008 -1.293 -1.977 -2.109 -3.145 -4.200 -6.219 -7.928 -9.538 -11.285 -12.533 -13.542 -14.447 -14.910 -15.438 -15.914 -16.113 -16.000 -15.545 -16.192 -16.068 -14.866 -13.766 -12.551 -10.890 -9.130 -7.179 -5.738 -4.793 -4.377 -8.166 -12.258 -12.877 -4.906 -3.934 -3.348 -2.371 -1.665 -0.905 -0.383 0.124 0.495 0.841 0.972 0.850 0.749 0.615 0.612 0.774
2.029 1.938 1.572 1.211 0.983 1.109 1.457 1.199 1.584 1.295 2.657 4.824 5.470 6.415 6.599 5.895 3.825 1.389 -0.037 -1.521 -1.643 -1.785 -0.234 0.606 0.134 -0.635 -1.133 -1.483 -3.169 -4.805 -6.499 -8.059 -9.810 -10.856 -12.061 -13.193 -14.151 -14.851 -15.068 -14.923 -14.281 -14.343 -14.131 -13.362 -11.759 -11.029 -11.084 -8.312 -6.195 -4.503 -3.430 -2.999 -2.791 -2.725 -3.101 -2.483 -1.906 -1.418 -0.518 0.168 0.821 1.366 1.922 2.213 2.412 2.590 2.617 2.589 2.454 2.234 2.200
3.434 3.502 3.509 3.336 3.278 3.427 3.766 3.831 3.948 4.665 5.338 6.157 6.681 6.854 7.300 7.612 7.869 7.702 6.749 2.873 0.708 0.033 0.663 2.011 2.480 2.105 1.465 0.780 -0.441 -1.855 -3.178 -4.418 -5.716 -6.997 -8.194 -9.747 -11.483 -12.277 -12.930 -13.274 -12.652 -11.809 -12.199 -11.638 -10.372 -9.729 -9.339 -7.391 -5.970 -4.469 -3.084 -1.993 -1.217 -0.656 -0.324 0.049 0.452 1.114 1.878 2.496 3.106 3.582 4.029 4.509 4.653 4.773 4.836 4.750 4.579 3.975 2.956
4.399 4.556 4.686 4.747 4.820 4.951 5.224 5.519 5.954 6.340 6.578 6.925 7.219 7.686 8.131 8.493 8.740 8.844 8.909 8.466 5.454 3.245 3.579 1.758 1.029 2.666 3.283 2.300 1.562 0.883 0.095 -0.883 -2.605 -3.477 -4.960 -6.331 -7.378 -8.056 -8.452 -10.385 -10.304 -9.774 -10.359 -10.970 -10.587 -9.551 -8.108 -5.837 -4.659 -4.228 -3.570 -1.833 -0.290 0.934 1.814 2.422 2.821 3.268 3.850 4.459 5.048 5.511 5.925 6.292 6.576 6.774 6.785 6.510 5.538 5.630 5.290
4.937 5.183 5.331 5.545 5.715 5.909 6.071 6.282 6.436 6.830 7.162 7.507 7.828 8.192 8.576 8.972 9.286 9.654 9.657 9.778 9.361 5.182 3.225 3.795 2.274 0.693 3.854 4.490 3.665 3.051 1.990 1.427 1.184 -0.097 -1.833 -3.316 -4.598 -5.238 -5.411 -6.266 -6.981 -7.337 -8.168 -8.383 -7.480 -6.594 -5.363 -3.770 -2.829 -1.963 -2.217 -1.050 0.181 1.731 3.352 4.640 5.431 5.878 6.265 6.782 7.244 7.523 7.846 8.100 8.346 8.554 8.560 8.287 7.759 7.683 7.006
5.514 5.878 6.078 6.296 6.468 6.629 6.832 7.072 7.286 7.602 7.948 8.285 8.588 8.961 9.262 9.611 9.923 10.254 10.572 10.753 10.839 10.269 9.777 6.428 6.244 5.029 4.262 6.121 6.057 5.519 4.651 4.044 3.045 2.496 1.095 -0.696 -1.533 -2.477 -3.052 -3.543 -4.025 -4.445 -4.787 -4.267 -2.754 -1.981 -1.119 -0.568 -0.121 0.672 0.917 0.709 1.222 2.747 4.831 6.779 8.043 8.557 8.850 9.195 9.495 9.659 9.885 10.029 10.186 10.293 10.362 10.364 10.143 9.929 9.421
6.401 6.867 7.101 7.345 7.572 7.774 7.961 8.197 8.455 8.753 9.098 9.385 9.576 9.784 10.003 10.307 10.612 10.886 11.310 11.756 12.030 11.869 11.651 9.327 10.129 7.134 4.340 4.560 6.733 7.990 7.127 6.620 5.518 4.280 3.459 2.502 2.133 1.928 0.998 0.633 0.300 0.343 0.363 -0.124 0.911 1.772 2.285 2.426 2.818 3.136 3.048 3.079 3.666 5.277 7.487 9.439 10.441 10.868 11.169 11.365 11.614 11.773 11.873 11.916 11.928 11.962 12.032 12.086 12.083 12.035 11.718
7.992 8.406 8.694 8.950 9.216 9.393 9.544 9.743 9.990 10.215 10.451 10.769 10.975 11.165 11.361 11.551 11.829 12.006 12.383 12.688 12.750 12.476 11.564 8.342 7.991 7.673 5.009 3.641 4.537 6.645 8.206 8.821 8.112 6.512 5.814 5.831 5.465 5.267 5.628 5.315 5.055 5.069 4.518 4.350 3.923 4.218 4.656 5.348 6.306 7.067 7.563 7.593 8.180 9.753 11.488 12.649 12.994 13.130 13.360 13.506 13.668 13.786 13.851 13.777 13.761 13.743 13.724 13.733 13.195 11.970 12.382
10.342 10.453 10.671 10.956 11.186 11.327 11.374 11.505 11.674 11.871 12.099 12.328 12.509 12.649 12.793 13.036 13.243 13.494 13.648 13.830 13.648 12.908 11.784 9.344 9.363 7.612 8.506 5.216 5.532 4.811 9.127 9.700 9.760 9.358 8.741 8.735 8.580 8.379 8.419 8.612 7.584 8.223 8.375 7.993 7.777 8.737 10.138 11.302 12.050 12.575 12.811 12.751 13.032 13.809 14.534 14.987 15.115 15.139 15.267 15.374 15.413 15.373 15.400 15.277 15.352 15.358 15.383 15.251 14.046 12.414 11.686
13.190 12.869 13.026 13.137 13.234 13.316 13.352 13.421 13.524 13.664 13.852 14.033 14.176 14.275 14.443 14.680 14.890 15.092 15.180 15.145 14.793 13.821 13.728 13.648 9.391 8.838 8.383 7.251 6.940 3.377 9.792 11.970 12.220 11.904 11.874 11.559 11.768 11.414 11.154 10.515 10.802 12.653 12.080 12.664 14.046 14.998 15.726 16.380 16.684 16.718 16.748 16.660 16.566 16.684 16.805 16.893 16.957 16.945 16.966 16.867 16.615 16.569 16.636 16.799 16.827 16.825 16.830 16.670 16.689 16.026 14.419
15.815 15.331 15.314 15.282 15.261 15.221 15.219 15.242 15.365 15.498 15.647 15.744 15.793 15.873 16.015 16.183 16.350 16.457 16.460 16.357 16.098 15.218 14.043 15.635 13.939 16.224 13.844 10.676 9.575 7.521 11.413 13.932 14.487 14.492 13.110 13.689 13.890 12.982 11.924 12.560 14.686 15.003 16.079 17.099 17.955 18.598 18.738 18.847 18.866 18.825 18.769 18.693 18.597 18.527 18.520 18.529 18.538 18.517 18.503 18.369 18.034 17.828 17.642 17.802 17.799 17.949 17.949 17.821 17.807 17.605 16.453
18.000 17.469 17.343 17.325 17.166 17.089 17.076 17.047 17.192 17.275 17.377 17.457 17.379 17.425 17.534 17.601 17.669 17.712 17.642 17.460 17.137 16.402 15.402 15.112 16.461 18.621 20.485 15.677 11.210 13.105 14.282 15.927 17.121 16.478 15.802 15.879 15.364 15.183 15.605 16.538 17.420 18.578 19.304 19.550 19.758 20.450 20.561 20.544 20.578 20.548 20.485 20.404 20.322 20.293 20.224 20.098 20.069 19.984 19.860 19.669 19.438 19.285 19.091 19.074 18.957 18.963 18.965 18.865 18.669 17.094 15.875
19.936 19.497 19.276 19.133 18.934 18.826 18.854 18.903 18.989 19.072 19.146 19.213 19.144 19.084 19.101 19.023 18.954 18.880 18.714 18.491 18.139 17.545 16.832 16.424 16.471 18.298 22.277 19.251 16.072 16.789 16.847 17.896 18.233 17.979 17.688 17.059 17.485 17.375 17.597 18.845 20.680 21.434 21.327 21.058 21.121 21.880 21.966 22.044 22.079 22.046 21.967 21.883 21.750 21.724 21.627 21.514 21.406 21.264 21.055 20.801 20.615 20.311 20.112 19.886 19.871 19.932 19.837 19.455 18.358 16.568 19.336
21.661 21.336 21.049 20.802 20.620 20.557 20.545 20.553 20.578 20.635 20.703 20.738 20.677 20.613 20.528 20.337 20.145 19.960 19.715 19.426 18.993 18.449 17.819 17.479 17.383 17.701 21.277 21.665 15.768 15.616 18.134 19.504 20.421 19.609 19.936 19.789 20.313 20.186 20.070 20.447 22.494 23.121 22.941 22.832 22.266 23.186 23.472 23.437 23.405 23.322 23.150 22.964 22.952 22.863 22.697 22.508 22.288 22.080 21.777 21.426 21.192 20.922 20.841 20.827 20.856 20.637 20.642 21.018 21.312 22.377 22.205
23.183 22.914 22.670 22.428 22.300 22.237 22.160 22.131 22.147 22.190 22.215 22.169 22.105 21.966 21.748 21.491 21.235 20.975 20.653 20.230 19.751 19.176 18.674 18.335 18.276 18.323 20.405 22.363 20.007 14.879 19.381 20.178 22.204 22.227 22.610 22.793 23.101 23.188 22.888 22.231 23.899 24.421 24.296 24.367 23.372 23.812 24.621 24.611 24.511 24.341 24.077 23.743 23.731 23.613 23.460 23.277 22.986 22.738 22.384 22.048 21.899 21.686 21.519 21.658 21.443 21.015 21.871 22.290 22.241 22.845 22.610
24.364 24.183 24.033 23.930 23.826 23.750 23.665 23.618 23.673 23.741 23.565 23.312 23.115 22.904 22.677 22.390 22.101 21.792 21.394 20.989 20.464 19.895 19.437 19.203 19.204 19.461 20.291 22.474 23.107 18.973 16.304 17.257 21.291 23.436 24.315 24.556 24.801 24.979 24.724 24.481 24.972 25.338 25.421 25.438 24.805 24.406 25.491 25.620 25.452 25.146 24.886 24.567 24.330 24.133 24.026 23.782 23.491 23.210 22.842 22.539 22.371 22.074 21.810 21.688 20.984 21.619 23.271 23.607 23.849 24.103 23.931
25.453 25.232 25.100 25.036 24.960 24.900 24.884 24.851 24.912 24.708 24.514 24.128 23.854 23.662 23.450 23.244 22.949 22.618 22.240 21.812 21.361 20.931 20.630 20.568 20.716 21.148 21.788 22.746 23.700 23.132 18.202 16.701 19.814 23.760 25.037 25.494 25.320 25.660 25.596 25.446 25.503 25.528 26.133 26.021 25.367 25.027 25.898 26.079 25.964 25.563 25.304 25.067 24.753 24.322 24.084 24.008 23.844 23.565 23.265 23.023 22.832 22.524 22.219 21.735 20.815 23.235 24.601 24.080 24.279 24.431 24.751
26.054 25.821 25.739 25.714 25.666 25.574 25.516 25.468 25.470 24.889 24.837 24.648 24.397 24.215 24.091 23.911 23.653 23.403 23.083 22.743 22.431 22.179 22.096 22.150 22.331 22.944 23.517 24.253 24.787 25.009 22.466 20.469 18.410 22.365 25.399 25.691 24.722 26.160 26.336 26.463 26.638 26.374 26.693 24.478 25.258 25.484 26.292 26.307 26.155 25.972 25.583 25.309 25.054 24.706 24.468 24.349 24.257 23.934 23.656 23.433 23.227 22.879 22.491 22.075 21.569 24.566 27.387 25.684 24.901 24.389 24.606
26.331 26.180 26.106 26.023 25.936 25.822 25.711 25.601 25.511 25.392 25.228 25.003 24.855 24.707 24.618 24.449 24.265 24.119 23.931 23.760 23.668 23.661 23.733 23.963 24.263 24.683 25.068 25.478 25.795 26.159 26.839 26.827 25.184 23.385 24.553 22.245 24.435 25.188 26.206 26.654 26.868 26.924 26.748 25.878 25.861 26.544 26.720 26.310 26.176 26.057 25.753 25.579 25.222 25.010 24.795 24.574 24.518 24.335 24.104 23.927 23.804 23.550 23.250 23.098 22.975 26.417 28.425 27.814 26.334 24.757 24.689
26.538 26.392 26.329 26.254 26.177 26.066 25.947 25.832 25.685 25.605 25.525 25.413 25.313 25.216 25.152 24.988 24.899 24.839 24.769 24.749 24.745 24.824 24.998 25.215 25.480 25.699 25.920 26.171 26.484 26.786 27.229 27.472 27.443 27.104 27.115 25.453 24.879 23.978 25.729 26.789 26.919 26.749 26.267 26.291 27.078 27.302 27.074 26.578 26.296 26.216 26.094 25.997 25.754 25.446 25.305 25.026 25.003 24.945 24.752 24.577 24.522 24.480 24.321 24.199 24.165 26.602 28.026 27.604 26.717 26.333 26.085
26.802 26.577 26.511 26.430 26.341 26.281 26.226 26.178 26.091 25.925 25.841 25.788 25.671 25.619 25.583 25.428 25.405 25.391 25.328 25.367 25.429 25.464 25.627 25.754 25.903 26.054 26.226 26.318 26.584 26.853 27.015 27.105 27.089 27.127 27.363 27.454 27.461 26.531 25.828 27.076 26.989 26.267 25.779 27.542 26.520 26.848 27.006 26.822 26.683 26.546 26.442 26.338 26.180 25.884 25.732 25.463 25.440 25.408 25.267 25.172 25.112 25.136 25.092 24.989 25.218 26.076 25.718 25.928 26.215 26.359 26.632
