data-raw/tempfiles/10_grid_data_10000BP.asc
ncols 144
nrows 72
xllcorner -180
yllcorner -90
cellsize 2.5
nodata_value -9999
[rows 32 to 63 of 72, columns 0 to 70 of 144]
27.019 26.739 26.714 26.676 26.607 26.531 26.521 26.459 26.420 26.306 26.223 26.156 26.098 26.026 25.958 25.889 25.856 25.809 25.765 25.765 25.805 25.814 25.834 25.912 26.003 26.061 26.124 26.181 26.306 26.432 26.451 26.483 26.551 26.671 26.814 26.791 26.799 26.837 25.631 25.784 25.992 25.772 26.063 24.772 27.147 27.823 27.225 26.274 26.423 26.568 26.614 26.609 26.590 26.405 26.296 26.085 25.993 25.773 25.749 25.702 25.712 25.787 25.812 25.784 26.046 26.598 26.796 25.430 24.600 25.629 26.458
27.179 26.958 26.888 26.840 26.773 26.709 26.665 26.664 26.708 26.630 26.486 26.403 26.342 26.255 26.194 26.145 26.130 26.068 25.994 25.939 25.941 25.906 25.832 25.833 25.847 25.853 25.848 25.840 25.851 25.828 25.823 25.863 25.941 26.029 26.062 26.116 26.249 26.429 26.577 26.509 25.702 22.821 21.557 24.871 26.617 23.413 24.455 23.887 25.004 26.326 26.531 26.717 26.752 26.665 26.593 26.446 26.335 26.119 26.044 26.097 26.193 26.269 26.270 26.241 26.429 26.853 27.429 26.575 25.367 25.545 25.987
27.185 27.112 27.054 27.064 26.980 26.909 26.933 26.986 27.075 27.036 26.769 26.559 26.533 26.441 26.282 26.338 26.278 26.128 26.118 26.028 25.856 25.820 25.717 25.592 25.552 25.443 25.333 25.317 25.215 25.137 25.120 25.129 25.214 25.333 25.417 25.527 25.687 25.717 25.776 25.790 25.449 22.330 23.331 25.888 25.560 23.261 23.279 25.515 25.362 25.666 25.846 26.145 26.791 26.742 26.829 26.751 26.518 26.295 26.187 26.303 26.448 26.435 26.342 26.205 26.232 26.396 26.776 26.858 26.628 26.437 26.616
27.223 27.243 27.192 27.135 27.038 26.924 26.873 26.964 27.060 26.937 26.634 26.405 26.243 26.159 26.066 26.050 25.994 25.813 25.711 25.649 25.481 25.325 25.181 25.032 24.855 24.719 24.531 24.436 24.336 24.178 24.082 24.069 24.086 24.047 24.107 24.261 24.461 24.518 24.754 24.931 22.615 22.206 25.035 25.231 25.537 25.078 25.029 25.879 25.172 25.635 25.811 25.724 26.663 26.867 27.016 26.905 26.731 26.534 26.407 26.448 26.429 26.319 26.154 25.966 25.831 25.850 26.080 26.255 26.393 26.378 26.402
27.430 27.369 27.368 27.328 27.208 27.070 26.978 26.988 26.994 26.874 26.669 26.491 26.327 26.209 26.168 26.107 25.979 25.852 25.756 25.656 25.578 25.427 25.228 25.011 24.804 24.599 24.411 24.288 24.179 24.056 23.912 23.765 23.680 23.551 23.520 23.496 23.699 23.548 23.573 23.763 19.259 25.600 26.373 26.174 25.962 25.671 25.374 26.148 25.944 25.895 25.995 26.522 26.740 26.713 26.987 27.062 26.906 26.743 26.570 26.535 26.457 26.305 26.115 25.882 25.681 25.614 25.632 25.722 25.877 25.935 25.858
27.680 27.518 27.619 27.562 27.397 27.282 27.181 27.147 27.125 26.943 26.793 26.700 26.546 26.482 26.516 26.333 26.185 26.122 25.997 25.913 25.894 25.727 25.610 25.475 25.215 25.049 24.913 24.649 24.512 24.485 24.274 24.148 24.047 23.833 23.760 23.679 23.612 23.336 22.874 23.340 21.468 25.641 26.648 26.654 26.068 24.821 25.473 26.263 26.986 25.949 25.507 25.901 26.463 26.024 27.845 27.952 27.459 27.191 26.787 26.674 26.618 26.426 26.217 25.980 25.794 25.703 25.640 25.621 25.664 25.708 25.613
27.811 27.584 27.792 27.825 27.579 27.409 27.394 27.336 27.255 27.107 26.986 26.909 26.854 26.788 26.713 26.528 26.388 26.257 26.188 26.104 26.010 25.922 25.781 25.665 25.530 25.339 25.174 24.971 24.821 24.686 24.498 24.299 24.153 23.989 23.817 23.643 23.510 23.303 22.811 22.991 20.260 24.071 26.040 26.910 26.645 25.387 25.660 25.786 26.414 25.462 24.769 25.200 26.304 26.597 27.202 27.579 28.022 26.875 26.730 26.756 26.662 26.443 26.212 25.987 25.785 25.658 25.494 25.252 25.127 25.117 25.054
27.863 27.664 27.946 28.020 27.756 27.602 27.591 27.571 27.425 27.172 27.008 26.945 26.942 26.932 26.809 26.605 26.450 26.343 26.277 26.163 26.032 25.869 25.690 25.539 25.411 25.258 25.115 24.947 24.722 24.510 24.302 24.079 23.829 23.572 23.279 23.025 22.902 22.815 22.428 21.694 19.065 19.394 25.214 24.926 25.775 25.772 25.782 25.692 25.664 25.292 25.146 25.602 26.753 26.700 27.155 26.731 26.305 24.782 26.576 26.627 26.503 26.264 25.967 25.704 25.459 25.225 24.961 24.582 24.222 24.191 24.202
27.659 27.437 27.671 27.819 27.657 27.597 27.564 27.473 27.309 27.083 26.952 26.938 27.004 26.997 26.838 26.669 26.493 26.318 26.239 26.072 25.891 25.728 25.534 25.334 25.221 25.053 24.871 24.733 24.457 24.209 23.995 23.677 23.300 22.986 22.628 22.351 22.144 21.989 21.744 21.467 20.589 14.266 21.028 24.407 25.181 26.008 25.578 25.555 25.303 25.706 25.863 26.335 26.533 25.334 26.397 24.754 25.085 25.968 26.464 26.278 26.049 25.798 25.480 25.175 24.846 24.544 24.260 23.905 23.597 23.308 23.216
27.211 27.018 27.151 27.161 27.154 27.127 27.118 27.065 26.936 26.800 26.797 26.870 26.936 26.924 26.779 26.609 26.429 26.170 25.938 25.780 25.629 25.431 25.257 25.078 24.873 24.672 24.447 24.221 24.007 23.759 23.471 23.182 22.793 22.418 21.997 21.472 21.111 21.003 21.057 20.920 20.500 18.189 11.678 12.340 21.472 25.645 25.421 25.129 24.728 25.774 25.864 26.522 25.487 24.674 25.726 24.069 25.392 26.341 26.184 25.823 25.490 25.197 24.841 24.484 24.153 23.965 23.744 23.402 23.002 22.679 22.484
26.556 26.449 26.512 26.419 26.325 26.363 26.455 26.510 26.442 26.396 26.467 26.568 26.602 26.568 26.470 26.351 26.156 25.834 25.587 25.405 25.271 25.074 24.884 24.661 24.477 24.260 24.029 23.783 23.506 23.262 23.019 22.689 22.191 21.695 21.405 20.831 20.678 20.563 20.352 20.190 19.963 20.154 17.896 11.440 11.142 20.465 24.491 24.614 25.536 26.397 25.477 25.518 24.253 24.381 24.713 24.638 25.728 26.107 25.857 25.455 25.118 24.763 24.348 23.929 23.551 23.493 23.348 22.978 22.656 22.283 22.011
25.531 25.417 25.442 25.362 25.255 25.330 25.523 25.627 25.618 25.599 25.616 25.624 25.651 25.719 25.722 25.756 25.655 25.346 25.058 24.859 24.737 24.584 24.394 24.221 24.035 23.818 23.620 23.372 23.108 22.860 22.328 21.839 21.300 21.363 21.261 20.923 20.483 20.318 19.956 19.782 19.556 19.564 19.646 19.236 9.864 11.936 20.955 24.749 25.444 25.905 24.852 24.355 24.130 23.893 23.709 25.185 25.808 25.679 25.399 25.085 24.785 24.458 24.039 23.602 23.197 23.159 23.115 22.702 22.427 22.125 21.845
24.263 24.089 24.026 23.966 23.954 24.078 24.214 24.276 24.317 24.336 24.353 24.345 24.438 24.572 24.687 24.799 24.789 24.530 24.241 24.082 23.997 23.934 23.793 23.620 23.437 23.258 23.094 22.896 22.665 22.366 21.635 21.191 21.052 21.148 20.949 20.666 20.331 20.070 19.702 19.316 19.045 18.939 18.638 19.035 11.862 8.275 20.170 24.644 25.146 23.975 24.371 24.379 23.253 22.275 22.757 24.723 25.298 25.092 24.729 24.494 24.261 23.981 23.676 23.348 22.914 22.845 22.760 22.484 22.248 21.985 21.610
22.809 22.681 22.616 22.589 22.602 22.660 22.717 22.732 22.802 22.884 22.895 22.953 23.094 23.226 23.319 23.436 23.432 23.297 23.158 23.057 23.021 23.007 22.935 22.798 22.620 22.502 22.391 22.337 22.130 21.562 21.076 20.837 20.845 20.748 20.522 20.247 19.998 19.789 19.428 19.033 18.695 18.417 18.035 18.671 11.175 7.349 21.793 24.041 23.826 23.289 23.154 21.928 21.420 22.512 24.010 24.507 24.373 24.092 23.763 23.599 23.513 23.337 23.116 22.915 22.654 22.479 22.417 22.170 21.956 21.745 21.365
21.265 21.202 21.185 21.209 21.215 21.212 21.232 21.212 21.238 21.319 21.407 21.485 21.608 21.704 21.768 21.871 21.876 21.818 21.833 21.813 21.814 21.832 21.800 21.719 21.647 21.556 21.633 21.622 21.226 20.537 20.741 20.481 20.361 20.109 19.894 19.625 19.454 19.240 18.950 18.478 18.254 17.845 17.428 18.096 5.922 11.051 21.874 22.864 22.760 22.369 21.505 19.520 21.432 22.709 23.205 23.171 22.891 22.671 22.490 22.408 22.392 22.306 22.144 22.031 21.906 21.703 21.604 21.446 21.232 21.036 20.746
19.838 19.824 19.846 19.844 19.783 19.785 19.769 19.746 19.771 19.802 19.876 19.941 20.034 20.099 20.160 20.251 20.261 20.302 20.341 20.346 20.390 20.393 20.375 20.380 20.382 20.395 20.682 20.580 19.897 19.734 19.735 19.621 19.410 19.106 18.979 18.745 18.632 18.419 18.105 17.699 17.577 17.206 16.800 16.121 8.325 18.424 21.332 21.335 21.128 21.389 20.419 19.667 20.934 21.875 21.929 21.618 21.379 21.236 21.112 21.068 21.009 20.954 20.855 20.762 20.706 20.578 20.431 20.297 20.245 20.176 19.934
18.606 18.561 18.555 18.488 18.418 18.353 18.286 18.263 18.283 18.322 18.350 18.387 18.455 18.533 18.586 18.647 18.680 18.738 18.823 18.842 18.840 18.828 18.802 18.783 18.805 19.027 19.422 19.093 18.728 18.667 18.509 18.362 18.228 18.015 17.872 17.662 17.566 17.416 17.207 16.985 16.801 16.399 15.939 13.299 13.183 19.803 19.226 19.845 19.845 19.450 19.312 20.366 20.486 20.654 20.415 20.058 19.829 19.677 19.595 19.584 19.497 19.402 19.340 19.307 19.256 19.156 19.098 18.954 18.732 18.478 18.577
17.342 17.342 17.260 17.139 17.009 16.918 16.856 16.792 16.762 16.796 16.798 16.778 16.800 16.856 16.897 17.000 17.039 17.104 17.165 17.153 17.102 17.101 17.024 16.990 17.139 17.392 17.615 17.214 16.740 16.833 16.877 16.823 16.823 16.643 16.547 16.453 16.362 16.274 16.154 15.979 15.767 15.418 14.947 12.737 12.931 17.939 18.410 18.057 18.229 17.916 18.318 18.629 19.108 19.052 18.844 18.608 18.363 18.164 17.994 17.875 17.782 17.665 17.564 17.564 17.508 17.401 17.433 17.265 17.113 16.853 16.709
16.094 16.068 15.931 15.807 15.649 15.529 15.424 15.352 15.320 15.310 15.278 15.258 15.203 15.233 15.302 15.394 15.444 15.477 15.512 15.514 15.478 15.412 15.301 15.437 15.244 15.515 15.368 15.209 15.044 14.713 14.944 15.125 15.129 15.157 14.998 15.010 15.086 15.055 14.911 14.745 14.642 14.211 13.865 11.519 13.811 17.473 16.812 15.869 16.506 16.405 16.638 17.129 17.605 17.435 17.206 17.049 16.849 16.582 16.356 16.139 15.954 15.807 15.722 15.664 15.624 15.540 15.457 15.264 15.084 14.935 14.824
14.920 14.953 14.712 14.543 14.327 14.182 14.062 13.981 13.938 13.890 13.861 13.812 13.761 13.725 13.725 13.786 13.856 13.898 13.938 13.948 13.894 13.812 13.807 13.778 13.375 13.358 13.404 13.319 13.198 12.730 13.230 13.421 13.445 13.481 13.469 13.548 13.620 13.706 13.718 13.635 13.539 13.338 12.634 10.050 15.297 16.755 16.112 15.283 14.701 14.039 14.631 15.568 15.745 15.475 15.240 15.109 14.931 14.717 14.538 14.344 14.109 13.952 13.833 13.745 13.643 13.537 13.442 13.289 13.049 12.778 12.544
13.497 13.563 13.340 13.156 12.941 12.764 12.638 12.529 12.470 12.410 12.346 12.302 12.240 12.201 12.170 12.166 12.211 12.250 12.252 12.269 12.213 12.123 12.040 11.830 11.782 11.654 11.827 11.533 11.570 11.436 11.788 11.836 11.816 11.811 11.794 11.913 11.976 12.117 12.281 12.311 12.261 12.215 11.392 9.025 11.331 14.480 15.290 14.002 12.425 11.959 12.632 13.591 13.536 13.118 12.853 12.650 12.482 12.347 12.261 12.177 12.067 11.942 11.875 11.728 11.590 11.443 11.388 11.307 10.993 10.598 10.334
11.842 12.061 11.997 11.853 11.663 11.451 11.323 11.205 11.120 11.053 10.989 10.883 10.800 10.738 10.703 10.655 10.634 10.625 10.604 10.608 10.573 10.534 10.486 10.242 10.166 10.142 9.999 9.953 10.067 10.265 10.395 10.402 10.296 10.202 10.210 10.282 10.403 10.567 10.777 10.854 10.972 11.044 9.817 7.838 11.684 13.822 12.884 11.553 10.519 10.469 11.182 11.601 11.383 10.907 10.567 10.341 10.139 9.940 9.836 9.735 9.657 9.631 9.635 9.617 9.511 9.273 9.135 9.055 8.894 8.643 8.619
10.144 10.465 10.571 10.536 10.412 10.247 10.123 9.990 9.873 9.759 9.651 9.529 9.430 9.351 9.281 9.206 9.173 9.130 9.095 9.077 9.094 9.071 9.045 8.815 8.889 8.646 8.505 8.669 8.921 9.005 8.948 8.864 8.765 8.770 8.828 8.831 8.909 9.068 9.216 9.340 9.519 9.522 6.357 6.461 10.822 11.677 10.782 9.830 9.027 8.942 9.364 9.540 9.357 8.970 8.725 8.531 8.235 7.916 7.650 7.407 7.259 7.233 7.289 7.388 7.372 7.125 6.864 6.691 6.574 6.551 6.608
8.932 9.181 9.349 9.334 9.220 9.116 9.007 8.912 8.784 8.652 8.541 8.427 8.292 8.169 8.045 7.970 7.942 7.897 7.855 7.841 7.807 7.718 7.677 7.312 7.242 7.187 7.305 7.578 7.565 7.545 7.467 7.431 7.432 7.446 7.529 7.540 7.530 7.663 7.863 8.045 8.190 7.892 3.342 5.844 9.791 10.253 9.202 8.518 7.815 7.498 7.405 7.205 7.028 6.755 6.502 6.318 6.008 5.698 5.453 5.231 5.036 5.025 5.091 5.243 5.318 5.207 4.939 4.665 4.438 4.368 4.474
7.774 7.898 7.965 7.888 7.765 7.702 7.633 7.569 7.500 7.398 7.266 7.132 7.005 6.885 6.821 6.767 6.707 6.659 6.637 6.620 6.576 6.229 6.002 6.016 5.801 5.660 6.071 6.219 6.167 6.177 6.124 6.148 6.214 6.216 6.215 6.270 6.344 6.454 6.609 6.749 6.862 6.989 4.526 6.297 7.981 7.754 7.416 7.110 6.800 6.035 5.417 5.008 4.706 4.338 3.940 3.644 3.418 3.269 3.122 2.989 2.936 2.979 3.101 3.297 3.344 3.305 3.107 2.813 2.499 2.383 2.343
6.580 6.587 6.543 6.422 6.239 6.116 6.041 5.942 5.859 5.725 5.537 5.349 5.172 5.113 5.147 5.154 5.137 5.106 5.076 5.092 5.001 4.884 4.909 4.701 4.582 4.739 4.875 4.914 4.945 4.974 4.987 4.989 4.885 4.922 4.969 5.019 5.094 5.155 5.221 5.205 5.440 5.782 5.434 4.861 5.262 5.903 5.791 5.541 5.334 4.706 4.014 3.516 3.026 2.543 2.078 1.783 1.614 1.423 1.375 1.133 1.038 1.111 1.257 1.428 1.494 1.505 1.367 1.176 0.845 0.643 0.486
5.201 5.032 4.875 4.673 4.483 4.290 4.146 3.979 3.748 3.545 3.269 2.964 2.716 2.649 2.747 2.910 3.030 3.053 2.967 2.901 2.908 2.988 3.130 3.237 3.260 3.338 3.408 3.477 3.533 3.557 3.570 3.555 3.487 3.450 3.481 3.496 3.524 3.571 3.611 3.690 3.914 4.261 4.410 4.501 4.441 4.247 3.660 3.151 2.800 2.392 1.895 1.467 0.998 0.615 0.288 0.119 0.078 -0.014 -0.233 -0.565 -0.818 -0.873 -0.581 -0.352 -0.315 -0.378 -0.516 -0.718 -0.956 -1.191 -1.415
3.220 2.813 2.716 2.580 2.365 2.184 2.019 1.731 1.478 1.164 0.847 0.570 0.304 0.216 0.297 0.432 0.499 0.476 0.518 0.589 0.787 0.962 1.235 1.379 1.441 1.534 1.635 1.763 1.770 1.773 1.781 1.788 1.750 1.784 1.814 1.826 1.889 1.989 2.103 2.206 2.347 2.374 2.475 2.503 2.246 1.883 1.159 0.643 0.147 -0.311 -0.808 -1.251 -1.715 -1.949 -2.231 -2.367 -2.433 -2.571 -2.755 -2.923 -3.113 -3.098 -2.626 -2.464 -2.587 -2.795 -3.018 -3.158 -3.206 -3.232 -3.191
0.940 0.462 0.339 0.158 -0.046 -0.231 -0.456 -0.751 -0.991 -1.166 -1.669 -1.863 -2.212 -2.384 -2.453 -2.516 -2.207 -1.762 -1.514 -1.370 -1.198 -0.990 -0.669 -0.436 -0.313 -0.162 -0.092 -0.072 -0.158 -0.148 -0.152 -0.173 -0.143 -0.098 -0.103 -0.028 0.078 0.231 0.387 0.458 0.506 0.300 0.154 -0.068 -0.530 -1.009 -1.438 -1.936 -2.645 -3.319 -4.001 -4.618 -5.301 -5.734 -5.786 -5.141 -5.084 -5.035 -5.023 -5.071 -5.146 -5.060 -4.862 -4.820 -4.870 -4.983 -4.994 -4.943 -4.893 -4.765 -4.601
-2.369 -2.751 -2.926 -3.017 -3.258 -3.496 -3.765 -4.096 -4.184 -4.270 -4.480 -4.676 -4.852 -4.860 -4.740 -4.497 -4.231 -4.021 -3.781 -3.584 -3.386 -2.970 -2.558 -2.371 -2.228 -2.138 -2.138 -2.164 -2.168 -2.167 -2.138 -2.069 -1.997 -1.969 -1.978 -1.911 -1.782 -1.688 -1.640 -1.666 -1.767 -2.000 -2.181 -2.619 -3.031 -3.519 -4.496 -6.638 -7.198 -6.864 -7.146 -7.791 -8.457 -8.908 -8.568 -7.422 -6.801 -6.720 -6.632 -6.600 -6.665 -6.667 -6.655 -6.869 -7.071 -6.969 -6.690 -6.564 -6.453 -6.294 -5.982
-6.691 -6.599 -6.649 -6.677 -6.771 -6.863 -6.949 -7.061 -7.099 -7.081 -7.174 -7.200 -7.102 -6.942 -6.764 -6.657 -6.599 -6.377 -6.077 -5.879 -5.730 -5.620 -5.567 -5.497 -5.314 -5.107 -5.034 -5.035 -5.007 -4.837 -4.638 -4.480 -4.333 -4.308 -4.333 -4.340 -4.343 -4.308 -4.381 -4.411 -4.571 -4.720 -4.779 -5.032 -5.674 -9.214 -10.656 -10.325 -8.688 -9.424 -9.921 -10.349 -10.492 -10.660 -10.535 -10.025 -9.413 -9.174 -8.657 -8.429 -8.477 -8.472 -8.522 -8.803 -8.959 -9.043 -8.704 -8.530 -8.446 -8.167 -7.886
-10.518 -9.876 -9.694 -9.546 -9.488 -9.376 -9.355 -9.403 -9.388 -9.379 -9.390 -9.336 -9.221 -9.114 -8.949 -8.784 -8.567 -8.353 -8.217 -8.229 -8.291 -8.354 -8.349 -8.269 -8.034 -7.840 -7.827 -7.910 -7.836 -7.655 -7.447 -7.239 -7.040 -6.999 -7.007 -7.114 -7.156 -7.254 -7.349 -7.274 -7.250 -7.481 -7.736 -8.833 -9.416 -13.226 -14.366 -13.103 -11.627 -11.647 -11.809 -11.945 -12.252 -12.514 -12.507 -12.500 -12.444 -12.222 -11.654 -11.420 -11.300 -11.093 -10.901 -10.842 -10.775 -10.825 -10.806 -10.770 -10.704 -10.704 -10.447
