data-raw/tempfiles/10_grid_data_10000BP.asc
ncols 144
nrows 72
xllcorner -180
yllcorner -90
cellsize 2.5
nodata_value -9999
[rows 32 to 63 of 72, columns 71 to 141 of 144]
26.913 26.243 26.046 26.435 25.708 26.131 26.102 26.605 27.005 26.667 25.457 25.841 25.984 25.805 24.504 18.667 17.283 21.252 22.848 25.096 25.861 26.300 26.387 26.744 27.107 27.316 27.522 27.718 27.744 27.776 27.751 26.966 27.489 27.518 27.700 27.324 27.119 26.933 26.985 27.154 26.704 26.385 26.343 26.432 27.235 27.504 27.653 27.811 27.715 27.635 26.706 26.884 27.646 27.654 27.565 27.520 27.572 27.647 27.641 27.510 27.543 27.668 27.552 27.403 27.373 27.393 27.413 27.485 27.599 27.450 27.204
26.362 26.611 26.392 26.189 25.368 23.571 23.562 24.914 25.916 25.632 25.533 25.830 25.740 25.948 26.357 22.251 19.424 24.098 26.536 27.083 27.187 26.325 26.687 26.953 27.226 27.349 27.460 27.565 27.630 27.706 27.722 27.735 27.517 26.897 27.655 27.497 27.441 27.348 27.337 26.975 27.143 25.366 26.096 26.610 27.261 27.352 27.599 26.354 27.192 27.540 27.020 26.985 27.528 27.495 27.444 27.418 27.438 27.400 27.149 27.347 27.695 27.659 27.637 27.508 27.559 27.619 27.590 27.572 27.630 27.525 27.351
26.662 26.677 26.641 26.239 25.328 24.162 23.619 24.397 25.116 24.823 24.417 24.571 24.146 24.930 26.064 28.220 24.400 26.538 27.398 27.754 26.549 26.639 26.833 27.009 27.176 27.269 27.375 27.435 27.516 27.540 27.522 27.450 27.406 27.389 27.415 27.389 27.403 27.400 27.357 25.634 25.541 25.325 25.411 25.881 26.213 26.324 26.150 24.899 27.136 27.527 27.460 27.370 27.436 27.446 27.359 27.033 26.972 27.281 27.494 27.684 27.816 27.793 27.733 27.598 27.598 27.660 27.594 27.569 27.651 27.708 27.657
26.364 26.342 26.314 26.230 26.100 24.282 24.076 24.896 25.094 24.952 24.621 23.986 22.423 22.384 23.837 23.910 26.286 28.349 27.793 26.911 26.629 26.621 26.757 26.942 27.095 27.193 27.293 27.343 27.390 27.434 27.425 27.330 27.250 27.211 27.222 27.237 27.256 27.175 27.061 26.976 25.592 25.592 25.357 25.257 24.942 25.280 24.625 24.812 26.894 26.545 26.961 27.332 27.059 27.408 27.326 27.532 27.520 27.620 27.649 27.694 27.830 27.908 27.779 27.608 27.569 27.598 27.598 27.642 27.758 27.891 27.900
25.724 25.720 25.729 25.701 25.949 24.843 24.281 25.215 25.078 24.994 24.598 23.657 21.394 21.100 22.218 21.235 25.779 27.501 26.674 26.726 26.682 26.668 26.724 26.849 26.948 26.993 27.051 27.133 27.259 27.343 27.304 27.206 27.133 27.122 27.107 27.045 26.979 26.923 26.864 26.788 26.375 24.785 25.213 24.983 24.883 25.185 25.699 26.364 26.492 25.543 27.198 27.522 27.339 26.772 25.953 27.099 27.083 27.410 27.490 27.505 27.731 27.914 27.871 27.660 27.575 27.631 27.650 27.706 27.770 27.860 27.990
25.447 25.403 25.432 25.497 25.873 24.894 24.228 25.085 25.345 25.123 24.770 24.270 21.931 22.564 23.918 23.230 25.357 26.547 26.811 26.898 26.672 26.619 26.637 26.723 26.794 26.807 26.841 26.893 27.016 27.224 27.233 27.113 27.029 27.017 26.981 26.926 26.810 26.793 26.809 26.679 26.757 26.106 25.113 25.456 25.212 25.649 26.017 26.624 26.800 26.086 27.615 27.203 27.172 27.337 26.490 23.309 22.574 24.395 26.173 27.354 27.746 27.306 27.670 27.630 27.487 27.546 27.596 27.598 27.635 27.731 27.872
24.913 24.772 24.723 24.886 25.164 25.084 24.750 24.188 24.071 24.667 24.693 24.835 23.840 23.425 23.343 23.209 25.341 26.436 26.746 26.816 26.631 26.489 26.520 26.594 26.667 26.702 26.722 26.743 26.871 27.066 27.122 27.031 26.970 26.864 26.866 26.865 26.794 26.765 26.764 26.781 27.007 26.979 26.502 25.933 25.338 25.691 26.210 27.103 27.717 28.055 27.928 27.742 27.702 27.701 27.589 27.160 26.459 24.440 20.357 22.366 26.476 26.530 27.554 27.234 27.356 27.384 27.459 27.460 27.450 27.520 27.661
24.131 23.874 23.712 23.889 24.217 24.705 25.247 23.552 23.245 23.363 23.483 24.099 22.992 22.373 21.789 22.079 24.731 26.279 26.540 26.689 26.517 26.401 26.457 26.523 26.577 26.594 26.562 26.565 26.724 26.878 26.927 26.784 26.802 26.770 26.710 26.724 26.723 26.706 26.672 26.704 26.820 26.904 26.973 26.831 26.629 26.601 26.618 27.247 27.556 27.787 27.741 27.620 28.061 28.028 27.682 27.089 26.306 25.512 25.048 24.261 24.819 27.112 27.432 27.335 27.146 26.931 27.272 27.265 27.261 27.300 27.405
23.170 23.020 22.831 22.691 22.885 23.471 22.941 20.745 22.151 22.909 22.981 22.519 22.971 22.277 21.546 22.636 23.779 26.367 26.840 26.786 26.464 26.312 26.374 26.432 26.417 26.378 26.366 26.359 26.487 26.564 26.590 26.323 26.490 26.501 26.511 26.497 26.487 26.498 26.487 26.484 26.469 26.490 26.486 26.739 26.920 27.170 27.494 27.628 27.956 28.155 28.203 28.214 28.057 28.299 27.921 27.590 27.038 26.596 25.577 26.213 26.075 26.771 27.123 27.163 27.029 26.912 27.014 26.965 26.943 27.021 27.153
22.390 22.356 22.181 21.853 21.586 22.108 23.044 20.641 21.590 22.836 23.560 23.101 22.547 23.281 22.238 22.779 23.701 26.385 26.623 26.526 24.570 25.964 26.369 26.268 26.154 26.093 26.062 26.047 26.077 26.088 26.020 25.842 25.995 26.063 26.090 26.083 26.035 26.007 25.997 26.000 25.881 25.900 26.025 26.166 26.326 26.579 26.943 27.307 27.759 28.049 28.246 28.199 28.473 28.854 28.271 28.241 27.791 27.504 26.336 26.244 26.433 26.630 26.779 26.799 26.672 26.660 26.602 26.401 26.429 26.606 26.824
21.916 21.862 21.697 21.251 20.534 22.582 24.493 23.724 22.762 23.769 24.645 23.376 23.592 23.815 24.921 24.360 25.387 26.431 26.225 26.226 22.943 25.650 26.174 25.978 25.800 25.721 25.648 25.596 25.539 25.468 25.303 25.345 25.343 25.350 25.302 25.264 25.228 25.165 25.114 25.125 25.008 25.013 25.109 25.204 25.563 25.939 26.410 26.957 27.502 27.724 28.294 27.976 29.280 29.158 28.612 28.179 27.695 27.687 26.343 25.234 26.012 26.079 26.166 26.123 26.036 26.053 25.985 25.678 25.613 25.863 26.162
21.611 21.407 21.341 20.941 20.067 20.369 23.332 23.327 23.019 23.833 24.579 23.968 22.727 21.322 23.684 25.640 25.991 26.114 25.591 22.483 22.395 25.793 25.951 25.583 25.173 25.070 24.983 24.918 24.802 24.706 24.499 24.536 24.510 24.347 24.243 24.246 24.124 24.056 23.948 23.889 23.757 23.796 23.722 24.119 24.507 25.075 25.786 26.574 27.007 27.988 28.715 28.904 28.227 28.379 28.313 28.080 27.718 27.816 25.117 24.221 25.331 25.266 25.294 25.149 25.039 25.084 25.104 24.888 24.626 24.787 25.115
21.293 20.994 20.799 20.627 20.106 18.982 21.438 21.428 21.317 23.155 24.269 23.788 23.188 24.640 25.331 25.357 25.742 25.396 25.072 22.243 23.875 25.263 25.374 24.857 24.578 24.238 24.122 24.006 23.900 23.770 23.681 23.533 23.397 23.257 23.123 23.055 22.914 22.789 22.546 22.544 22.375 22.348 22.360 22.800 23.206 23.876 25.078 26.776 26.895 27.309 27.665 27.526 27.129 26.332 26.007 26.362 26.435 26.601 25.421 24.820 24.060 24.232 24.375 24.134 23.951 23.986 23.896 23.515 23.669 23.711 23.926
20.972 20.686 20.294 19.874 19.720 18.654 18.931 21.545 21.476 22.100 22.442 22.377 22.162 24.169 26.074 24.873 24.821 24.653 24.473 22.537 24.491 24.577 24.417 24.074 23.727 23.387 23.220 23.072 23.009 22.876 22.619 22.470 22.288 22.132 21.968 21.856 21.732 21.491 21.188 21.215 20.857 20.787 20.867 21.349 21.939 22.587 24.756 25.361 25.348 26.122 26.834 26.357 25.261 24.043 23.860 25.451 25.970 25.840 25.064 23.806 23.238 23.018 23.417 23.239 22.949 22.885 22.956 22.898 22.696 22.651 22.709
20.451 20.205 19.883 19.542 19.488 18.795 18.103 21.224 21.473 21.939 20.730 19.559 18.751 21.123 24.427 23.786 23.635 23.593 24.016 23.793 23.624 23.161 22.981 22.817 22.482 22.221 22.025 21.898 21.858 21.704 21.342 21.269 21.157 20.947 20.746 20.402 20.136 19.927 19.880 19.744 19.123 19.154 19.235 19.791 20.403 21.102 23.022 23.690 23.725 24.223 24.336 23.640 21.930 21.834 23.365 24.525 24.802 24.490 23.847 22.826 21.931 21.336 22.086 22.376 21.973 21.813 21.686 21.561 21.394 21.363 21.443
19.645 19.325 19.109 19.022 18.926 18.649 17.803 19.923 20.891 20.810 19.219 18.375 16.351 21.006 23.029 22.630 22.525 22.347 22.337 22.216 22.002 21.459 20.899 20.521 20.673 20.427 20.449 20.107 20.279 20.251 20.119 19.852 19.570 18.812 17.678 17.049 16.959 16.980 17.376 17.426 17.018 17.123 17.890 18.421 18.877 19.616 20.876 21.640 21.198 21.742 21.754 22.171 21.311 21.179 21.902 23.052 23.054 23.258 23.223 22.457 21.940 19.109 20.753 21.485 21.061 20.693 20.457 20.159 20.013 20.040 20.118
18.393 18.169 18.155 18.160 18.078 18.085 17.967 17.786 19.489 18.963 18.368 17.209 18.404 21.530 21.490 21.072 20.977 20.785 20.654 20.519 20.122 19.039 19.000 18.908 19.081 19.040 18.839 18.344 18.052 18.592 18.489 17.841 16.346 15.589 15.473 15.439 15.386 15.322 15.199 15.197 15.206 15.314 16.169 16.930 17.226 17.974 19.099 19.504 19.276 19.681 20.542 21.326 20.751 20.386 20.357 20.593 20.160 20.946 20.938 20.634 19.622 17.297 20.387 20.511 20.149 19.771 19.437 19.106 18.855 18.701 18.728
16.587 16.444 16.537 16.762 16.719 16.856 17.059 17.116 17.836 18.550 19.297 19.717 19.703 19.669 19.495 19.156 19.112 18.987 18.853 18.189 17.475 17.465 17.634 17.503 17.129 17.096 16.481 15.968 15.938 16.546 16.143 14.745 13.953 13.882 13.885 13.752 13.629 13.553 13.557 13.526 13.553 13.736 14.251 14.990 15.558 16.377 17.480 17.814 18.014 18.222 18.134 17.171 17.045 17.136 17.843 19.026 18.786 19.500 19.301 18.371 16.482 18.609 19.643 19.328 18.976 18.621 18.251 17.962 17.569 17.254 17.161
14.882 14.796 14.667 14.651 14.765 15.071 15.506 16.117 16.709 17.250 17.564 17.850 17.790 17.652 17.470 17.441 17.347 17.135 16.813 16.137 15.886 15.936 15.784 15.595 15.396 15.564 15.317 14.914 14.615 13.673 13.163 12.648 12.865 13.121 12.691 12.083 11.969 12.057 12.392 12.385 12.222 12.500 12.998 13.353 13.845 14.394 15.122 15.572 15.588 15.331 15.159 15.165 15.264 15.448 15.662 16.058 16.589 17.002 16.656 15.640 14.383 17.251 17.937 17.809 17.577 17.242 16.891 16.617 16.294 16.007 15.562
12.544 12.708 12.629 12.640 12.708 13.046 13.638 14.380 15.139 15.335 15.468 15.261 15.033 14.949 14.934 14.674 14.606 14.446 14.226 14.317 14.420 14.372 14.486 14.383 14.461 14.399 14.254 13.773 13.216 12.326 11.707 12.454 12.992 12.917 12.738 12.340 11.780 11.580 11.438 10.796 10.905 11.468 11.848 11.963 12.154 12.365 12.796 13.253 13.224 13.188 13.214 13.282 13.491 13.682 13.805 14.187 14.601 15.133 15.256 14.778 15.258 15.584 15.842 15.847 15.687 15.407 15.157 15.084 15.088 15.062 14.159
10.283 10.385 10.420 10.399 10.368 10.636 11.040 11.699 12.261 12.226 12.279 12.200 12.184 12.285 12.115 12.054 11.919 11.674 11.476 11.591 11.662 11.646 12.087 12.434 12.824 12.956 12.835 12.444 12.128 11.672 11.156 10.690 10.745 11.087 11.165 10.947 10.870 10.838 10.666 10.408 10.572 10.652 10.542 10.504 10.473 10.493 10.598 10.830 11.074 11.346 11.434 11.351 11.472 11.865 12.004 12.291 12.696 13.085 13.235 12.408 13.304 13.825 13.935 13.890 13.811 13.649 13.607 13.663 13.870 12.506 12.102
8.582 8.405 8.394 8.105 8.215 8.222 8.478 8.651 8.743 9.004 9.081 9.185 9.333 9.476 9.345 9.184 9.124 8.812 8.702 8.707 8.681 8.704 9.113 9.775 10.385 10.796 10.925 10.553 10.215 10.195 10.091 9.935 9.529 9.244 9.092 9.017 9.181 9.162 9.006 9.016 9.095 9.182 9.158 9.238 9.326 9.325 9.331 9.336 9.545 9.932 10.045 10.040 10.091 10.278 10.378 10.620 11.009 11.281 11.642 11.897 12.094 12.122 12.025 11.968 12.006 12.036 12.202 12.027 9.508 9.184 11.656
6.624 6.593 6.458 6.034 5.766 5.665 5.806 6.046 6.217 6.237 6.136 6.308 6.736 6.894 6.884 6.781 6.850 6.897 6.840 6.746 6.593 6.565 6.767 7.122 7.574 7.934 8.031 7.785 7.625 7.639 7.752 7.833 7.683 7.534 7.600 7.799 7.668 7.149 7.065 6.919 6.854 7.018 7.318 7.394 7.496 7.670 7.779 7.953 7.970 8.260 8.649 8.767 8.869 9.069 9.149 9.127 9.486 9.749 9.923 10.183 10.245 10.255 10.209 10.236 10.345 10.574 10.888 10.289 9.013 10.655 10.775
4.600 4.624 4.605 4.421 4.206 4.008 3.914 3.958 3.906 3.907 3.853 4.063 4.471 4.731 4.878 4.900 4.937 5.097 5.196 5.220 5.178 5.146 5.076 5.100 5.279 5.464 5.573 5.507 5.325 5.448 5.328 5.251 5.276 5.316 5.483 5.447 5.263 5.478 5.696 5.264 5.035 5.256 5.439 5.402 5.299 5.573 5.890 6.121 6.258 6.395 6.863 7.136 7.328 7.523 7.679 7.725 7.766 8.070 8.148 8.276 8.454 8.555 8.615 8.722 8.855 9.118 9.372 9.527 9.479 9.262 9.120
2.512 2.599 2.565 2.428 2.242 2.062 2.030 2.005 1.970 1.926 1.959 2.118 2.421 2.755 3.001 3.160 3.333 3.397 3.446 3.526 3.580 3.617 3.509 3.401 3.465 3.549 3.730 3.828 3.795 3.784 3.517 3.305 3.216 3.252 3.342 3.493 3.550 3.782 3.861 3.610 3.308 3.362 3.530 3.618 3.618 3.593 3.830 4.054 4.322 4.552 4.896 5.322 5.623 5.672 5.638 5.915 6.007 6.110 6.207 6.316 6.574 6.810 6.995 7.107 7.303 7.540 7.780 7.944 8.018 7.938 7.767
0.505 0.551 0.546 0.469 0.311 0.204 0.236 0.310 0.329 0.367 0.471 0.676 1.008 1.347 1.609 1.823 1.902 1.932 1.886 1.864 1.996 2.067 1.993 1.942 1.943 2.130 2.249 2.297 2.224 2.113 1.787 1.485 1.266 1.263 1.512 1.837 1.976 2.190 2.116 1.932 1.912 2.082 2.066 1.993 1.975 1.875 2.148 2.466 2.739 3.008 3.284 3.585 3.766 3.868 3.948 4.171 4.168 4.129 4.154 4.288 4.546 4.874 5.138 5.184 5.243 5.708 6.123 6.461 6.599 6.566 6.427
-1.349 -1.366 -1.407 -1.469 -1.522 -1.471 -1.368 -1.180 -1.075 -0.948 -0.598 -0.254 0.054 0.312 0.469 0.688 0.708 0.706 0.720 0.578 0.535 0.492 0.376 0.334 0.284 0.384 0.441 0.456 0.406 0.253 -0.028 -0.323 -0.514 -0.479 -0.274 0.067 0.309 0.412 0.461 0.452 0.369 0.350 0.352 0.416 0.480 0.518 0.670 0.927 1.099 1.370 1.543 1.706 1.782 1.973 2.242 2.383 2.474 2.384 2.240 2.294 2.431 2.693 3.048 3.151 3.089 3.406 4.141 4.667 4.996 5.085 5.026
-3.063 -3.076 -3.111 -3.261 -3.223 -2.990 -2.820 -2.657 -2.433 -2.062 -1.722 -1.444 -1.126 -1.136 -1.151 -1.017 -1.069 -1.060 -1.097 -1.264 -1.360 -1.457 -1.682 -1.904 -1.943 -1.779 -1.741 -1.645 -1.823 -2.159 -2.488 -2.759 -2.838 -2.747 -2.559 -2.037 -1.682 -1.669 -1.826 -1.794 -1.691 -1.619 -1.456 -1.330 -1.140 -0.966 -0.801 -0.687 -0.449 -0.311 -0.194 -0.021 0.113 0.201 0.451 0.504 0.447 0.639 0.565 0.376 0.449 0.513 0.658 0.952 1.009 1.176 1.821 2.380 2.775 2.995 2.997
-4.446 -4.317 -4.252 -4.552 -4.597 -4.312 -4.182 -3.960 -3.737 -3.620 -3.451 -3.208 -3.092 -3.130 -3.048 -3.050 -3.009 -3.069 -3.227 -3.373 -3.600 -3.998 -4.378 -4.647 -4.821 -4.675 -4.725 -4.735 -4.928 -5.038 -5.132 -5.161 -5.002 -4.914 -4.889 -4.766 -4.561 -4.525 -4.529 -4.497 -4.341 -4.132 -3.836 -3.597 -3.403 -3.178 -2.884 -2.782 -2.512 -2.371 -2.174 -1.962 -1.777 -1.687 -1.704 -1.772 -1.903 -1.832 -1.870 -2.012 -2.074 -2.140 -2.129 -1.709 -1.471 -1.351 -0.941 -0.634 -0.372 -0.109 0.231
-5.767 -5.608 -5.438 -5.352 -5.426 -5.557 -5.681 -5.638 -5.561 -5.475 -5.398 -5.328 -5.347 -5.338 -5.300 -5.407 -5.278 -5.370 -5.656 -5.863 -6.365 -6.900 -7.238 -7.679 -8.080 -7.940 -8.178 -8.357 -8.415 -8.349 -8.166 -8.115 -7.957 -7.852 -7.977 -8.200 -8.266 -8.228 -8.195 -8.293 -8.242 -8.024 -7.564 -7.130 -6.758 -6.558 -6.462 -6.379 -5.990 -5.586 -5.389 -5.370 -5.298 -5.271 -5.440 -5.586 -5.747 -5.785 -5.747 -5.876 -5.875 -5.801 -5.819 -5.599 -5.603 -5.467 -5.087 -4.746 -4.442 -4.147 -3.900
-7.629 -7.179 -7.089 -7.018 -6.944 -7.224 -7.707 -7.835 -7.846 -7.688 -7.711 -7.716 -7.641 -7.595 -7.514 -7.369 -7.477 -7.739 -8.037 -8.943 -10.082 -13.649 -16.619 -13.988 -12.240 -12.300 -12.378 -11.809 -11.643 -11.762 -11.345 -11.479 -10.921 -10.651 -12.182 -13.492 -13.839 -13.744 -14.086 -16.139 -15.610 -15.881 -16.068 -13.713 -11.579 -12.965 -13.270 -11.402 -10.334 -10.790 -11.743 -12.355 -12.035 -14.113 -15.092 -14.447 -14.286 -12.816 -11.410 -10.572 -10.126 -10.019 -9.854 -9.413 -9.363 -8.935 -8.611 -7.948 -7.917 -7.733 -7.462
-10.439 -9.943 -9.237 -8.934 -8.669 -8.835 -9.671 -9.828 -9.643 -9.568 -9.606 -9.507 -9.361 -9.903 -11.336 -10.622 -9.970 -13.216 -18.341 -20.996 -22.609 -25.824 -28.053 -27.298 -26.465 -25.107 -23.325 -19.903 -17.499 -15.487 -13.455 -12.728 -15.625 -19.664 -22.260 -24.208 -25.246 -26.530 -27.674 -28.239 -27.905 -27.919 -28.543 -28.062 -26.360 -24.554 -23.325 -22.603 -22.528 -23.649 -25.384 -26.217 -26.466 -27.548 -29.122 -29.550 -28.684 -26.124 -22.881 -20.268 -19.187 -17.834 -17.298 -15.925 -14.198 -12.603 -12.442 -11.652 -11.146 -10.826 -10.797
