data-raw/tempfiles/10_grid_data_10000BP.asc
ncols 144
nrows 72
xllcorner -180
yllcorner -90
cellsize 2.5
nodata_value -9999
[rows 0 to 31 of 72, columns 71 to 141 of 144]
-18.411 -18.490 -18.529 -18.624 -18.613 -18.647 -18.435 -18.317 -18.264 -18.356 -18.303 -18.343 -18.349 -18.289 -18.209 -18.263 -18.244 -18.268 -18.333 -18.348 -18.333 -18.380 -18.385 -18.435 -18.493 -18.485 -18.414 -18.432 -18.439 -18.470 -18.521 -18.488 -18.504 -18.519 -18.532 -18.538 -18.542 -18.502 -18.492 -18.359 -18.428 -18.499 -18.549 -18.546 -18.540 -18.538 -18.520 -18.485 -18.490 -18.480 -18.469 -18.456 -18.392 -18.359 -18.398 -18.363 -18.334 -18.371 -18.377 -18.376 -18.368 -18.344 -18.311 -18.304 -18.306 -18.291 -18.263 -18.234 -18.222 -18.208 -18.183
-17.685 -17.656 -17.604 -17.500 -17.407 -17.393 -17.372 -17.324 -17.341 -17.351 -17.317 -17.322 -17.302 -17.306 -17.297 -17.338 -17.366 -17.384 -17.414 -17.454 -17.452 -17.484 -17.540 -17.575 -17.609 -17.593 -17.565 -17.570 -17.570 -17.575 -17.588 -17.583 -17.595 -17.612 -17.638 -17.629 -17.630 -17.639 -17.655 -17.693 -17.738 -17.771 -17.793 -17.809 -17.826 -17.853 -17.844 -17.829 -17.851 -17.862 -17.864 -17.842 -17.856 -17.840 -17.818 -17.829 -17.811 -17.800 -17.776 -17.745 -17.724 -17.663 -17.605 -17.565 -17.559 -17.526 -17.498 -17.504 -17.504 -17.510 -17.512
-16.638 -16.530 -16.316 -16.186 -16.140 -16.075 -15.987 -15.962 -15.984 -16.064 -16.107 -16.121 -16.202 -16.308 -16.412 -16.553 -16.684 -16.775 -16.891 -16.997 -17.071 -17.128 -17.157 -17.153 -17.152 -17.140 -17.166 -17.177 -17.185 -17.194 -17.211 -17.225 -17.225 -17.212 -17.208 -17.192 -17.182 -17.190 -17.193 -17.212 -17.173 -17.164 -17.169 -17.177 -17.204 -17.237 -17.256 -17.282 -17.311 -17.354 -17.393 -17.423 -17.486 -17.475 -17.448 -17.440 -17.421 -17.378 -17.338 -17.299 -17.248 -17.171 -17.115 -17.039 -16.970 -16.870 -16.786 -16.688 -16.480 -16.435 -16.432
-14.123 -13.583 -13.046 -12.687 -12.628 -12.601 -12.828 -13.033 -13.526 -13.970 -14.465 -14.606 -14.827 -15.158 -15.435 -15.641 -15.859 -15.939 -15.962 -16.002 -16.036 -16.054 -16.050 -15.988 -15.944 -16.048 -16.192 -16.309 -16.438 -16.554 -16.586 -16.661 -16.690 -16.715 -16.766 -16.769 -16.949 -17.322 -18.791 -18.295 -16.923 -16.431 -16.419 -16.543 -16.604 -16.624 -16.658 -16.656 -16.673 -16.748 -16.812 -16.835 -16.919 -16.908 -16.882 -16.914 -16.894 -16.872 -16.846 -16.761 -16.651 -16.538 -16.410 -16.221 -15.991 -15.755 -15.649 -15.687 -15.806 -15.917 -15.965
-10.274 -9.126 -8.264 -7.837 -8.207 -9.732 -12.060 -13.986 -14.179 -13.491 -13.721 -13.549 -13.582 -13.826 -14.080 -14.248 -14.423 -14.477 -14.376 -14.241 -14.112 -13.980 -13.828 -13.666 -13.557 -13.508 -13.589 -13.707 -13.955 -14.204 -14.483 -14.816 -15.097 -15.397 -15.676 -15.922 -16.119 -16.427 -17.430 -18.227 -17.613 -18.201 -17.861 -16.343 -16.153 -16.385 -16.426 -16.423 -16.479 -16.531 -16.596 -16.638 -16.602 -16.611 -16.622 -16.651 -16.710 -16.745 -16.730 -16.700 -16.584 -16.474 -16.343 -16.137 -15.846 -15.505 -15.147 -15.001 -15.153 -15.213 -15.218
-7.884 -7.106 -6.564 -6.314 -6.316 -6.639 -7.340 -8.740 -9.706 -10.077 -10.173 -10.189 -10.157 -10.256 -10.536 -10.795 -10.925 -10.878 -10.711 -10.602 -10.617 -10.652 -10.574 -10.810 -11.370 -11.497 -11.644 -11.794 -11.733 -11.897 -12.366 -12.914 -13.408 -13.919 -14.280 -14.573 -14.992 -15.392 -16.033 -16.361 -16.675 -17.628 -18.301 -17.953 -18.283 -18.199 -16.645 -16.201 -16.359 -16.431 -16.394 -16.345 -16.349 -16.269 -16.171 -16.298 -17.202 -17.066 -16.827 -16.222 -16.176 -16.139 -15.925 -15.651 -15.237 -14.707 -13.939 -13.696 -13.760 -13.759 -13.629
-6.763 -6.116 -5.598 -5.294 -5.052 -4.986 -5.007 -5.043 -5.207 -5.256 -5.404 -5.356 -5.297 -5.403 -5.688 -6.098 -6.445 -6.586 -6.652 -6.891 -7.376 -8.194 -9.789 -11.335 -10.749 -10.386 -10.176 -10.242 -10.486 -10.919 -11.049 -11.508 -12.106 -13.330 -14.129 -14.439 -15.185 -15.665 -16.115 -16.269 -16.194 -16.042 -15.974 -16.048 -16.302 -16.485 -16.267 -16.498 -16.425 -16.120 -16.039 -16.155 -15.776 -15.517 -15.584 -15.584 -15.713 -15.922 -15.655 -15.330 -15.308 -15.235 -15.125 -14.957 -14.747 -14.502 -14.092 -13.519 -13.040 -12.692 -12.447
-4.036 -3.334 -2.810 -2.358 -1.898 -1.568 -1.255 -0.932 -0.866 -1.240 -1.925 -2.718 -3.129 -2.256 -2.195 -2.581 -2.950 -3.504 -4.257 -5.088 -6.030 -7.418 -9.417 -9.717 -9.569 -9.467 -9.444 -9.580 -11.046 -11.222 -10.304 -11.374 -12.323 -12.589 -12.725 -12.697 -12.799 -13.221 -13.626 -13.860 -14.053 -14.282 -14.643 -15.115 -15.384 -15.172 -14.894 -14.820 -14.888 -15.309 -15.687 -16.171 -15.783 -14.894 -15.434 -15.193 -14.915 -15.149 -14.777 -14.574 -14.520 -14.040 -13.740 -13.619 -13.485 -12.654 -12.418 -12.195 -11.677 -11.181 -10.988
-1.871 -1.186 -0.582 -0.043 0.475 0.868 0.781 -1.880 -4.873 -5.649 -5.243 -4.963 -4.700 -4.059 -3.453 -2.775 -1.986 -2.422 -3.813 -4.674 -5.666 -6.379 -7.121 -7.737 -8.228 -8.960 -9.395 -8.890 -9.122 -9.590 -8.705 -9.390 -9.899 -10.323 -10.383 -10.397 -11.086 -12.521 -13.998 -14.590 -14.338 -13.351 -12.861 -13.366 -13.930 -13.756 -13.083 -12.713 -13.065 -13.109 -13.001 -14.008 -15.196 -14.403 -14.394 -14.180 -15.077 -14.434 -12.952 -12.415 -12.466 -11.890 -11.126 -10.413 -10.228 -10.128 -10.647 -10.997 -10.383 -10.398 -11.341
-0.815 -0.078 0.509 0.951 1.352 1.080 -3.019 -5.117 -5.110 -3.953 -3.765 -4.215 -4.102 -3.571 -2.991 -2.679 -2.670 -2.836 -2.828 -3.183 -4.145 -4.595 -5.213 -5.452 -6.197 -6.975 -7.148 -7.068 -7.014 -7.192 -7.512 -8.068 -7.992 -7.734 -7.867 -7.748 -8.537 -9.629 -10.635 -11.747 -11.946 -11.559 -11.108 -11.123 -11.268 -11.426 -11.444 -11.180 -11.183 -11.159 -10.985 -12.579 -13.736 -12.908 -13.130 -13.052 -13.768 -13.239 -12.417 -11.988 -10.437 -9.236 -9.448 -9.037 -9.053 -9.006 -8.810 -9.100 -9.100 -8.633 -8.050
0.145 0.849 1.583 1.658 0.480 -1.841 -3.650 -3.121 -2.523 -1.608 -1.816 -2.432 -2.446 -2.127 -1.753 -1.770 -1.482 -1.530 -1.791 -2.220 -2.624 -2.904 -2.961 -3.272 -4.921 -4.616 -4.396 -4.597 -4.946 -5.415 -5.822 -6.026 -5.974 -5.656 -5.622 -5.834 -6.831 -7.847 -8.100 -8.489 -8.654 -8.733 -8.622 -8.647 -8.773 -9.039 -9.057 -8.743 -8.769 -8.773 -8.742 -9.240 -10.403 -11.036 -11.433 -11.536 -12.440 -12.219 -11.881 -11.462 -10.623 -9.662 -9.148 -8.679 -8.725 -7.667 -7.208 -6.866 -6.362 -6.156 -5.873
1.216 1.832 2.251 -1.952 -4.262 -2.646 -2.237 -0.902 0.565 0.073 -0.539 -0.294 -0.209 -0.001 -0.143 -0.510 -0.859 -0.897 -0.926 -0.983 -1.159 -1.399 -1.502 -1.782 -2.828 -1.825 -1.869 -2.194 -2.654 -3.076 -3.588 -3.713 -3.731 -4.103 -4.402 -4.500 -4.522 -5.179 -5.974 -6.413 -6.310 -6.288 -6.488 -6.393 -6.353 -6.428 -6.127 -5.944 -6.184 -6.604 -6.851 -7.326 -7.916 -8.425 -8.923 -9.402 -9.971 -8.925 -8.423 -8.020 -8.006 -8.045 -7.789 -4.858 -2.410 -2.925 -3.081 -3.076 -3.391 -3.199 -0.806
2.778 2.978 3.203 0.780 0.646 1.707 1.004 1.445 2.336 2.293 2.006 1.497 1.683 1.362 0.729 0.348 0.253 -0.005 -0.072 -0.004 -0.177 -0.524 -0.276 -0.228 -0.811 0.274 0.207 -0.348 -0.812 -1.298 -1.655 -1.983 -2.159 -2.368 -2.641 -2.740 -2.655 -2.854 -3.666 -3.970 -3.840 -3.867 -4.554 -4.918 -4.780 -5.126 -5.997 -6.463 -5.583 -5.734 -6.273 -6.850 -7.015 -7.053 -6.816 -7.016 -6.363 -2.891 -1.490 -1.366 -1.046 -1.253 -1.399 0.294 -0.668 -2.526 0.345 1.796 2.249 2.427 2.428
4.318 4.577 4.500 4.353 4.189 3.789 2.801 3.642 3.914 3.670 2.804 2.574 2.368 1.924 1.428 1.452 1.485 1.375 1.561 1.516 1.262 1.358 1.429 1.439 0.734 1.392 1.165 0.702 0.385 -0.093 -0.456 -0.847 -0.969 -0.978 -0.789 -0.554 -0.636 -0.743 -1.166 -1.343 -1.615 -2.296 -2.934 -3.546 -5.084 -6.847 -7.065 -7.146 -7.464 -6.346 -6.119 -6.180 -6.811 -7.466 -5.996 -4.606 -2.522 -0.906 -0.402 0.094 0.647 1.331 1.915 0.030 -2.309 -1.178 2.337 3.013 3.188 3.350 3.430
5.398 6.070 6.039 5.875 5.734 5.788 5.766 5.404 4.970 4.810 4.066 3.385 3.126 2.705 2.285 2.209 2.357 2.550 2.566 2.666 2.982 2.901 2.375 2.045 1.178 2.127 2.057 1.612 1.309 1.328 1.264 0.995 0.822 0.832 1.080 0.892 -0.237 -0.126 -1.490 -3.522 -3.563 -1.885 -1.756 -2.810 -3.660 -5.583 -4.802 -4.783 -4.619 -4.180 -3.379 -2.802 -3.250 -4.369 -4.330 -2.063 -1.220 -0.761 -0.372 0.530 1.382 2.203 2.778 0.853 -0.320 2.767 3.738 3.896 4.132 4.258 4.283
7.273 7.754 7.631 7.131 6.398 6.173 6.369 6.066 5.870 5.460 5.314 4.859 4.657 4.628 4.386 4.422 4.552 4.578 4.433 4.579 4.692 4.339 3.870 2.979 2.468 2.592 2.559 2.240 1.812 2.029 2.122 2.551 2.815 2.096 0.386 -1.462 -4.070 -3.128 -2.564 -3.531 -5.636 -4.799 -2.353 -1.229 -1.515 -2.186 -1.288 -1.606 -2.227 -2.838 -1.977 -0.981 -0.807 -2.486 -3.743 -1.295 -0.722 0.066 0.016 0.548 1.390 2.241 2.735 2.590 3.349 4.180 4.457 4.627 4.735 4.830 4.888
9.197 8.835 8.701 7.875 7.424 6.428 6.135 6.931 6.284 6.126 5.112 5.577 6.161 6.254 6.408 6.474 6.786 7.155 7.157 6.967 6.641 6.447 6.211 4.793 3.926 4.395 4.462 3.313 2.790 2.817 1.980 1.823 2.334 2.348 1.702 -1.701 -5.523 -3.725 -1.053 -3.640 -4.563 -2.098 -0.302 -0.732 -2.590 -1.103 0.776 1.181 0.134 -0.531 1.422 0.967 0.951 0.822 1.057 0.514 -0.745 1.553 1.249 1.289 1.872 2.363 2.670 3.151 3.955 4.492 4.813 5.024 5.052 5.186 5.353
11.047 10.136 9.146 6.615 5.526 5.184 6.707 8.475 9.411 8.895 6.659 6.848 8.798 8.957 9.025 9.567 10.009 10.064 9.606 9.395 8.686 8.923 8.752 7.330 6.262 6.689 7.055 6.516 6.474 5.905 5.607 6.019 5.340 3.845 3.441 4.976 3.471 -0.978 -0.867 -1.773 -2.372 -1.668 0.914 1.114 1.352 1.572 1.318 2.132 1.008 2.601 4.147 2.920 2.378 3.248 2.872 0.886 3.320 4.307 3.183 2.749 2.741 3.032 3.461 4.006 4.623 5.095 5.291 5.339 5.280 5.533 5.929
12.224 10.770 11.630 10.629 12.671 11.671 11.981 10.849 8.938 9.965 10.123 10.521 10.801 11.201 11.340 11.769 12.055 9.357 8.503 9.989 10.859 10.972 10.597 9.803 9.372 10.069 10.302 10.160 9.583 8.359 6.997 5.675 3.225 1.854 1.089 1.828 4.687 4.833 4.069 3.745 3.792 3.729 3.436 4.152 4.957 4.508 3.509 2.499 3.815 6.173 5.213 3.827 2.869 4.292 3.527 4.675 6.468 6.639 5.294 4.499 4.440 4.828 5.393 5.859 6.184 6.370 6.387 6.438 6.353 6.533 7.207
11.788 13.301 15.048 15.383 14.852 15.095 14.026 14.085 13.820 10.763 11.837 12.849 13.276 11.916 10.800 11.939 11.417 9.320 6.670 8.638 11.663 12.934 13.561 13.281 13.433 13.231 13.391 12.523 11.657 6.882 1.560 -1.516 1.079 5.984 7.914 7.797 8.691 9.607 8.137 4.835 6.449 7.555 6.727 6.473 5.505 4.606 4.122 4.845 6.165 7.014 5.585 3.786 3.661 6.914 7.084 8.211 9.249 8.844 8.406 7.322 7.595 8.074 8.460 8.644 8.633 8.634 8.705 8.836 8.994 9.173 9.285
14.498 16.868 16.971 16.971 16.627 16.690 16.552 16.359 16.784 14.623 15.813 15.995 13.631 11.473 11.782 10.041 10.554 9.564 6.707 8.438 12.486 14.898 16.412 15.120 15.504 15.743 15.867 13.113 8.259 -0.622 -6.328 3.341 10.565 10.641 10.559 8.342 4.210 3.148 2.519 -3.452 -2.666 4.136 7.766 7.964 7.705 6.987 8.060 11.105 9.392 7.908 7.301 7.544 9.249 10.369 10.862 11.576 11.433 11.043 11.707 11.724 12.034 12.284 12.259 12.141 12.043 12.015 12.023 12.126 12.234 12.320 12.323
17.108 16.864 16.575 16.475 16.979 17.849 17.402 18.036 18.078 17.605 17.422 17.762 17.317 16.693 16.517 17.566 18.177 18.678 16.193 10.277 9.353 12.670 13.724 13.934 12.531 15.708 14.116 11.141 8.844 -0.238 -4.287 -7.993 -4.640 -0.960 -3.071 -7.620 -8.207 -6.280 -1.305 0.096 -1.835 1.225 6.099 8.065 9.540 9.632 11.161 12.523 11.242 10.360 10.031 10.058 11.110 12.891 13.599 12.888 11.678 14.303 15.030 15.261 15.250 15.497 15.395 15.266 15.155 15.139 15.142 15.093 15.109 15.145 15.149
15.513 15.673 17.502 20.157 20.184 19.942 19.103 18.881 18.899 18.869 18.825 18.766 19.143 19.482 19.923 17.816 19.098 20.908 22.599 17.738 11.504 13.187 17.444 18.636 15.675 16.384 10.627 6.780 7.610 15.788 11.922 -2.041 -9.016 -8.313 -6.111 -6.130 -6.222 -6.091 -4.473 -3.211 -2.642 -0.154 4.698 10.114 11.891 12.571 14.044 13.916 13.243 12.361 12.461 13.176 14.398 14.711 15.365 15.970 16.749 17.470 17.889 17.963 17.749 17.928 17.968 17.867 17.818 17.813 17.773 17.765 17.743 17.702 17.691
19.148 18.974 20.122 20.887 20.466 19.900 20.621 20.833 20.470 21.374 21.236 20.760 20.879 20.907 20.699 19.712 20.815 22.033 23.840 24.752 22.514 12.945 14.752 16.502 20.209 20.528 19.901 16.089 15.447 22.862 21.712 15.856 0.517 -6.102 -4.853 -4.003 -3.573 -3.515 -3.634 -2.026 -0.011 2.426 10.363 15.771 13.723 14.023 15.199 15.066 15.245 14.654 14.730 16.386 17.700 17.844 19.021 19.268 19.364 19.656 19.794 19.810 19.756 19.636 20.019 20.057 19.994 19.994 19.981 19.946 19.883 19.847 19.775
22.095 21.418 21.000 21.295 21.059 20.529 20.494 20.941 21.846 22.634 22.035 22.063 22.258 22.241 21.974 21.155 22.231 22.347 23.416 24.308 25.003 22.248 18.205 17.280 20.935 19.250 20.749 17.765 21.652 24.336 23.955 21.757 19.672 15.095 5.225 -0.622 -0.467 0.465 5.813 7.239 4.549 6.663 13.610 16.344 15.199 15.813 16.594 17.170 16.648 16.509 17.614 19.321 20.274 20.795 21.039 21.300 21.459 21.456 21.479 21.568 21.616 21.505 21.788 21.910 21.849 21.828 21.808 21.795 21.704 21.649 21.532
22.745 23.707 22.738 21.047 21.273 21.733 21.631 21.966 22.729 22.830 22.463 21.878 22.249 23.462 24.927 24.847 23.310 22.907 23.980 24.068 25.315 24.874 24.656 25.315 24.243 23.171 22.893 22.990 23.632 25.095 23.425 23.243 22.722 23.010 23.333 20.999 18.682 17.308 18.565 18.611 12.975 13.621 13.874 16.518 17.021 17.316 18.113 18.379 18.668 19.492 21.112 21.997 22.293 22.432 22.768 23.149 23.253 23.201 23.179 23.261 23.267 23.338 23.496 23.528 23.422 23.399 23.395 23.413 23.289 23.199 23.082
24.012 24.116 23.062 19.867 20.562 20.865 21.112 22.309 22.320 21.956 22.841 21.667 23.585 24.669 25.767 24.757 25.793 24.451 23.818 23.802 25.210 26.213 25.696 25.458 25.242 24.128 24.102 24.378 24.935 25.409 24.426 24.273 23.821 23.235 23.179 23.353 22.746 21.927 19.958 21.275 17.554 17.286 17.616 20.031 20.478 19.842 20.474 20.805 21.809 21.452 23.857 24.140 24.097 24.118 24.327 24.653 24.808 24.818 24.836 24.821 24.783 24.827 24.925 24.891 24.759 24.657 24.657 24.639 24.551 24.432 24.338
24.979 24.476 23.783 23.809 22.774 23.369 23.589 21.969 20.374 22.658 22.740 22.527 23.994 25.369 26.520 25.982 26.371 23.752 23.587 24.232 25.187 26.031 26.530 26.888 26.347 24.400 24.573 24.784 25.139 25.564 24.491 24.499 24.915 24.482 24.508 24.912 24.821 24.506 22.222 22.327 20.323 20.299 20.336 22.698 22.331 22.380 22.825 23.660 24.728 25.256 25.535 25.498 25.544 25.643 25.729 25.838 25.952 26.033 26.070 26.030 25.990 26.032 26.015 25.962 25.866 25.786 25.773 25.722 25.681 25.514 25.412
24.971 24.739 24.334 24.640 22.862 23.821 24.814 25.578 25.634 24.729 23.154 23.640 24.762 26.378 27.479 26.711 26.330 25.153 21.025 24.373 25.833 26.047 25.946 25.910 24.710 25.145 25.493 25.845 26.042 26.349 24.250 24.935 25.905 25.213 25.045 26.505 26.137 25.961 24.935 24.316 23.551 23.561 22.373 23.564 23.817 24.292 25.095 25.822 26.470 26.486 26.749 26.563 26.623 26.746 26.783 26.738 26.833 27.006 26.846 26.801 26.885 26.859 26.825 26.779 26.733 26.622 26.554 26.507 26.452 26.281 26.209
25.482 25.541 24.690 24.556 24.627 24.793 25.428 26.533 27.174 25.912 23.346 23.474 25.205 26.211 27.188 26.943 24.955 27.116 21.726 23.780 24.610 25.292 24.849 25.418 25.514 25.786 26.090 26.426 26.584 26.785 25.103 25.656 26.173 26.961 27.065 26.825 26.397 26.097 26.010 26.205 25.348 25.746 25.698 24.248 25.134 25.888 26.381 26.928 27.259 25.869 27.128 27.002 27.293 27.350 27.275 27.275 27.378 27.512 27.375 27.320 27.409 27.402 27.327 27.243 27.125 27.014 26.913 26.837 26.758 26.667 26.569
25.998 26.074 26.096 24.599 24.567 25.954 26.828 27.228 27.345 25.516 23.331 24.398 25.472 26.213 25.658 22.690 18.812 26.946 24.642 24.606 26.309 26.517 26.020 26.016 26.171 26.368 26.605 26.904 27.012 27.113 26.516 24.490 25.786 27.380 27.233 26.941 26.639 26.372 26.383 26.710 25.679 26.326 26.210 25.621 25.114 26.727 27.095 27.392 27.656 27.242 27.276 27.372 27.619 27.749 27.640 27.648 27.710 27.696 27.486 27.504 27.583 27.552 27.437 27.328 27.187 27.095 27.001 26.966 26.945 26.909 26.809
26.750 26.870 26.644 25.222 24.054 26.064 26.790 27.191 26.572 26.163 25.332 25.844 25.433 25.386 24.967 20.383 16.768 25.466 26.285 26.673 26.229 26.645 26.253 26.487 26.825 27.010 27.210 27.392 27.343 27.451 27.352 25.342 26.981 27.391 27.584 27.184 26.906 26.632 26.594 26.817 26.252 26.298 25.827 25.955 25.861 27.223 27.490 27.622 27.654 27.329 27.208 27.547 27.888 27.851 27.712 27.682 27.716 27.724 27.615 27.614 27.589 27.587 27.499 27.379 27.242 27.199 27.180 27.227 27.293 27.208 27.012
