data-raw/tempfiles/11_grid_data_11000BP.asc
ncols 144
nrows 72
xllcorner -180
yllcorner -90
cellsize 2.5
nodata_value -9999
[rows 32 to 63 of 72, columns 0 to 70 of 144]
26.937 26.654 26.628 26.592 26.526 26.452 26.442 26.376 26.330 26.207 26.112 26.034 25.967 25.889 25.820 25.751 25.720 25.671 25.625 25.623 25.662 25.670 25.690 25.760 25.842 25.885 25.939 25.991 26.118 26.247 26.264 26.292 26.340 26.443 26.564 26.534 26.554 26.638 25.464 25.662 25.948 25.859 26.174 24.729 26.948 27.546 26.924 25.923 26.057 26.194 26.240 26.253 26.263 26.113 26.031 25.839 25.757 25.541 25.521 25.493 25.532 25.643 25.688 25.669 25.927 26.496 26.711 25.395 24.441 25.404 26.271
27.084 26.858 26.781 26.730 26.662 26.596 26.549 26.544 26.584 26.499 26.346 26.246 26.173 26.077 26.017 25.969 25.956 25.893 25.817 25.762 25.763 25.729 25.655 25.657 25.669 25.670 25.653 25.637 25.640 25.613 25.601 25.630 25.690 25.767 25.800 25.876 26.028 26.243 26.436 26.408 25.649 22.885 21.724 25.033 26.631 23.375 24.394 23.657 24.711 26.057 26.232 26.429 26.495 26.443 26.397 26.267 26.168 25.954 25.877 25.931 26.046 26.149 26.170 26.153 26.345 26.786 27.370 26.517 25.289 25.416 25.849
27.060 26.984 26.918 26.923 26.831 26.750 26.766 26.808 26.890 26.849 26.573 26.349 26.312 26.207 26.043 26.100 26.038 25.882 25.874 25.780 25.603 25.575 25.475 25.358 25.334 25.232 25.128 25.111 25.003 24.924 24.896 24.890 24.959 25.064 25.152 25.281 25.464 25.518 25.604 25.662 25.344 22.259 23.390 26.008 25.439 23.219 23.290 25.392 25.038 25.324 25.568 25.897 26.585 26.570 26.686 26.626 26.402 26.180 26.065 26.174 26.328 26.335 26.263 26.143 26.178 26.355 26.743 26.816 26.577 26.369 26.536
27.069 27.087 27.030 26.966 26.860 26.732 26.667 26.740 26.826 26.695 26.388 26.152 25.981 25.887 25.788 25.769 25.707 25.520 25.413 25.347 25.175 25.019 24.881 24.744 24.585 24.474 24.304 24.224 24.132 23.980 23.883 23.853 23.855 23.801 23.856 24.022 24.234 24.301 24.549 24.753 22.454 22.010 24.866 25.197 25.309 24.803 25.004 25.757 24.795 25.103 25.441 25.448 26.458 26.710 26.897 26.810 26.652 26.460 26.326 26.359 26.344 26.248 26.103 25.931 25.809 25.838 26.070 26.239 26.367 26.345 26.363
27.260 27.196 27.191 27.145 27.018 26.872 26.768 26.762 26.754 26.623 26.411 26.231 26.065 25.947 25.905 25.841 25.709 25.578 25.478 25.376 25.291 25.138 24.939 24.722 24.523 24.334 24.163 24.063 23.979 23.870 23.735 23.590 23.497 23.353 23.307 23.278 23.482 23.329 23.352 23.558 19.071 25.328 26.034 25.824 25.788 25.538 25.321 26.054 25.526 25.027 25.514 26.227 26.450 26.505 26.835 26.961 26.835 26.694 26.534 26.502 26.432 26.294 26.114 25.892 25.699 25.637 25.653 25.731 25.876 25.928 25.843
27.530 27.365 27.460 27.396 27.229 27.116 27.010 26.969 26.939 26.741 26.585 26.491 26.336 26.278 26.317 26.130 25.982 25.918 25.786 25.702 25.681 25.508 25.391 25.253 24.984 24.825 24.701 24.451 24.338 24.320 24.122 24.006 23.910 23.687 23.601 23.519 23.449 23.169 22.693 23.140 21.258 25.283 26.236 26.198 25.763 24.647 25.382 26.140 26.727 25.263 24.653 25.397 26.050 25.688 27.574 27.731 27.373 27.145 26.762 26.668 26.623 26.444 26.238 26.010 25.830 25.749 25.689 25.661 25.696 25.731 25.627
27.689 27.458 27.660 27.688 27.441 27.275 27.264 27.209 27.126 26.973 26.845 26.764 26.710 26.650 26.580 26.397 26.256 26.124 26.052 25.967 25.871 25.783 25.644 25.526 25.387 25.188 25.029 24.835 24.695 24.561 24.379 24.191 24.054 23.887 23.706 23.531 23.399 23.192 22.675 22.827 20.066 23.744 25.604 26.465 26.266 25.043 25.410 25.586 26.160 25.083 24.072 24.451 25.790 26.174 26.858 27.248 27.808 26.812 26.703 26.750 26.673 26.467 26.243 26.024 25.829 25.717 25.564 25.323 25.194 25.177 25.103
27.759 27.556 27.832 27.902 27.635 27.480 27.471 27.456 27.317 27.067 26.906 26.841 26.839 26.831 26.709 26.509 26.355 26.247 26.179 26.063 25.930 25.770 25.597 25.453 25.328 25.177 25.042 24.881 24.660 24.435 24.227 24.011 23.770 23.506 23.196 22.934 22.811 22.721 22.301 21.529 18.866 19.221 24.986 24.626 25.410 25.277 25.133 25.319 25.370 24.932 24.749 25.132 26.313 26.262 26.799 26.506 25.961 24.545 26.554 26.615 26.500 26.276 26.000 25.748 25.513 25.298 25.053 24.686 24.323 24.288 24.293
27.548 27.321 27.552 27.698 27.531 27.462 27.426 27.334 27.175 26.961 26.836 26.827 26.897 26.891 26.735 26.570 26.397 26.226 26.149 25.981 25.798 25.637 25.450 25.256 25.151 24.989 24.818 24.691 24.418 24.164 23.947 23.635 23.260 22.936 22.556 22.262 22.051 21.890 21.617 21.310 20.398 14.073 20.848 24.175 24.886 25.570 24.938 25.103 25.025 25.442 25.574 25.990 26.144 24.866 25.897 24.369 24.919 25.793 26.457 26.297 26.068 25.835 25.544 25.250 24.929 24.638 24.372 24.033 23.726 23.435 23.343
27.090 26.890 27.019 27.026 27.015 26.978 26.958 26.897 26.768 26.637 26.644 26.723 26.793 26.786 26.644 26.480 26.307 26.056 25.830 25.676 25.527 25.331 25.162 24.988 24.789 24.595 24.381 24.165 23.959 23.710 23.422 23.142 22.755 22.374 21.929 21.390 21.021 20.906 20.940 20.780 20.336 18.010 11.484 12.130 21.230 25.329 24.942 24.760 24.462 25.559 25.629 26.180 25.050 24.132 25.178 23.529 25.193 26.334 26.232 25.881 25.547 25.268 24.941 24.599 24.268 24.081 23.873 23.546 23.150 22.828 22.637
26.431 26.315 26.372 26.274 26.177 26.207 26.287 26.331 26.256 26.208 26.278 26.380 26.415 26.384 26.291 26.178 25.990 25.678 25.442 25.271 25.146 24.956 24.772 24.554 24.373 24.159 23.934 23.696 23.425 23.187 22.946 22.623 22.128 21.632 21.338 20.763 20.609 20.492 20.271 20.098 19.857 20.025 17.736 11.249 10.927 20.228 24.226 24.383 25.308 26.094 25.188 25.129 23.621 23.655 24.040 24.171 25.573 26.147 25.933 25.541 25.205 24.860 24.472 24.066 23.685 23.619 23.481 23.128 22.812 22.442 22.174
25.419 25.297 25.311 25.222 25.110 25.178 25.363 25.457 25.438 25.408 25.417 25.416 25.438 25.505 25.510 25.547 25.451 25.148 24.873 24.686 24.576 24.434 24.256 24.094 23.917 23.706 23.513 23.271 23.015 22.771 22.237 21.748 21.207 21.276 21.180 20.851 20.414 20.252 19.892 19.721 19.490 19.469 19.512 19.058 9.665 11.736 20.766 24.562 25.296 25.673 24.545 24.114 23.789 23.340 23.132 24.788 25.631 25.692 25.448 25.146 24.848 24.528 24.133 23.718 23.314 23.273 23.236 22.839 22.572 22.272 21.995
24.161 23.985 23.912 23.841 23.819 23.934 24.062 24.117 24.148 24.154 24.156 24.133 24.216 24.344 24.457 24.569 24.560 24.306 24.024 23.876 23.801 23.747 23.618 23.461 23.292 23.125 22.968 22.779 22.558 22.266 21.533 21.079 20.931 21.027 20.839 20.566 20.238 19.984 19.631 19.264 19.004 18.872 18.521 18.858 11.639 8.091 20.032 24.559 25.072 23.862 24.066 24.127 23.174 22.029 22.411 24.448 25.151 25.061 24.729 24.506 24.277 24.005 23.726 23.423 23.000 22.934 22.857 22.599 22.371 22.110 21.734
22.706 22.584 22.516 22.481 22.482 22.527 22.573 22.578 22.639 22.709 22.706 22.748 22.877 23.000 23.086 23.201 23.196 23.064 22.931 22.837 22.803 22.791 22.723 22.598 22.434 22.330 22.228 22.186 21.994 21.440 20.956 20.705 20.701 20.599 20.375 20.102 19.854 19.651 19.320 18.964 18.662 18.373 17.944 18.504 10.895 7.102 21.688 24.092 23.941 23.368 22.821 21.552 21.309 22.405 23.862 24.371 24.252 24.012 23.710 23.559 23.481 23.316 23.123 22.951 22.710 22.546 22.493 22.260 22.054 21.844 21.461
21.164 21.108 21.099 21.120 21.117 21.102 21.108 21.077 21.095 21.167 21.243 21.308 21.415 21.498 21.550 21.645 21.646 21.592 21.611 21.596 21.595 21.608 21.572 21.494 21.430 21.347 21.427 21.428 21.047 20.377 20.593 20.327 20.198 19.941 19.725 19.453 19.281 19.071 18.817 18.396 18.225 17.829 17.385 18.001 5.770 10.909 21.855 22.811 22.755 22.339 21.352 19.238 21.349 22.629 23.102 23.064 22.776 22.566 22.396 22.327 22.318 22.243 22.104 22.020 21.919 21.729 21.642 21.497 21.296 21.108 20.817
19.743 19.732 19.767 19.770 19.706 19.699 19.671 19.637 19.655 19.680 19.745 19.798 19.876 19.922 19.967 20.045 20.047 20.089 20.132 20.141 20.180 20.177 20.148 20.152 20.155 20.170 20.457 20.359 19.689 19.548 19.563 19.450 19.233 18.924 18.797 18.559 18.442 18.230 17.944 17.585 17.526 17.182 16.775 16.070 8.238 18.352 21.375 21.291 21.010 21.221 20.236 19.473 20.880 21.811 21.830 21.495 21.241 21.096 20.982 20.946 20.895 20.849 20.770 20.704 20.673 20.560 20.427 20.308 20.275 20.220 19.983
18.524 18.473 18.481 18.423 18.355 18.286 18.213 18.183 18.198 18.231 18.251 18.275 18.328 18.388 18.421 18.465 18.487 18.541 18.627 18.647 18.639 18.620 18.587 18.567 18.589 18.811 19.202 18.874 18.519 18.478 18.333 18.187 18.047 17.828 17.684 17.472 17.370 17.215 17.018 16.826 16.688 16.321 15.876 13.231 13.101 19.738 19.206 19.767 19.702 19.263 19.164 20.244 20.391 20.564 20.302 19.916 19.671 19.513 19.435 19.426 19.345 19.257 19.213 19.204 19.179 19.097 19.055 18.928 18.732 18.498 18.607
17.295 17.282 17.198 17.083 16.954 16.861 16.795 16.726 16.690 16.715 16.707 16.674 16.682 16.723 16.751 16.838 16.867 16.924 16.978 16.962 16.903 16.895 16.812 16.776 16.925 17.179 17.400 16.999 16.534 16.645 16.699 16.646 16.637 16.449 16.350 16.253 16.152 16.050 15.917 15.751 15.562 15.240 14.807 12.613 12.812 17.840 18.348 17.975 18.116 17.791 18.196 18.540 19.037 18.974 18.740 18.476 18.212 18.000 17.828 17.706 17.613 17.503 17.418 17.437 17.405 17.322 17.371 17.221 17.084 16.841 16.708
16.079 16.041 15.897 15.768 15.606 15.482 15.370 15.292 15.250 15.228 15.181 15.145 15.076 15.094 15.151 15.233 15.272 15.296 15.323 15.315 15.270 15.195 15.079 15.212 15.018 15.289 15.140 14.983 14.827 14.511 14.753 14.935 14.932 14.955 14.791 14.800 14.868 14.819 14.655 14.482 14.382 13.971 13.656 11.350 13.664 17.330 16.702 15.753 16.388 16.313 16.551 17.048 17.538 17.354 17.106 16.921 16.705 16.427 16.195 15.974 15.788 15.644 15.572 15.528 15.506 15.442 15.378 15.203 15.034 14.897 14.793
14.917 14.952 14.705 14.529 14.302 14.147 14.017 13.924 13.866 13.800 13.751 13.681 13.613 13.563 13.551 13.601 13.660 13.692 13.723 13.725 13.662 13.573 13.561 13.527 13.121 13.103 13.147 13.063 12.947 12.492 13.003 13.199 13.224 13.260 13.249 13.328 13.394 13.467 13.464 13.374 13.282 13.091 12.414 9.868 15.155 16.618 15.956 15.122 14.548 13.912 14.525 15.465 15.637 15.348 15.099 14.956 14.773 14.558 14.379 14.185 13.951 13.797 13.686 13.610 13.518 13.424 13.342 13.204 12.975 12.713 12.486
13.524 13.604 13.366 13.165 12.936 12.742 12.599 12.475 12.396 12.312 12.224 12.155 12.071 12.014 11.964 11.946 11.978 12.005 12.000 12.009 11.948 11.853 11.765 11.551 11.501 11.372 11.545 11.252 11.293 11.166 11.528 11.582 11.568 11.565 11.553 11.673 11.734 11.868 12.026 12.053 12.009 11.974 11.167 8.829 11.156 14.311 15.097 13.787 12.208 11.753 12.435 13.393 13.319 12.879 12.612 12.412 12.258 12.138 12.061 11.982 11.877 11.753 11.695 11.562 11.436 11.302 11.259 11.188 10.884 10.495 10.237
11.842 12.070 11.990 11.831 11.621 11.388 11.242 11.105 10.999 10.911 10.822 10.691 10.588 10.505 10.452 10.387 10.351 10.330 10.301 10.300 10.261 10.218 10.169 9.923 9.848 9.826 9.686 9.642 9.759 9.962 10.099 10.112 10.011 9.922 9.936 10.011 10.134 10.296 10.506 10.584 10.710 10.791 9.575 7.615 11.473 13.612 12.653 11.303 10.257 10.205 10.911 11.308 11.064 10.570 10.240 10.037 9.869 9.696 9.611 9.517 9.443 9.419 9.432 9.428 9.336 9.113 8.982 8.909 8.754 8.503 8.480
10.052 10.372 10.458 10.404 10.260 10.077 9.935 9.784 9.650 9.518 9.393 9.254 9.140 9.047 8.962 8.875 8.830 8.777 8.736 8.714 8.729 8.704 8.676 8.446 8.522 8.285 8.150 8.320 8.577 8.666 8.614 8.535 8.441 8.451 8.513 8.522 8.605 8.768 8.921 9.049 9.231 9.242 6.079 6.191 10.560 11.416 10.510 9.555 8.751 8.664 9.067 9.210 8.979 8.581 8.360 8.220 7.975 7.691 7.445 7.206 7.057 7.029 7.090 7.200 7.199 6.964 6.707 6.533 6.412 6.383 6.431
8.720 8.960 9.114 9.085 8.953 8.835 8.711 8.600 8.456 8.311 8.186 8.062 7.920 7.790 7.661 7.581 7.547 7.500 7.456 7.442 7.407 7.315 7.272 6.905 6.836 6.784 6.907 7.189 7.183 7.172 7.101 7.072 7.082 7.103 7.194 7.215 7.213 7.355 7.563 7.748 7.895 7.609 3.036 5.518 9.482 9.953 8.903 8.227 7.530 7.217 7.123 6.906 6.704 6.443 6.218 6.095 5.830 5.545 5.316 5.089 4.881 4.864 4.921 5.073 5.155 5.047 4.774 4.491 4.251 4.168 4.262
7.443 7.557 7.612 7.524 7.391 7.318 7.239 7.164 7.082 6.970 6.829 6.691 6.561 6.442 6.379 6.325 6.266 6.221 6.203 6.189 6.147 5.800 5.570 5.582 5.364 5.224 5.639 5.793 5.750 5.771 5.729 5.762 5.838 5.849 5.857 5.923 6.007 6.129 6.294 6.440 6.551 6.679 4.207 5.933 7.630 7.421 7.095 6.800 6.504 5.751 5.149 4.754 4.450 4.107 3.740 3.499 3.305 3.172 3.024 2.879 2.807 2.833 2.940 3.126 3.168 3.119 2.908 2.596 2.265 2.134 2.080
6.135 6.135 6.087 5.961 5.774 5.647 5.569 5.464 5.374 5.235 5.044 4.858 4.684 4.629 4.666 4.676 4.662 4.635 4.610 4.632 4.545 4.428 4.452 4.241 4.119 4.274 4.410 4.454 4.493 4.534 4.559 4.571 4.476 4.520 4.574 4.633 4.717 4.790 4.866 4.859 5.096 5.429 5.068 4.473 4.887 5.546 5.449 5.210 5.019 4.410 3.744 3.275 2.820 2.369 1.933 1.665 1.509 1.318 1.257 0.998 0.881 0.929 1.058 1.215 1.268 1.258 1.098 0.882 0.534 0.317 0.148
4.654 4.485 4.333 4.133 3.946 3.757 3.615 3.452 3.226 3.028 2.762 2.469 2.229 2.172 2.275 2.438 2.558 2.579 2.490 2.423 2.426 2.502 2.640 2.741 2.758 2.833 2.901 2.973 3.037 3.068 3.089 3.084 3.016 2.981 3.013 3.026 3.060 3.113 3.162 3.256 3.489 3.848 4.001 4.089 4.035 3.854 3.277 2.786 2.457 2.076 1.603 1.198 0.756 0.394 0.088 -0.070 -0.114 -0.211 -0.447 -0.795 -1.067 -1.146 -0.871 -0.656 -0.638 -0.719 -0.879 -1.106 -1.365 -1.615 -1.853
2.577 2.180 2.097 1.970 1.766 1.594 1.439 1.161 0.921 0.625 0.328 0.074 -0.173 -0.247 -0.157 -0.022 0.040 0.006 0.034 0.092 0.274 0.431 0.692 0.822 0.873 0.961 1.054 1.183 1.196 1.204 1.222 1.236 1.199 1.232 1.260 1.267 1.332 1.437 1.560 1.680 1.838 1.887 2.011 2.055 1.813 1.461 0.740 0.237 -0.242 -0.671 -1.146 -1.573 -2.024 -2.252 -2.531 -2.666 -2.746 -2.896 -3.094 -3.272 -3.472 -3.473 -3.013 -2.861 -3.001 -3.228 -3.472 -3.634 -3.703 -3.743 -3.713
0.203 -0.253 -0.352 -0.513 -0.701 -0.870 -1.081 -1.361 -1.582 -1.732 -2.206 -2.370 -2.692 -2.843 -2.900 -2.962 -2.662 -2.236 -2.012 -1.896 -1.752 -1.572 -1.278 -1.070 -0.965 -0.827 -0.767 -0.751 -0.833 -0.816 -0.811 -0.821 -0.786 -0.737 -0.741 -0.666 -0.555 -0.393 -0.224 -0.135 -0.066 -0.245 -0.364 -0.559 -1.001 -1.468 -1.888 -2.383 -3.087 -3.749 -4.417 -5.023 -5.700 -6.138 -6.196 -5.566 -5.525 -5.490 -5.490 -5.540 -5.616 -5.532 -5.337 -5.299 -5.356 -5.490 -5.521 -5.489 -5.459 -5.343 -5.186
-3.209 -3.561 -3.694 -3.754 -3.968 -4.178 -4.426 -4.737 -4.803 -4.862 -5.044 -5.209 -5.360 -5.351 -5.224 -4.984 -4.732 -4.544 -4.333 -4.171 -4.009 -3.624 -3.243 -3.084 -2.958 -2.881 -2.883 -2.911 -2.910 -2.899 -2.860 -2.781 -2.697 -2.654 -2.648 -2.560 -2.418 -2.304 -2.234 -2.242 -2.318 -2.529 -2.698 -3.123 -3.542 -4.033 -5.012 -7.157 -7.724 -7.402 -7.691 -8.332 -8.994 -9.439 -9.095 -7.947 -7.324 -7.249 -7.164 -7.129 -7.197 -7.197 -7.190 -7.410 -7.619 -7.536 -7.275 -7.161 -7.056 -6.907 -6.594
-7.586 -7.448 -7.453 -7.444 -7.502 -7.559 -7.619 -7.705 -7.717 -7.676 -7.743 -7.745 -7.632 -7.463 -7.290 -7.199 -7.159 -6.965 -6.693 -6.528 -6.409 -6.325 -6.298 -6.245 -6.073 -5.872 -5.795 -5.797 -5.762 -5.578 -5.371 -5.202 -5.042 -5.007 -5.011 -4.999 -4.987 -4.932 -4.991 -5.009 -5.151 -5.291 -5.341 -5.595 -6.251 -9.818 -11.280 -10.958 -9.316 -10.070 -10.583 -11.025 -11.170 -11.333 -11.190 -10.662 -10.032 -9.786 -9.266 -9.041 -9.093 -9.090 -9.144 -9.429 -9.594 -9.708 -9.384 -9.220 -9.146 -8.865 -8.584
-11.423 -10.732 -10.505 -10.315 -10.218 -10.070 -10.016 -10.035 -9.993 -9.960 -9.949 -9.879 -9.758 -9.658 -9.513 -9.376 -9.191 -9.008 -8.896 -8.930 -9.008 -9.084 -9.091 -9.016 -8.783 -8.582 -8.565 -8.647 -8.572 -8.381 -8.159 -7.942 -7.736 -7.687 -7.686 -7.790 -7.830 -7.924 -8.020 -7.946 -7.924 -8.159 -8.417 -9.516 -10.100 -13.933 -15.118 -13.867 -12.386 -12.394 -12.567 -12.725 -13.054 -13.317 -13.295 -13.258 -13.175 -12.936 -12.361 -12.133 -12.021 -11.827 -11.633 -11.573 -11.509 -11.584 -11.585 -11.558 -11.495 -11.499 -11.246
