data-raw/tempfiles/11_grid_data_11000BP.asc
ncols 144
nrows 72
xllcorner -180
yllcorner -90
cellsize 2.5
nodata_value -9999
[rows 0 to 31 of 72, columns 71 to 141 of 144]
-19.438 -19.526 -19.573 -19.686 -19.677 -19.706 -19.456 -19.332 -19.268 -19.368 -19.322 -19.358 -19.365 -19.300 -19.209 -19.261 -19.235 -19.254 -19.310 -19.321 -19.292 -19.328 -19.326 -19.367 -19.421 -19.410 -19.327 -19.338 -19.339 -19.360 -19.403 -19.360 -19.366 -19.370 -19.368 -19.358 -19.345 -19.299 -19.288 -19.166 -19.211 -19.268 -19.296 -19.288 -19.276 -19.271 -19.253 -19.216 -19.221 -19.211 -19.200 -19.184 -19.124 -19.090 -19.126 -19.095 -19.070 -19.104 -19.105 -19.105 -19.095 -19.070 -19.038 -19.031 -19.032 -19.014 -18.989 -18.959 -18.944 -18.929 -18.904
-18.709 -18.678 -18.624 -18.522 -18.428 -18.412 -18.391 -18.345 -18.363 -18.377 -18.348 -18.352 -18.333 -18.336 -18.321 -18.362 -18.385 -18.401 -18.429 -18.463 -18.452 -18.476 -18.522 -18.547 -18.572 -18.548 -18.508 -18.503 -18.494 -18.488 -18.493 -18.478 -18.478 -18.484 -18.496 -18.474 -18.461 -18.457 -18.460 -18.483 -18.511 -18.533 -18.540 -18.544 -18.549 -18.565 -18.548 -18.526 -18.540 -18.543 -18.541 -18.512 -18.522 -18.500 -18.473 -18.483 -18.466 -18.451 -18.425 -18.394 -18.376 -18.317 -18.261 -18.226 -18.224 -18.193 -18.171 -18.181 -18.183 -18.193 -18.197
-17.719 -17.601 -17.382 -17.247 -17.199 -17.136 -17.049 -17.030 -17.059 -17.141 -17.189 -17.213 -17.294 -17.400 -17.502 -17.641 -17.768 -17.850 -17.956 -18.055 -18.121 -18.169 -18.187 -18.172 -18.156 -18.132 -18.147 -18.148 -18.146 -18.147 -18.153 -18.155 -18.142 -18.116 -18.098 -18.068 -18.036 -18.023 -18.000 -17.991 -17.930 -17.893 -17.877 -17.865 -17.875 -17.895 -17.901 -17.915 -17.935 -17.968 -17.998 -18.017 -18.072 -18.056 -18.020 -18.005 -17.984 -17.940 -17.900 -17.861 -17.818 -17.747 -17.697 -17.630 -17.571 -17.481 -17.408 -17.319 -17.118 -17.081 -17.084
-15.143 -14.576 -14.017 -13.631 -13.563 -13.539 -13.840 -14.068 -14.584 -15.023 -15.517 -15.665 -15.890 -16.224 -16.506 -16.714 -16.937 -17.020 -17.051 -17.085 -17.120 -17.131 -17.113 -17.041 -16.977 -17.062 -17.195 -17.295 -17.407 -17.513 -17.537 -17.599 -17.617 -17.630 -17.670 -17.664 -17.838 -18.181 -19.614 -19.052 -17.673 -17.181 -17.167 -17.261 -17.300 -17.294 -17.303 -17.283 -17.277 -17.332 -17.381 -17.390 -17.454 -17.428 -17.393 -17.412 -17.386 -17.361 -17.336 -17.251 -17.151 -17.048 -16.927 -16.747 -16.533 -16.311 -16.216 -16.268 -16.398 -16.520 -16.578
-11.092 -9.919 -9.024 -8.566 -8.915 -10.431 -12.813 -14.802 -15.042 -14.371 -14.615 -14.452 -14.492 -14.749 -15.018 -15.194 -15.381 -15.452 -15.361 -15.236 -15.116 -14.982 -14.829 -14.660 -14.538 -14.471 -14.540 -14.640 -14.874 -15.109 -15.379 -15.706 -15.979 -16.270 -16.546 -16.791 -16.988 -17.290 -18.259 -19.000 -18.347 -18.958 -18.622 -17.090 -16.870 -17.079 -17.094 -17.064 -17.093 -17.116 -17.154 -17.175 -17.121 -17.103 -17.104 -17.122 -17.168 -17.203 -17.188 -17.157 -17.050 -16.947 -16.823 -16.628 -16.349 -16.026 -15.682 -15.543 -15.707 -15.774 -15.787
-8.400 -7.581 -7.014 -6.741 -6.724 -7.037 -7.735 -9.162 -10.171 -10.609 -10.756 -10.807 -10.803 -10.927 -11.231 -11.514 -11.663 -11.635 -11.482 -11.383 -11.405 -11.448 -11.374 -11.616 -12.185 -12.312 -12.444 -12.589 -12.524 -12.682 -13.147 -13.693 -14.186 -14.697 -15.059 -15.358 -15.782 -16.186 -16.826 -17.141 -17.433 -18.370 -19.036 -18.671 -18.974 -18.880 -17.310 -16.847 -16.980 -17.024 -16.956 -16.875 -16.857 -16.763 -16.652 -16.767 -17.661 -17.529 -17.293 -16.689 -16.643 -16.607 -16.395 -16.131 -15.730 -15.215 -14.462 -14.228 -14.292 -14.290 -14.159
-7.129 -6.387 -5.787 -5.405 -5.137 -5.041 -5.055 -5.120 -5.322 -5.444 -5.682 -5.691 -5.692 -5.851 -6.173 -6.617 -6.993 -7.149 -7.232 -7.479 -7.964 -8.778 -10.372 -11.910 -11.312 -10.984 -10.796 -10.890 -11.147 -11.590 -11.729 -12.194 -12.798 -14.028 -14.832 -15.148 -15.886 -16.369 -16.823 -16.973 -16.888 -16.721 -16.639 -16.698 -16.930 -17.091 -16.858 -17.071 -16.984 -16.660 -16.553 -16.647 -16.247 -15.973 -16.024 -16.016 -16.133 -16.340 -16.078 -15.751 -15.725 -15.652 -15.537 -15.376 -15.186 -14.955 -14.562 -14.009 -13.537 -13.197 -12.949
-4.370 -3.551 -2.901 -2.363 -1.842 -1.482 -1.150 -0.859 -0.848 -1.309 -2.078 -2.950 -3.427 -2.604 -2.587 -2.997 -3.394 -3.962 -4.722 -5.548 -6.482 -7.860 -9.855 -10.139 -9.982 -9.880 -9.906 -10.074 -11.563 -11.761 -10.856 -11.938 -12.902 -13.173 -13.317 -13.296 -13.390 -13.807 -14.214 -14.437 -14.618 -14.838 -15.181 -15.639 -15.893 -15.658 -15.365 -15.274 -15.335 -15.758 -16.125 -16.601 -16.208 -15.312 -15.849 -15.605 -15.321 -15.558 -15.185 -14.978 -14.918 -14.436 -14.133 -14.026 -13.908 -13.098 -12.884 -12.676 -12.173 -11.684 -11.489
-2.248 -1.438 -0.734 -0.132 0.414 0.811 0.734 -1.964 -5.033 -5.909 -5.587 -5.377 -5.165 -4.532 -3.934 -3.238 -2.443 -2.895 -4.271 -5.109 -6.071 -6.764 -7.496 -8.111 -8.603 -9.333 -9.771 -9.279 -9.521 -9.993 -9.124 -9.822 -10.341 -10.773 -10.839 -10.859 -11.548 -12.983 -14.457 -15.031 -14.762 -13.755 -13.252 -13.743 -14.291 -14.105 -13.420 -13.040 -13.394 -13.448 -13.356 -14.379 -15.578 -14.796 -14.803 -14.601 -15.507 -14.873 -13.393 -12.851 -12.890 -12.308 -11.549 -10.855 -10.694 -10.621 -11.162 -11.530 -10.926 -10.938 -11.873
-1.299 -0.439 0.221 0.707 1.069 0.721 -3.617 -5.807 -5.943 -4.847 -4.697 -5.201 -5.170 -4.512 -3.794 -3.408 -3.307 -3.416 -3.356 -3.666 -4.589 -5.010 -5.602 -5.828 -6.553 -7.323 -7.487 -7.406 -7.357 -7.537 -7.868 -8.440 -8.376 -8.128 -8.268 -8.154 -8.950 -10.043 -11.050 -12.152 -12.341 -11.947 -11.492 -11.498 -11.638 -11.790 -11.801 -11.535 -11.547 -11.528 -11.377 -12.990 -14.164 -13.359 -13.594 -13.527 -14.255 -13.724 -12.896 -12.455 -10.888 -9.674 -9.880 -9.474 -9.511 -9.486 -9.324 -9.640 -9.656 -9.200 -8.609
-0.495 0.304 1.071 1.057 -0.252 -2.720 -4.798 -4.384 -3.957 -3.186 -3.353 -3.941 -3.940 -3.547 -2.896 -2.764 -2.350 -2.260 -2.430 -2.789 -3.137 -3.372 -3.395 -3.679 -5.304 -4.983 -4.753 -4.952 -5.309 -5.782 -6.200 -6.417 -6.379 -6.074 -6.047 -6.263 -7.267 -8.283 -8.537 -8.924 -9.087 -9.170 -9.070 -9.096 -9.223 -9.495 -9.505 -9.188 -9.210 -9.201 -9.179 -9.686 -10.855 -11.506 -11.910 -12.025 -12.940 -12.717 -12.382 -11.950 -11.103 -10.133 -9.609 -9.138 -9.192 -8.150 -7.719 -7.397 -6.910 -6.701 -6.413
0.428 1.110 1.512 -2.902 -5.470 -4.157 -3.980 -2.703 -1.175 -1.926 -2.595 -2.162 -1.939 -1.583 -1.525 -1.709 -1.894 -1.774 -1.678 -1.635 -1.744 -1.922 -1.981 -2.227 -3.249 -2.236 -2.285 -2.615 -3.091 -3.538 -4.059 -4.194 -4.226 -4.605 -4.911 -5.017 -5.037 -5.690 -6.480 -6.917 -6.817 -6.806 -7.021 -6.933 -6.900 -6.983 -6.681 -6.489 -6.706 -7.095 -7.306 -7.773 -8.356 -8.856 -9.350 -9.835 -10.422 -9.385 -8.893 -8.506 -8.500 -8.545 -8.294 -5.363 -2.919 -3.442 -3.614 -3.618 -3.930 -3.715 -1.298
1.906 2.151 2.346 -0.218 -0.573 0.232 -0.680 -0.290 0.704 0.428 -0.047 -0.539 -0.227 -0.399 -0.879 -1.046 -0.968 -1.068 -0.962 -0.733 -0.768 -1.071 -0.779 -0.697 -1.262 -0.175 -0.259 -0.858 -1.351 -1.874 -2.248 -2.577 -2.759 -2.960 -3.224 -3.317 -3.218 -3.405 -4.204 -4.505 -4.372 -4.401 -5.092 -5.445 -5.288 -5.621 -6.486 -6.934 -6.036 -6.164 -6.664 -7.218 -7.377 -7.400 -7.160 -7.369 -6.735 -3.332 -1.951 -1.843 -1.537 -1.759 -1.920 -0.251 -1.222 -3.092 -0.223 1.230 1.694 1.896 1.931
3.403 3.710 3.611 3.357 3.106 2.556 1.440 2.175 2.555 2.224 1.201 0.857 0.657 0.360 -0.010 0.173 0.323 0.344 0.666 0.731 0.645 0.791 0.897 0.936 0.248 0.903 0.654 0.148 -0.204 -0.721 -1.096 -1.489 -1.609 -1.608 -1.410 -1.159 -1.235 -1.331 -1.739 -1.910 -2.175 -2.849 -3.476 -4.057 -5.553 -7.292 -7.494 -7.560 -7.871 -6.741 -6.498 -6.553 -7.180 -7.831 -6.354 -4.981 -2.906 -1.347 -0.880 -0.398 0.145 0.816 1.383 -0.520 -2.865 -1.744 1.768 2.446 2.637 2.819 2.920
4.466 5.189 5.195 4.955 4.792 4.877 4.840 4.426 3.936 3.804 3.043 2.336 1.942 1.567 1.357 1.357 1.558 1.779 1.854 2.000 2.352 2.305 1.806 1.505 0.657 1.605 1.511 1.036 0.714 0.722 0.655 0.386 0.218 0.227 0.477 0.295 -0.842 -0.732 -2.094 -4.120 -4.154 -2.467 -2.321 -3.334 -4.120 -6.011 -5.214 -5.189 -5.041 -4.633 -3.845 -3.301 -3.774 -4.904 -4.868 -2.610 -1.765 -1.297 -0.910 -0.008 0.843 1.659 2.225 0.293 -0.869 2.240 3.207 3.364 3.605 3.741 3.776
6.464 6.982 6.902 6.446 5.753 5.626 5.859 5.561 5.342 4.848 4.663 4.166 3.946 3.872 3.704 3.779 3.946 3.986 3.867 4.002 4.083 3.779 3.323 2.441 1.941 2.067 2.028 1.713 1.283 1.514 1.608 2.021 2.266 1.503 -0.225 -2.080 -4.678 -3.733 -3.166 -4.134 -6.236 -5.394 -2.949 -1.797 -2.034 -2.660 -1.749 -2.074 -2.730 -3.452 -2.759 -1.848 -1.728 -3.466 -4.764 -2.339 -1.771 -0.659 -0.624 -0.057 0.802 1.655 2.151 2.009 2.783 3.646 3.933 4.106 4.219 4.313 4.367
8.534 8.251 8.174 7.443 7.043 6.153 5.813 6.631 5.990 5.770 4.713 5.113 5.692 5.788 5.941 6.019 6.339 6.721 6.728 6.533 6.140 5.938 5.744 4.330 3.483 3.925 3.984 2.853 2.314 2.356 1.527 1.351 1.821 1.779 1.097 -2.319 -6.111 -4.291 -1.606 -4.189 -5.121 -2.656 -0.877 -1.302 -3.128 -1.612 0.273 0.675 -0.382 -1.051 0.698 0.100 -0.018 -0.213 -0.010 -0.588 -1.866 0.678 0.547 0.640 1.213 1.698 2.005 2.491 3.312 3.881 4.224 4.448 4.485 4.618 4.779
10.478 9.654 8.812 6.388 5.369 5.072 6.457 8.156 9.097 8.566 6.313 6.500 8.456 8.624 8.704 9.262 9.723 9.780 9.311 9.087 8.360 8.542 8.370 6.992 5.956 6.364 6.668 6.143 6.086 5.471 5.181 5.575 4.842 3.284 2.850 4.382 2.925 -1.487 -1.346 -2.245 -2.848 -2.153 0.404 0.602 0.855 1.092 0.853 1.657 0.564 2.203 3.795 2.407 1.728 2.530 2.115 0.114 2.571 3.655 2.593 2.120 2.037 2.276 2.683 3.228 3.857 4.350 4.576 4.645 4.599 4.854 5.248
11.789 10.360 11.250 10.281 12.342 11.329 11.744 10.575 8.665 9.683 9.835 10.233 10.511 10.919 11.076 11.530 11.870 9.222 8.350 9.817 10.670 10.784 10.395 9.620 9.177 9.856 10.035 9.846 9.249 7.993 6.605 5.265 2.766 1.297 0.527 1.309 4.232 4.383 3.611 3.293 3.326 3.250 2.989 3.725 4.585 4.104 3.178 2.270 3.751 6.151 5.211 3.744 2.615 3.891 3.064 4.172 5.947 6.109 4.767 3.902 3.685 3.978 4.486 4.955 5.290 5.489 5.524 5.589 5.508 5.693 6.373
11.331 12.910 14.625 14.972 14.450 14.649 13.647 13.776 13.537 10.491 11.577 12.590 12.994 11.626 10.521 11.697 11.249 9.245 6.631 8.577 11.576 12.829 13.465 13.191 13.328 13.096 13.207 12.281 11.356 6.552 1.246 -1.852 0.713 5.566 7.442 7.379 8.305 9.211 7.695 4.424 6.000 7.084 6.281 6.011 5.106 4.313 3.892 4.751 6.186 7.169 5.737 3.860 3.647 6.728 6.817 7.895 8.889 8.450 7.963 6.800 6.941 7.291 7.603 7.768 7.748 7.759 7.832 7.956 8.111 8.285 8.391
14.014 16.398 16.509 16.526 16.204 16.288 16.164 16.006 16.465 14.333 15.548 15.749 13.354 11.170 11.464 9.760 10.347 9.467 6.695 8.446 12.460 14.823 16.324 15.044 15.420 15.636 15.720 12.912 8.007 -0.939 -6.601 3.092 10.301 10.367 10.267 8.042 3.907 2.807 2.083 -3.853 -3.060 3.684 7.358 7.559 7.222 6.705 7.921 11.070 9.380 7.952 7.407 7.578 9.203 10.252 10.680 11.345 11.159 10.742 11.358 11.292 11.513 11.677 11.593 11.436 11.318 11.275 11.268 11.354 11.440 11.510 11.503
16.688 16.432 16.129 16.041 16.568 17.470 17.056 17.719 17.794 17.349 17.181 17.534 17.069 16.436 16.263 17.305 17.965 18.545 16.123 10.243 9.304 12.553 13.586 13.805 12.412 15.576 13.954 10.908 8.615 -0.445 -4.557 -8.243 -4.862 -1.191 -3.316 -7.887 -8.492 -6.567 -1.632 -0.404 -2.312 0.795 5.728 7.834 9.422 9.536 11.116 12.476 11.172 10.301 10.003 10.015 11.014 12.747 13.404 12.670 11.446 14.053 14.750 14.931 14.867 15.054 14.906 14.744 14.608 14.573 14.552 14.478 14.472 14.491 14.486
15.173 15.340 17.156 19.811 19.835 19.618 18.809 18.606 18.647 18.618 18.570 18.514 18.889 19.235 19.692 17.589 18.906 20.774 22.513 17.671 11.432 13.055 17.277 18.482 15.514 16.221 10.431 6.547 7.349 15.589 11.697 -2.326 -9.299 -8.542 -6.338 -6.371 -6.478 -6.367 -4.753 -3.634 -3.140 -0.564 4.399 9.946 11.927 12.603 14.059 13.853 13.167 12.269 12.381 13.086 14.275 14.560 15.183 15.765 16.549 17.259 17.660 17.708 17.461 17.605 17.612 17.481 17.408 17.380 17.313 17.279 17.231 17.175 17.160
18.845 18.707 19.883 20.644 20.215 19.639 20.373 20.594 20.233 21.111 20.943 20.448 20.589 20.649 20.468 19.491 20.621 21.904 23.753 24.682 22.430 12.815 14.607 16.380 20.107 20.438 19.753 15.892 15.214 22.624 21.492 15.646 0.194 -6.402 -5.119 -4.255 -3.820 -3.771 -3.917 -2.414 -0.447 2.048 10.117 15.662 13.758 14.050 15.200 14.988 15.159 14.575 14.659 16.303 17.594 17.711 18.870 19.104 19.197 19.478 19.601 19.599 19.526 19.384 19.745 19.759 19.673 19.648 19.609 19.546 19.458 19.409 19.333
21.747 21.112 20.727 21.032 20.797 20.265 20.217 20.660 21.547 22.324 21.686 21.682 21.942 21.999 21.800 20.974 22.037 22.149 23.273 24.195 24.894 22.138 18.114 17.261 21.057 19.494 21.092 17.784 21.556 24.166 23.684 21.647 19.773 14.758 4.816 -1.012 -0.783 0.153 5.503 6.873 4.148 6.317 13.383 16.214 15.125 15.759 16.606 17.274 16.589 16.426 17.545 19.246 20.186 20.691 20.923 21.172 21.321 21.296 21.300 21.369 21.402 21.276 21.543 21.647 21.569 21.528 21.490 21.457 21.344 21.275 21.153
22.362 23.360 22.420 20.732 20.950 21.407 21.293 21.650 22.405 22.501 22.117 21.504 21.947 23.245 24.803 24.737 23.191 22.762 23.847 23.962 25.232 24.770 24.575 25.306 24.327 23.316 23.160 23.111 23.655 25.071 23.418 23.069 22.783 22.821 22.936 20.610 18.420 16.965 18.199 18.296 12.591 13.250 13.602 16.393 16.943 17.249 18.009 18.399 18.648 19.396 21.019 21.902 22.196 22.327 22.656 23.032 23.123 23.051 23.009 23.071 23.061 23.121 23.267 23.285 23.167 23.132 23.116 23.123 22.986 22.887 22.766
23.656 23.762 22.731 19.532 20.210 20.482 20.717 21.938 22.001 21.647 22.530 21.350 23.329 24.493 25.670 24.676 25.717 24.396 23.752 23.713 25.155 26.147 25.609 25.410 25.244 24.127 24.009 24.252 24.817 25.427 24.580 24.381 23.672 22.954 22.798 23.025 22.574 21.757 19.563 20.982 17.301 16.930 17.304 19.834 20.427 19.813 20.405 20.650 21.679 21.322 23.728 24.013 23.973 23.995 24.205 24.528 24.677 24.674 24.676 24.646 24.596 24.629 24.716 24.671 24.528 24.419 24.413 24.392 24.302 24.183 24.091
24.710 24.193 23.519 23.518 22.464 23.045 23.241 21.634 20.088 22.398 22.489 22.286 23.763 25.183 26.384 25.860 26.241 23.621 23.561 24.124 24.948 26.011 26.492 26.763 26.239 24.303 24.445 24.626 24.969 25.427 24.344 24.403 24.774 24.352 24.300 24.654 24.514 24.270 21.985 22.044 20.139 20.200 20.119 22.511 22.236 22.317 22.759 23.557 24.592 25.117 25.393 25.364 25.414 25.517 25.603 25.714 25.829 25.912 25.942 25.895 25.846 25.878 25.852 25.789 25.684 25.596 25.574 25.522 25.486 25.334 25.241
24.975 24.681 24.284 24.535 22.696 23.644 24.634 25.368 25.456 24.581 22.976 23.462 24.597 26.210 27.323 26.547 26.163 24.975 20.869 24.275 25.588 25.880 25.892 25.766 24.555 24.991 25.336 25.677 25.871 26.182 24.068 24.764 25.776 25.100 24.937 26.337 25.942 25.735 24.773 24.133 23.348 23.465 22.260 23.411 23.704 24.206 25.010 25.729 26.356 26.362 26.620 26.443 26.506 26.633 26.669 26.623 26.721 26.895 26.733 26.684 26.762 26.731 26.691 26.641 26.592 26.475 26.400 26.349 26.299 26.141 26.084
25.550 25.708 24.814 24.604 24.617 24.743 25.373 26.469 27.093 25.848 23.272 23.343 25.097 26.097 27.037 26.751 24.732 26.906 21.508 23.573 24.429 25.119 24.705 25.269 25.358 25.628 25.924 26.258 26.426 26.654 24.993 25.577 26.128 26.891 26.978 26.717 26.296 25.994 25.902 26.089 25.217 25.578 25.553 24.110 25.010 25.777 26.278 26.820 27.143 25.751 27.018 26.901 27.197 27.255 27.176 27.175 27.277 27.410 27.269 27.209 27.293 27.283 27.207 27.125 27.010 26.901 26.796 26.717 26.639 26.557 26.468
25.885 26.017 25.989 24.501 24.453 25.838 26.689 27.094 27.201 25.364 23.187 24.264 25.404 26.137 25.532 22.501 18.544 26.608 24.424 24.422 26.136 26.364 25.882 25.884 26.037 26.235 26.469 26.766 26.883 27.018 26.545 24.595 25.932 27.358 27.160 26.863 26.571 26.303 26.300 26.600 25.595 26.265 26.089 25.490 24.982 26.584 26.957 27.261 27.529 27.123 27.171 27.265 27.517 27.648 27.543 27.552 27.614 27.596 27.383 27.397 27.478 27.446 27.332 27.224 27.089 27.005 26.914 26.879 26.859 26.823 26.724
26.584 26.736 26.468 24.987 23.822 25.852 26.585 27.040 26.451 26.003 25.169 25.724 25.452 25.375 24.885 20.265 16.588 25.201 25.987 26.472 26.054 26.491 26.116 26.359 26.701 26.890 27.092 27.272 27.228 27.356 27.329 25.432 27.122 27.410 27.524 27.122 26.852 26.572 26.513 26.707 26.182 26.285 25.715 25.817 25.719 27.075 27.342 27.484 27.525 27.206 27.099 27.438 27.785 27.752 27.622 27.598 27.635 27.642 27.529 27.528 27.508 27.504 27.415 27.290 27.154 27.117 27.103 27.153 27.220 27.135 26.939
