data-raw/tempfiles/11_grid_data_11000BP.asc
ncols 144
nrows 72
xllcorner -180
yllcorner -90
cellsize 2.5
nodata_value -9999
[rows 32 to 63 of 72, columns 71 to 141 of 144]
26.732 26.077 25.902 26.211 25.442 25.867 25.853 26.407 26.921 26.542 25.306 25.714 26.011 25.875 24.433 18.536 17.130 21.095 22.613 24.851 25.683 26.144 26.243 26.610 26.980 27.198 27.413 27.608 27.633 27.674 27.678 26.945 27.522 27.475 27.604 27.260 27.064 26.868 26.889 27.020 26.586 26.364 26.228 26.260 27.082 27.353 27.507 27.678 27.593 27.523 26.600 26.779 27.545 27.564 27.486 27.449 27.507 27.580 27.572 27.443 27.483 27.609 27.489 27.330 27.295 27.314 27.334 27.408 27.524 27.377 27.130
26.220 26.468 26.252 26.036 25.189 23.396 23.384 24.745 25.773 25.493 25.380 25.679 25.590 25.839 26.219 21.955 19.081 23.774 26.349 26.919 27.041 26.182 26.547 26.813 27.092 27.228 27.356 27.466 27.527 27.598 27.632 27.662 27.459 26.827 27.561 27.412 27.358 27.254 27.214 26.826 26.974 25.206 25.950 26.452 27.117 27.211 27.463 26.229 27.079 27.441 26.933 26.908 27.453 27.424 27.376 27.355 27.378 27.337 27.084 27.280 27.631 27.596 27.571 27.438 27.484 27.540 27.504 27.483 27.540 27.436 27.262
26.579 26.588 26.548 26.143 25.209 24.039 23.469 24.247 24.960 24.670 24.258 24.411 23.965 24.719 25.845 27.990 24.111 26.273 27.182 27.616 26.428 26.515 26.708 26.881 27.052 27.156 27.281 27.349 27.424 27.437 27.419 27.353 27.306 27.283 27.300 27.280 27.294 27.286 27.223 25.488 25.373 25.130 25.175 25.688 26.064 26.181 26.011 24.767 27.013 27.422 27.369 27.290 27.361 27.370 27.285 26.962 26.904 27.210 27.421 27.608 27.739 27.717 27.655 27.520 27.518 27.574 27.498 27.466 27.543 27.596 27.542
26.319 26.291 26.261 26.170 26.022 24.180 23.936 24.739 24.938 24.796 24.459 23.822 22.251 22.206 23.603 23.707 26.115 28.225 27.662 26.788 26.519 26.508 26.643 26.831 26.985 27.091 27.206 27.264 27.309 27.339 27.322 27.223 27.137 27.087 27.093 27.109 27.130 27.047 26.926 26.843 25.452 25.424 25.111 24.996 24.769 25.137 24.480 24.669 26.761 26.424 26.857 27.237 26.967 27.314 27.234 27.443 27.434 27.535 27.564 27.609 27.744 27.819 27.686 27.517 27.477 27.502 27.488 27.524 27.634 27.760 27.761
25.694 25.673 25.663 25.622 25.849 24.714 24.136 25.057 24.923 24.845 24.435 23.473 21.219 20.977 22.155 21.104 25.649 27.396 26.577 26.622 26.569 26.561 26.621 26.753 26.850 26.895 26.957 27.043 27.170 27.247 27.202 27.098 27.020 27.000 26.978 26.916 26.848 26.792 26.735 26.667 26.262 24.668 25.039 24.763 24.662 25.050 25.579 26.217 26.360 25.421 27.083 27.410 27.227 26.657 25.841 26.990 26.978 27.311 27.398 27.420 27.648 27.826 27.775 27.561 27.472 27.518 27.521 27.570 27.633 27.720 27.840
25.436 25.368 25.369 25.417 25.778 24.775 24.089 24.932 25.192 24.958 24.589 24.059 21.705 22.397 23.845 23.153 25.261 26.463 26.718 26.804 26.567 26.516 26.538 26.630 26.698 26.708 26.742 26.796 26.920 27.126 27.134 27.010 26.922 26.904 26.860 26.802 26.681 26.660 26.677 26.552 26.639 25.992 24.967 25.278 25.006 25.447 25.874 26.474 26.670 25.965 27.496 27.079 27.048 27.212 26.372 23.190 22.455 24.275 26.061 27.254 27.652 27.213 27.571 27.528 27.380 27.429 27.467 27.464 27.506 27.605 27.740
24.940 24.773 24.688 24.827 25.083 24.985 24.619 24.036 23.910 24.488 24.497 24.610 23.598 23.200 23.203 23.094 25.237 26.355 26.656 26.719 26.533 26.393 26.427 26.503 26.573 26.605 26.622 26.643 26.770 26.965 27.020 26.927 26.863 26.752 26.748 26.742 26.665 26.631 26.627 26.646 26.877 26.853 26.362 25.776 25.172 25.497 26.016 26.942 27.580 27.929 27.798 27.604 27.562 27.567 27.463 27.038 26.329 24.300 20.219 22.241 26.362 26.423 27.448 27.130 27.252 27.274 27.340 27.337 27.335 27.412 27.554
24.214 23.939 23.749 23.891 24.180 24.627 25.110 23.374 23.050 23.152 23.263 23.883 22.800 22.188 21.616 21.925 24.593 26.158 26.435 26.592 26.428 26.314 26.372 26.438 26.491 26.507 26.474 26.473 26.628 26.775 26.817 26.668 26.679 26.641 26.577 26.588 26.585 26.566 26.529 26.562 26.682 26.772 26.847 26.702 26.495 26.456 26.459 27.085 27.400 27.635 27.583 27.452 27.892 27.871 27.544 26.960 26.166 25.351 24.887 24.107 24.680 26.984 27.311 27.227 27.047 26.837 27.172 27.161 27.161 27.204 27.311
23.307 23.153 22.943 22.753 22.882 23.402 22.792 20.524 21.900 22.681 22.745 22.288 22.775 22.101 21.370 22.476 23.630 26.232 26.719 26.678 26.370 26.224 26.290 26.349 26.335 26.293 26.278 26.263 26.385 26.451 26.468 26.195 26.353 26.357 26.364 26.349 26.341 26.353 26.342 26.341 26.331 26.358 26.360 26.614 26.790 27.026 27.338 27.458 27.781 27.975 28.015 28.009 27.853 28.120 27.845 27.536 26.970 26.401 25.397 26.062 25.928 26.635 26.997 27.048 26.925 26.817 26.918 26.865 26.843 26.921 27.055
22.563 22.537 22.353 21.970 21.627 22.059 22.907 20.383 21.272 22.571 23.314 22.842 22.307 23.089 22.056 22.613 23.546 26.238 26.481 26.392 24.449 25.850 26.273 26.179 26.066 26.002 25.967 25.943 25.964 25.964 25.889 25.704 25.850 25.911 25.932 25.925 25.880 25.856 25.851 25.858 25.745 25.771 25.900 26.039 26.190 26.426 26.773 27.122 27.566 27.859 28.048 28.004 28.284 28.684 28.225 28.264 27.820 27.393 26.126 26.095 26.293 26.494 26.651 26.679 26.560 26.556 26.500 26.297 26.323 26.500 26.716
22.103 22.066 21.900 21.402 20.605 22.555 24.412 23.528 22.368 23.470 24.388 23.100 23.263 23.527 24.728 24.188 25.219 26.259 26.046 26.045 22.771 25.478 26.027 25.872 25.699 25.617 25.536 25.476 25.413 25.337 25.170 25.208 25.202 25.201 25.146 25.102 25.065 25.006 24.960 24.980 24.871 24.883 24.982 25.073 25.421 25.778 26.229 26.756 27.290 27.512 28.111 27.835 29.163 29.072 28.598 28.234 27.737 27.707 26.274 25.071 25.864 25.943 26.038 25.997 25.913 25.932 25.870 25.565 25.499 25.749 26.048
21.779 21.597 21.536 21.103 20.160 20.358 23.169 23.243 22.877 23.534 24.298 23.661 22.365 20.974 23.431 25.436 25.792 25.903 25.371 22.249 22.161 25.608 25.787 25.460 25.060 24.958 24.867 24.800 24.681 24.582 24.371 24.403 24.372 24.198 24.088 24.084 23.960 23.895 23.793 23.746 23.624 23.670 23.598 23.988 24.362 24.910 25.600 26.371 26.805 27.735 28.449 28.648 27.975 28.109 27.993 27.935 27.656 27.757 25.059 24.097 25.164 25.110 25.149 25.020 24.917 24.967 24.994 24.780 24.519 24.676 25.005
21.430 21.147 20.962 20.774 20.212 19.007 21.298 21.239 21.339 23.001 23.999 23.476 22.825 24.268 25.033 25.106 25.510 25.148 24.813 21.990 23.607 25.051 25.211 24.724 24.460 24.128 24.013 23.902 23.798 23.667 23.572 23.417 23.272 23.123 22.983 22.910 22.768 22.644 22.405 22.412 22.251 22.231 22.242 22.674 23.065 23.710 24.866 26.538 26.637 27.009 27.290 27.158 26.742 25.888 25.498 25.902 26.213 26.438 25.252 24.669 23.872 24.042 24.204 23.990 23.828 23.874 23.792 23.415 23.569 23.605 23.818
21.074 20.796 20.413 19.985 19.813 18.712 18.910 21.444 21.374 21.921 22.181 22.095 21.855 23.850 25.775 24.591 24.552 24.382 24.178 22.255 24.254 24.372 24.249 23.937 23.608 23.284 23.131 22.996 22.940 22.806 22.542 22.385 22.193 22.032 21.864 21.752 21.629 21.387 21.084 21.110 20.753 20.683 20.758 21.231 21.805 22.437 24.544 25.055 24.970 25.681 26.326 25.894 24.795 23.538 23.367 24.999 25.625 25.596 24.830 23.526 22.948 22.766 23.211 23.074 22.813 22.770 22.850 22.797 22.593 22.544 22.597
20.522 20.279 19.963 19.619 19.554 18.843 18.119 21.116 21.273 21.808 20.525 19.314 18.495 20.844 24.142 23.499 23.351 23.311 23.736 23.510 23.379 22.942 22.793 22.659 22.355 22.121 21.950 21.844 21.818 21.673 21.318 21.241 21.125 20.913 20.703 20.358 20.086 19.867 19.813 19.665 19.036 19.063 19.140 19.689 20.286 20.967 22.830 23.397 23.344 23.793 23.863 23.155 21.441 21.304 22.839 24.033 24.355 24.038 23.407 22.347 21.408 20.956 21.846 22.177 21.807 21.667 21.547 21.437 21.278 21.258 21.338
19.694 19.374 19.159 19.073 18.972 18.682 17.828 19.890 20.673 20.618 19.095 18.190 16.135 20.769 22.765 22.348 22.236 22.058 22.054 21.939 21.741 21.216 20.681 20.332 20.521 20.308 20.366 20.052 20.246 20.236 20.121 19.864 19.585 18.822 17.681 17.045 16.945 16.954 17.333 17.368 16.948 17.045 17.809 18.335 18.781 19.503 20.722 21.396 20.870 21.372 21.380 21.779 20.896 20.710 21.428 22.567 22.578 22.730 22.610 21.820 21.335 18.581 20.480 21.276 20.878 20.526 20.296 20.013 19.890 19.940 20.029
18.423 18.198 18.183 18.194 18.115 18.117 17.984 17.782 19.438 18.766 18.176 17.111 18.244 21.322 21.252 20.803 20.692 20.494 20.364 20.231 19.839 18.763 18.743 18.680 18.894 18.890 18.723 18.256 17.990 18.554 18.478 17.847 16.361 15.599 15.473 15.428 15.364 15.290 15.153 15.140 15.142 15.247 16.102 16.860 17.147 17.874 18.967 19.325 19.030 19.404 20.275 21.051 20.459 20.069 20.039 20.243 19.742 20.475 20.349 19.907 19.095 16.931 20.135 20.318 19.982 19.616 19.285 18.968 18.747 18.626 18.668
16.591 16.449 16.543 16.775 16.737 16.877 17.071 17.112 17.819 18.497 19.174 19.641 19.599 19.510 19.297 18.920 18.853 18.716 18.576 17.910 17.192 17.182 17.363 17.253 16.907 16.907 16.318 15.821 15.816 16.443 16.053 14.675 13.885 13.809 13.810 13.666 13.542 13.471 13.474 13.449 13.477 13.663 14.179 14.915 15.474 16.272 17.352 17.656 17.833 18.016 17.939 16.983 16.854 16.937 17.637 18.804 18.502 19.111 18.828 17.781 15.955 18.305 19.495 19.230 18.897 18.556 18.188 17.900 17.528 17.238 17.147
14.856 14.772 14.643 14.632 14.750 15.061 15.491 16.095 16.677 17.217 17.518 17.793 17.710 17.535 17.316 17.257 17.141 16.915 16.588 15.907 15.647 15.693 15.544 15.368 15.191 15.381 15.151 14.763 14.477 13.549 13.050 12.541 12.757 13.010 12.571 11.953 11.838 11.929 12.274 12.276 12.120 12.405 12.905 13.256 13.741 14.274 14.987 15.418 15.426 15.165 15.000 15.013 15.118 15.308 15.519 15.906 16.412 16.750 16.327 15.249 14.015 16.982 17.861 17.790 17.578 17.256 16.905 16.634 16.317 16.039 15.581
12.490 12.654 12.571 12.580 12.648 12.985 13.574 14.313 15.070 15.267 15.400 15.191 14.951 14.848 14.810 14.538 14.463 14.303 14.084 14.171 14.269 14.213 14.325 14.228 14.321 14.277 14.147 13.678 13.133 12.255 11.645 12.398 12.935 12.855 12.664 12.249 11.675 11.466 11.320 10.677 10.785 11.347 11.723 11.832 12.016 12.221 12.645 13.098 13.067 13.029 13.057 13.126 13.336 13.530 13.656 14.039 14.449 14.976 15.074 14.575 15.082 15.461 15.792 15.849 15.715 15.444 15.197 15.131 15.142 15.113 14.183
10.190 10.292 10.323 10.295 10.258 10.521 10.921 11.579 12.141 12.108 12.163 12.085 12.063 12.159 11.983 11.932 11.806 11.574 11.383 11.499 11.567 11.541 11.975 12.326 12.733 12.884 12.783 12.411 12.102 11.661 11.164 10.706 10.770 11.116 11.177 10.941 10.835 10.775 10.586 10.312 10.465 10.537 10.419 10.371 10.331 10.346 10.446 10.678 10.920 11.188 11.273 11.183 11.301 11.692 11.834 12.126 12.535 12.928 13.080 12.248 13.158 13.716 13.859 13.845 13.800 13.660 13.641 13.709 13.927 12.547 12.129
8.443 8.264 8.249 7.950 8.052 8.051 8.303 8.474 8.569 8.832 8.911 9.016 9.161 9.305 9.180 9.037 8.995 8.705 8.604 8.614 8.589 8.602 9.007 9.671 10.297 10.730 10.881 10.521 10.190 10.179 10.091 9.959 9.573 9.299 9.147 9.054 9.191 9.145 8.959 8.950 9.013 9.085 9.050 9.116 9.190 9.180 9.177 9.179 9.381 9.762 9.867 9.853 9.897 10.079 10.179 10.423 10.819 11.096 11.464 11.725 11.936 11.985 11.908 11.869 11.928 11.992 12.188 12.026 9.523 9.191 11.648
6.441 6.403 6.259 5.823 5.544 5.435 5.574 5.814 5.989 6.013 5.914 6.086 6.514 6.675 6.676 6.590 6.676 6.737 6.688 6.596 6.443 6.411 6.614 6.975 7.447 7.827 7.943 7.699 7.534 7.539 7.659 7.763 7.647 7.524 7.601 7.797 7.653 7.118 7.017 6.856 6.778 6.930 7.217 7.279 7.365 7.523 7.617 7.776 7.779 8.058 8.438 8.549 8.645 8.841 8.918 8.894 9.254 9.520 9.701 9.971 10.049 10.077 10.049 10.089 10.214 10.464 10.809 10.223 8.938 10.587 10.701
4.377 4.391 4.362 4.167 3.940 3.734 3.638 3.683 3.637 3.645 3.594 3.808 4.219 4.480 4.635 4.666 4.712 4.879 4.978 5.001 4.959 4.930 4.865 4.901 5.107 5.310 5.431 5.351 5.158 5.263 5.127 5.067 5.123 5.193 5.382 5.352 5.170 5.379 5.588 5.147 4.907 5.118 5.288 5.238 5.121 5.381 5.683 5.900 6.025 6.151 6.612 6.882 7.068 7.260 7.411 7.452 7.491 7.795 7.876 8.013 8.206 8.322 8.396 8.517 8.662 8.941 9.207 9.383 9.337 9.111 8.954
2.237 2.315 2.271 2.122 1.924 1.735 1.697 1.673 1.643 1.606 1.646 1.810 2.115 2.451 2.700 2.861 3.037 3.101 3.146 3.225 3.279 3.324 3.231 3.142 3.235 3.340 3.530 3.620 3.567 3.534 3.244 3.023 2.954 3.015 3.123 3.284 3.343 3.571 3.645 3.383 3.069 3.113 3.268 3.347 3.337 3.303 3.534 3.749 4.009 4.232 4.570 4.993 5.290 5.336 5.297 5.568 5.656 5.756 5.854 5.969 6.238 6.487 6.684 6.808 7.019 7.270 7.518 7.692 7.779 7.687 7.496
0.158 0.197 0.184 0.097 -0.072 -0.191 -0.167 -0.095 -0.074 -0.031 0.079 0.288 0.622 0.962 1.223 1.437 1.515 1.541 1.493 1.471 1.607 1.693 1.639 1.615 1.648 1.856 1.985 2.034 1.949 1.818 1.465 1.143 0.918 0.923 1.179 1.506 1.639 1.844 1.755 1.555 1.516 1.669 1.638 1.554 1.532 1.433 1.707 2.028 2.300 2.567 2.839 3.137 3.314 3.411 3.485 3.703 3.697 3.656 3.683 3.820 4.085 4.424 4.699 4.754 4.827 5.311 5.736 6.083 6.227 6.182 6.025
-1.794 -1.812 -1.857 -1.923 -1.982 -1.939 -1.841 -1.654 -1.550 -1.419 -1.065 -0.719 -0.413 -0.153 0.004 0.227 0.252 0.253 0.272 0.133 0.097 0.067 -0.033 -0.053 -0.079 0.039 0.106 0.121 0.058 -0.117 -0.428 -0.753 -0.965 -0.946 -0.750 -0.422 -0.198 -0.109 -0.080 -0.112 -0.213 -0.256 -0.275 -0.221 -0.165 -0.125 0.033 0.293 0.467 0.739 0.909 1.070 1.147 1.335 1.604 1.749 1.842 1.759 1.623 1.684 1.829 2.101 2.466 2.579 2.531 2.864 3.611 4.146 4.480 4.563 4.493
-3.588 -3.599 -3.630 -3.776 -3.739 -3.507 -3.336 -3.176 -2.952 -2.580 -2.241 -1.961 -1.643 -1.651 -1.663 -1.518 -1.559 -1.543 -1.570 -1.737 -1.829 -1.919 -2.142 -2.353 -2.387 -2.224 -2.183 -2.096 -2.286 -2.646 -3.003 -3.304 -3.413 -3.347 -3.182 -2.681 -2.345 -2.351 -2.525 -2.512 -2.428 -2.377 -2.232 -2.124 -1.946 -1.780 -1.619 -1.504 -1.272 -1.138 -1.023 -0.854 -0.715 -0.624 -0.369 -0.305 -0.350 -0.147 -0.205 -0.383 -0.303 -0.228 -0.072 0.232 0.304 0.484 1.139 1.708 2.110 2.332 2.335
-5.028 -4.892 -4.816 -5.106 -5.144 -4.854 -4.720 -4.497 -4.275 -4.162 -3.995 -3.753 -3.634 -3.669 -3.580 -3.569 -3.517 -3.566 -3.720 -3.869 -4.103 -4.509 -4.897 -5.177 -5.368 -5.240 -5.312 -5.342 -5.553 -5.684 -5.798 -5.853 -5.722 -5.663 -5.664 -5.563 -5.369 -5.343 -5.355 -5.333 -5.186 -4.988 -4.703 -4.479 -4.303 -4.097 -3.819 -3.732 -3.476 -3.347 -3.160 -2.952 -2.765 -2.667 -2.673 -2.727 -2.839 -2.750 -2.773 -2.900 -2.956 -3.013 -2.992 -2.558 -2.311 -2.182 -1.766 -1.452 -1.183 -0.911 -0.560
-6.378 -6.216 -6.035 -5.943 -6.010 -6.133 -6.254 -6.210 -6.131 -6.046 -5.970 -5.895 -5.907 -5.895 -5.852 -5.968 -5.851 -5.965 -6.294 -6.514 -7.044 -7.601 -7.945 -8.406 -8.819 -8.703 -8.975 -9.160 -9.225 -9.171 -9.008 -8.980 -8.857 -8.784 -8.933 -9.186 -9.241 -9.192 -9.152 -9.236 -9.178 -8.956 -8.497 -8.070 -7.712 -7.535 -7.457 -7.391 -7.009 -6.612 -6.420 -6.398 -6.323 -6.291 -6.455 -6.589 -6.735 -6.747 -6.699 -6.819 -6.812 -6.725 -6.726 -6.506 -6.510 -6.380 -6.016 -5.674 -5.365 -5.071 -4.815
-8.328 -7.872 -7.779 -7.706 -7.624 -7.900 -8.389 -8.501 -8.511 -8.355 -8.368 -8.368 -8.289 -8.225 -8.141 -8.002 -8.116 -8.413 -8.740 -9.646 -10.801 -14.368 -17.364 -14.751 -13.043 -13.151 -13.272 -12.743 -12.568 -12.681 -12.264 -12.405 -11.866 -11.589 -13.137 -14.467 -14.804 -14.709 -15.030 -17.062 -16.533 -16.789 -16.968 -14.620 -12.493 -13.888 -14.216 -12.360 -11.292 -11.758 -12.706 -13.310 -12.989 -15.059 -16.025 -15.379 -15.206 -13.721 -12.329 -11.492 -11.040 -10.927 -10.744 -10.308 -10.269 -9.860 -9.567 -8.919 -8.890 -8.718 -8.446
-11.231 -10.736 -10.035 -9.725 -9.454 -9.620 -10.459 -10.611 -10.411 -10.326 -10.358 -10.254 -10.099 -10.629 -12.050 -11.327 -10.676 -13.930 -19.062 -21.698 -23.254 -26.447 -28.679 -27.947 -27.189 -25.897 -24.178 -20.841 -18.462 -16.420 -14.378 -13.641 -16.518 -20.520 -23.094 -25.028 -26.074 -27.362 -28.504 -29.063 -28.726 -28.741 -29.367 -28.887 -27.187 -25.387 -24.165 -23.450 -23.377 -24.494 -26.226 -27.053 -27.293 -28.364 -29.924 -30.340 -29.463 -26.897 -23.670 -21.102 -20.016 -18.654 -18.113 -16.753 -15.044 -13.473 -13.359 -12.598 -12.100 -11.806 -11.787
