data-raw/tempfiles/11_grid_data_11000BP.asc
ncols 144
nrows 72
xllcorner -180
yllcorner -90
cellsize 2.5
nodata_value -9999
[rows 0 to 31 of 72, columns 0 to 70 of 144]
-18.601 -18.769 -18.848 -18.878 -18.864 -18.866 -18.889 -18.912 -18.944 -18.989 -19.001 -19.036 -19.087 -19.128 -19.153 -19.196 -19.222 -19.296 -19.365 -19.374 -19.436 -19.435 -19.507 -19.585 -19.577 -19.471 -19.379 -19.407 -19.514 -19.543 -19.492 -19.409 -19.348 -19.253 -19.268 -19.139 -19.097 -19.053 -19.139 -19.252 -19.273 -19.321 -19.355 -19.382 -19.380 -19.441 -19.443 -19.539 -19.558 -19.534 -19.527 -19.529 -19.434 -19.377 -19.262 -19.309 -19.268 -19.218 -19.233 -19.256 -19.262 -19.285 -19.311 -19.531 -19.656 -19.881 -19.697 -19.605 -19.442 -19.413 -19.397
-18.062 -18.190 -18.208 -18.207 -18.194 -18.140 -18.053 -17.965 -17.876 -17.792 -17.697 -17.631 -17.660 -17.676 -17.726 -17.791 -17.868 -17.982 -18.134 -18.251 -18.365 -18.406 -18.568 -18.723 -18.837 -18.916 -18.963 -19.088 -19.263 -19.409 -19.513 -19.553 -19.642 -19.695 -19.773 -19.768 -19.739 -19.716 -19.749 -19.776 -19.766 -19.787 -19.756 -19.776 -19.777 -19.823 -19.848 -19.870 -20.022 -20.071 -20.104 -20.171 -20.132 -20.104 -20.030 -19.995 -19.947 -19.858 -19.823 -19.781 -19.701 -19.638 -19.585 -19.455 -19.296 -19.231 -19.176 -19.073 -18.972 -18.871 -18.780
-16.860 -16.851 -16.884 -16.938 -17.003 -16.961 -16.977 -17.062 -17.124 -17.155 -17.132 -17.118 -17.112 -17.118 -17.135 -17.114 -17.133 -17.174 -17.262 -17.336 -17.440 -17.541 -17.691 -17.905 -18.109 -18.321 -18.494 -18.751 -19.078 -19.374 -19.636 -19.844 -20.103 -20.277 -20.354 -20.386 -20.391 -20.381 -20.764 -21.287 -21.337 -21.397 -21.416 -21.424 -21.292 -21.058 -20.777 -20.592 -20.731 -20.950 -21.051 -21.077 -21.248 -21.632 -22.021 -22.732 -23.519 -23.820 -23.857 -23.818 -23.077 -22.120 -20.423 -19.464 -19.189 -19.095 -18.955 -18.672 -18.377 -18.134 -17.913
-16.617 -16.559 -16.599 -16.667 -16.739 -16.820 -16.826 -16.868 -16.880 -16.827 -16.753 -16.707 -16.630 -16.646 -16.665 -16.649 -16.666 -16.696 -16.825 -16.959 -17.096 -17.335 -17.545 -17.753 -18.010 -18.204 -18.445 -18.732 -18.994 -19.323 -19.722 -19.879 -20.543 -21.855 -25.114 -25.970 -26.327 -25.919 -26.358 -26.862 -26.831 -26.963 -27.015 -26.334 -24.590 -23.563 -23.477 -24.578 -24.784 -24.979 -25.074 -25.135 -25.544 -26.211 -26.678 -27.250 -27.350 -26.884 -26.764 -26.652 -26.177 -25.718 -25.078 -23.179 -22.217 -19.399 -17.638 -16.817 -16.490 -16.090 -15.664
-15.753 -15.603 -15.576 -15.561 -15.520 -15.496 -15.545 -15.656 -15.690 -15.664 -15.620 -15.593 -15.680 -15.790 -15.882 -15.969 -16.062 -16.221 -16.452 -16.742 -17.030 -17.341 -17.540 -17.776 -18.037 -18.237 -18.800 -19.588 -19.388 -19.686 -20.946 -21.524 -20.970 -22.199 -25.665 -26.625 -25.946 -25.048 -25.569 -27.369 -26.049 -23.108 -21.062 -21.158 -22.298 -22.727 -24.033 -25.270 -26.395 -27.403 -28.434 -29.333 -30.151 -30.953 -31.460 -31.516 -31.092 -30.140 -28.754 -26.966 -24.872 -22.885 -21.616 -20.501 -17.921 -16.394 -15.272 -14.917 -14.363 -13.589 -12.470
-13.823 -13.724 -13.654 -13.605 -13.568 -13.569 -13.604 -13.671 -13.785 -13.891 -13.946 -14.015 -14.208 -14.398 -14.622 -14.848 -15.153 -15.503 -15.840 -16.100 -16.323 -16.469 -16.497 -17.002 -17.833 -18.081 -18.520 -18.481 -18.729 -19.168 -20.194 -22.091 -22.472 -22.245 -22.583 -22.998 -24.096 -25.874 -26.246 -25.495 -21.903 -19.346 -18.680 -18.711 -19.606 -19.431 -19.143 -19.448 -20.780 -22.729 -25.250 -27.858 -29.598 -30.960 -31.765 -32.032 -31.765 -31.126 -30.267 -28.978 -26.910 -24.006 -21.495 -19.072 -15.505 -14.176 -13.476 -12.819 -11.882 -10.754 -9.491
-12.577 -12.299 -12.080 -11.929 -11.828 -11.763 -11.856 -11.931 -12.159 -12.287 -12.416 -12.555 -12.779 -12.916 -13.046 -13.171 -13.354 -13.581 -13.742 -13.847 -13.857 -13.814 -15.501 -16.618 -17.237 -17.196 -16.743 -17.011 -17.306 -17.917 -17.983 -19.861 -21.365 -20.904 -23.120 -22.666 -22.912 -23.251 -23.693 -23.389 -22.131 -20.292 -19.348 -18.915 -18.503 -17.855 -17.052 -15.686 -14.140 -14.895 -18.545 -23.312 -26.665 -29.147 -30.641 -31.676 -32.214 -32.111 -31.040 -28.371 -25.020 -21.571 -19.107 -16.217 -12.549 -11.135 -10.233 -9.394 -8.778 -8.466 -7.878
-11.204 -10.369 -9.944 -9.646 -9.420 -9.343 -9.465 -9.854 -10.781 -11.089 -10.978 -10.568 -10.611 -10.774 -11.019 -11.405 -11.595 -11.650 -11.639 -11.625 -11.461 -11.430 -12.946 -13.586 -13.595 -14.860 -15.284 -16.276 -16.910 -17.200 -16.988 -17.609 -19.166 -20.556 -21.577 -20.298 -22.184 -23.795 -24.437 -24.427 -23.407 -23.189 -22.510 -21.140 -18.623 -17.398 -16.650 -14.862 -13.236 -11.696 -13.197 -16.592 -21.215 -25.608 -28.115 -29.764 -30.969 -30.960 -28.777 -24.371 -20.821 -18.292 -15.959 -12.096 -9.500 -8.110 -7.387 -6.889 -6.490 -5.922 -5.207
-10.421 -8.634 -7.909 -7.580 -7.021 -6.591 -7.751 -9.775 -10.202 -10.612 -10.816 -10.591 -10.687 -10.869 -10.798 -10.600 -9.847 -9.136 -9.003 -9.173 -9.593 -10.337 -11.414 -12.246 -11.539 -11.246 -12.575 -14.367 -15.085 -15.390 -15.962 -15.989 -16.490 -17.384 -18.793 -20.042 -20.182 -20.869 -22.356 -21.442 -21.199 -21.230 -20.887 -21.403 -19.972 -17.701 -16.255 -14.923 -13.420 -11.295 -10.451 -11.472 -16.674 -22.222 -25.702 -27.449 -28.206 -26.632 -21.026 -17.760 -14.961 -11.480 -8.227 -6.415 -5.613 -5.080 -4.792 -4.671 -4.467 -3.902 -3.101
-7.844 -7.214 -6.764 -5.951 -4.813 -4.464 -4.804 -5.497 -5.329 -4.981 -5.366 -5.452 -5.291 -5.059 -5.035 -5.898 -7.199 -7.094 -6.353 -5.947 -5.784 -6.202 -7.086 -8.165 -9.115 -9.414 -10.636 -12.072 -12.890 -13.664 -14.374 -15.195 -16.073 -17.081 -18.357 -19.678 -20.229 -20.590 -21.631 -21.222 -21.419 -21.204 -20.478 -19.664 -18.755 -18.295 -18.116 -14.713 -12.100 -9.364 -8.868 -12.418 -17.151 -22.111 -24.413 -21.826 -17.334 -15.199 -9.728 -6.232 -4.654 -3.570 -3.587 -4.485 -5.592 -5.351 -3.664 -3.078 -3.151 -2.808 -2.192
-3.524 -2.799 -3.464 -3.116 -2.667 -2.170 -2.275 -2.532 -1.964 -1.371 -1.946 -3.046 -3.329 -3.772 -4.508 -4.247 -4.217 -4.819 -5.574 -6.468 -6.956 -5.327 -3.753 -4.052 -5.002 -6.198 -8.192 -9.835 -10.861 -11.557 -12.327 -13.318 -14.298 -15.421 -16.657 -17.444 -17.932 -19.090 -20.052 -20.048 -19.984 -19.589 -18.944 -18.910 -19.616 -18.684 -15.035 -12.490 -10.051 -7.627 -6.161 -8.254 -16.308 -23.095 -22.449 -12.427 -6.597 -5.780 -5.371 -4.445 -3.398 -2.406 -2.068 -2.942 -4.991 -4.247 -2.316 -1.880 -1.930 -1.706 -1.258
-0.809 -0.575 -0.879 -0.955 -0.923 -0.700 -0.573 -0.830 -1.038 -0.380 -2.264 -0.180 -0.780 -0.945 -2.646 -5.737 -5.216 -3.049 -3.064 -3.690 -3.961 -4.032 -2.248 -1.706 -2.653 -3.144 -4.679 -6.251 -8.634 -9.953 -11.209 -12.760 -13.785 -14.643 -15.546 -16.228 -17.093 -18.006 -18.612 -18.871 -18.760 -19.594 -19.470 -18.080 -16.624 -14.936 -12.702 -10.516 -8.200 -6.451 -5.268 -4.718 -8.496 -12.647 -13.377 -5.561 -4.699 -4.217 -3.337 -2.679 -1.944 -1.442 -0.976 -0.668 -0.392 -0.330 -0.486 -0.559 -0.600 -0.464 -0.137
1.635 1.575 1.209 0.847 0.615 0.736 1.085 0.854 1.295 1.061 2.454 4.658 5.306 6.203 6.345 5.591 3.473 1.003 -0.379 -1.734 -1.727 -1.821 -0.310 0.333 -0.468 -1.698 -2.788 -3.809 -6.136 -8.117 -9.646 -11.127 -12.568 -13.254 -14.194 -15.280 -16.342 -17.243 -17.661 -17.726 -17.301 -17.548 -17.401 -16.542 -14.697 -13.602 -13.187 -10.017 -7.528 -5.490 -4.049 -3.323 -2.921 -2.833 -3.263 -2.747 -2.280 -1.898 -1.081 -0.451 0.151 0.668 1.174 1.368 1.468 1.530 1.467 1.410 1.280 1.147 1.246
3.007 3.097 3.102 2.930 2.855 2.998 3.339 3.423 3.584 4.354 5.054 5.909 6.451 6.606 7.023 7.294 7.505 7.296 6.342 2.575 0.542 -0.010 0.651 1.879 2.068 1.221 -0.043 -1.429 -3.435 -5.447 -7.095 -8.478 -9.814 -10.802 -11.584 -12.901 -14.567 -15.342 -15.988 -16.277 -15.652 -14.836 -15.241 -14.632 -13.239 -12.420 -11.706 -9.450 -7.625 -5.754 -3.950 -2.464 -1.352 -0.653 -0.296 0.033 0.362 0.946 1.639 2.219 2.793 3.229 3.620 4.004 4.015 3.989 3.917 3.740 3.528 2.920 1.979
3.905 4.062 4.183 4.238 4.306 4.439 4.720 5.031 5.502 5.933 6.219 6.600 6.915 7.386 7.818 8.151 8.357 8.423 8.465 8.032 5.117 3.031 3.477 1.653 0.777 2.086 2.153 0.528 -0.919 -2.249 -3.552 -4.872 -7.085 -8.099 -9.366 -10.474 -11.395 -12.006 -12.260 -13.982 -13.602 -12.883 -13.305 -13.779 -13.310 -12.188 -10.662 -8.194 -6.666 -5.776 -4.684 -2.541 -0.626 0.819 1.797 2.422 2.788 3.192 3.736 4.334 4.911 5.351 5.713 5.994 6.150 6.195 6.056 5.643 4.610 4.673 4.316
4.372 4.603 4.732 4.934 5.096 5.296 5.475 5.712 5.906 6.340 6.714 7.089 7.435 7.816 8.211 8.604 8.900 9.238 9.219 9.324 8.913 4.812 2.951 3.608 2.097 0.420 3.340 3.534 2.217 1.182 -0.540 -1.699 -2.359 -4.133 -6.119 -7.859 -9.250 -10.008 -10.034 -10.694 -11.131 -11.123 -11.583 -11.451 -10.340 -9.266 -7.915 -6.131 -4.872 -3.568 -3.428 -1.926 -0.403 1.331 3.068 4.393 5.187 5.631 6.011 6.551 7.027 7.299 7.590 7.783 7.930 8.034 7.928 7.545 6.923 6.841 6.189
4.882 5.224 5.406 5.607 5.768 5.930 6.147 6.419 6.668 7.023 7.402 7.758 8.084 8.478 8.809 9.192 9.520 9.864 10.185 10.360 10.443 9.882 9.440 6.150 6.007 4.836 3.995 5.664 5.296 4.442 3.203 1.925 0.552 -0.449 -2.362 -4.607 -5.898 -7.169 -7.761 -8.183 -8.468 -8.562 -8.574 -7.592 -5.750 -4.549 -3.412 -2.620 -1.948 -0.782 -0.272 -0.231 0.480 2.136 4.304 6.290 7.570 8.103 8.418 8.797 9.132 9.309 9.519 9.631 9.725 9.767 9.770 9.709 9.424 9.174 8.723
5.691 6.143 6.367 6.600 6.818 7.014 7.211 7.469 7.762 8.095 8.465 8.763 8.964 9.189 9.447 9.803 10.169 10.505 10.977 11.458 11.745 11.590 11.368 9.023 9.821 6.840 4.050 4.196 6.234 7.267 6.128 5.279 3.893 2.285 1.011 -0.442 -1.244 -1.882 -2.970 -3.375 -3.686 -3.411 -3.140 -3.389 -2.028 -0.696 0.431 0.874 1.492 2.013 2.034 2.183 2.883 4.572 6.833 8.806 9.827 10.275 10.610 10.849 11.131 11.312 11.408 11.432 11.415 11.416 11.454 11.484 11.461 11.399 11.096
7.183 7.599 7.896 8.151 8.412 8.583 8.741 8.961 9.248 9.516 9.787 10.121 10.335 10.533 10.750 10.992 11.338 11.606 12.060 12.431 12.524 12.268 11.342 7.981 7.554 7.201 4.564 3.157 3.947 6.040 7.461 7.860 6.766 4.789 3.614 3.247 2.706 2.429 2.759 2.430 2.214 2.343 1.983 2.033 1.756 2.335 3.194 4.120 5.267 6.169 6.761 6.854 7.505 9.132 10.898 12.077 12.433 12.580 12.835 13.010 13.200 13.335 13.384 13.288 13.244 13.194 13.156 13.162 12.643 11.410 11.838
9.474 9.597 9.825 10.123 10.358 10.501 10.556 10.709 10.919 11.166 11.441 11.701 11.903 12.054 12.224 12.499 12.765 13.085 13.309 13.563 13.423 12.712 11.595 9.075 8.907 7.053 7.932 4.693 4.924 4.091 8.398 8.871 8.660 7.935 6.900 6.627 6.322 6.277 6.387 6.675 5.734 6.499 6.734 6.505 6.413 7.499 9.112 10.415 11.263 11.878 12.182 12.174 12.496 13.310 14.053 14.514 14.640 14.662 14.797 14.928 14.990 14.956 14.961 14.810 14.852 14.824 14.841 14.729 13.613 11.923 11.175
12.345 12.021 12.184 12.308 12.421 12.515 12.566 12.658 12.802 12.993 13.234 13.459 13.637 13.768 13.970 14.244 14.494 14.734 14.858 14.855 14.535 13.586 13.508 13.431 9.067 8.304 7.761 6.635 6.402 2.627 8.938 11.102 11.207 10.738 10.496 10.020 10.166 9.888 9.730 9.190 9.622 11.628 11.144 11.745 13.231 14.276 15.083 15.786 16.134 16.201 16.272 16.221 16.159 16.303 16.438 16.524 16.574 16.548 16.560 16.477 16.239 16.197 16.233 16.362 16.357 16.314 16.307 16.179 16.355 15.702 13.946
15.111 14.608 14.577 14.548 14.543 14.516 14.529 14.572 14.731 14.908 15.106 15.251 15.343 15.464 15.649 15.857 16.062 16.191 16.205 16.101 15.835 14.950 13.763 15.307 13.593 15.799 13.301 10.025 8.854 6.791 10.548 13.099 13.422 13.481 12.221 12.615 12.752 11.870 10.976 11.651 13.792 14.226 15.419 16.499 17.430 18.138 18.316 18.458 18.494 18.468 18.431 18.373 18.295 18.239 18.242 18.249 18.250 18.216 18.191 18.068 17.730 17.509 17.287 17.411 17.374 17.482 17.460 17.343 17.383 17.249 16.057
17.437 16.885 16.745 16.725 16.579 16.521 16.524 16.514 16.688 16.800 16.940 17.055 17.010 17.095 17.247 17.362 17.469 17.537 17.470 17.268 16.915 16.141 15.104 14.762 16.064 18.229 20.036 15.139 10.521 12.305 13.109 14.695 16.198 15.538 15.128 15.204 14.623 14.439 14.884 15.917 16.755 17.969 18.786 19.113 19.381 20.129 20.266 20.270 20.319 20.296 20.239 20.164 20.088 20.071 20.015 19.891 19.869 19.778 19.647 19.455 19.209 19.027 18.792 18.725 18.569 18.527 18.510 18.413 18.249 16.711 15.517
19.486 19.035 18.808 18.668 18.485 18.398 18.449 18.522 18.631 18.737 18.832 18.916 18.865 18.826 18.878 18.842 18.820 18.779 18.619 18.373 17.975 17.318 16.540 16.069 16.079 17.899 21.900 18.844 15.572 16.171 15.861 16.209 17.158 17.275 17.060 16.518 16.988 16.923 17.087 18.329 20.197 20.980 20.919 20.705 20.814 21.609 21.720 21.818 21.867 21.843 21.763 21.678 21.544 21.527 21.443 21.347 21.254 21.118 20.912 20.649 20.440 20.096 19.852 19.573 19.505 19.505 19.383 19.017 17.949 16.190 18.987
21.288 20.963 20.678 20.438 20.273 20.232 20.244 20.277 20.329 20.411 20.501 20.551 20.500 20.446 20.374 20.215 20.059 19.915 19.681 19.376 18.886 18.257 17.526 17.086 16.948 17.279 20.992 21.430 15.506 15.135 17.622 18.917 19.607 18.972 19.309 19.186 19.762 19.699 19.734 20.122 22.174 22.822 22.658 22.565 22.011 22.945 23.241 23.215 23.193 23.114 22.941 22.750 22.733 22.651 22.493 22.319 22.109 21.908 21.603 21.240 20.985 20.681 20.568 20.499 20.461 20.194 20.158 20.525 20.864 21.961 21.816
22.881 22.618 22.382 22.152 22.042 22.001 21.950 21.946 21.987 22.055 22.104 22.076 22.027 21.895 21.693 21.455 21.225 20.991 20.670 20.228 19.687 19.018 18.401 17.950 17.843 17.907 20.124 22.204 19.879 14.662 18.911 19.847 21.811 21.753 22.045 22.224 22.562 22.709 22.530 21.973 23.651 24.180 24.059 24.122 23.124 23.562 24.367 24.355 24.261 24.092 23.824 23.485 23.464 23.341 23.192 23.016 22.727 22.491 22.137 21.792 21.637 21.404 21.221 21.326 21.055 20.595 21.423 21.822 21.815 22.444 22.223
24.133 23.961 23.823 23.733 23.648 23.597 23.536 23.513 23.591 23.680 23.525 23.294 23.115 22.919 22.710 22.442 22.172 21.871 21.460 21.017 20.426 19.768 19.197 18.852 18.802 19.086 20.029 22.310 22.981 18.815 15.978 16.691 20.835 23.011 23.837 24.059 24.322 24.557 24.374 24.190 24.709 25.075 25.153 25.156 24.515 24.111 25.188 25.312 25.145 24.840 24.576 24.249 24.002 23.796 23.682 23.436 23.148 22.876 22.519 22.224 22.062 21.768 21.515 21.382 20.647 21.281 22.937 23.255 23.522 23.792 23.608
25.306 25.096 24.972 24.920 24.862 24.826 24.835 24.825 24.902 24.715 24.538 24.172 23.916 23.741 23.545 23.352 23.067 22.723 22.315 21.835 21.316 20.814 20.430 20.295 20.401 20.846 21.557 22.579 23.527 22.663 17.580 15.919 19.263 23.331 24.646 25.086 24.909 25.267 25.232 25.106 25.166 25.168 25.772 25.667 25.012 24.668 25.536 25.721 25.610 25.214 24.950 24.706 24.381 23.941 23.698 23.619 23.463 23.202 22.930 22.718 22.553 22.273 22.004 21.532 20.614 23.051 24.474 24.004 24.113 24.237 24.551
25.959 25.736 25.665 25.652 25.618 25.545 25.508 25.478 25.492 24.922 24.881 24.703 24.462 24.288 24.162 23.988 23.727 23.456 23.108 22.714 22.352 22.058 21.925 21.947 22.098 22.716 23.316 24.075 24.599 24.664 21.967 19.890 17.889 21.968 25.062 25.337 24.354 25.788 25.959 26.090 26.253 25.975 26.279 24.072 24.849 25.072 25.879 25.902 25.759 25.584 25.194 24.918 24.658 24.310 24.070 23.952 23.871 23.570 23.330 23.151 22.981 22.671 22.314 21.927 21.433 24.471 27.351 25.731 24.897 24.271 24.472
26.257 26.118 26.058 25.985 25.909 25.808 25.709 25.611 25.526 25.410 25.252 25.032 24.885 24.731 24.628 24.447 24.250 24.082 23.866 23.657 23.534 23.508 23.575 23.801 24.094 24.515 24.906 25.312 25.592 25.892 26.545 26.620 24.933 23.129 24.280 21.935 24.085 24.823 25.826 26.266 26.469 26.521 26.334 25.457 25.429 26.102 26.274 25.871 25.747 25.638 25.338 25.168 24.816 24.614 24.407 24.193 24.147 23.986 23.793 23.664 23.584 23.367 23.092 22.957 22.838 26.302 28.380 27.843 26.348 24.702 24.533
26.467 26.331 26.280 26.214 26.143 26.038 25.924 25.810 25.661 25.580 25.498 25.387 25.282 25.173 25.093 24.913 24.809 24.735 24.647 24.606 24.590 24.663 24.841 25.060 25.322 25.539 25.762 26.012 26.309 26.583 27.001 27.260 27.242 26.897 26.905 25.196 24.559 23.590 25.344 26.414 26.554 26.397 25.896 25.895 26.657 26.861 26.618 26.126 25.848 25.776 25.661 25.577 25.350 25.066 24.941 24.672 24.653 24.607 24.439 24.306 24.295 24.290 24.156 24.049 24.013 26.337 27.809 27.492 26.589 26.198 25.942
26.728 26.506 26.446 26.373 26.288 26.231 26.177 26.126 26.033 25.859 25.768 25.709 25.587 25.526 25.483 25.317 25.285 25.266 25.190 25.221 25.280 25.309 25.479 25.602 25.744 25.888 26.055 26.150 26.413 26.677 26.826 26.909 26.883 26.909 27.146 27.212 27.211 26.235 25.549 26.824 26.791 26.150 25.590 27.282 26.156 26.461 26.594 26.397 26.255 26.121 26.024 25.936 25.803 25.537 25.409 25.157 25.141 25.112 24.986 24.921 24.901 24.963 24.940 24.844 25.079 25.908 25.517 25.813 26.013 26.152 26.457
