data-raw/tempfiles/12_grid_data_12000BP.asc
ncols 144
nrows 72
xllcorner -180
yllcorner -90
cellsize 2.5
nodata_value -9999
[rows 0 to 31 of 72, columns 71 to 141 of 144]
-20.805 -20.888 -20.931 -21.038 -21.012 -21.031 -20.750 -20.581 -20.484 -20.550 -20.478 -20.519 -20.531 -20.450 -20.341 -20.400 -20.376 -20.409 -20.481 -20.492 -20.456 -20.497 -20.486 -20.530 -20.588 -20.579 -20.493 -20.504 -20.501 -20.528 -20.583 -20.537 -20.545 -20.552 -20.556 -20.558 -20.560 -20.507 -20.485 -20.326 -20.373 -20.428 -20.466 -20.456 -20.445 -20.442 -20.424 -20.389 -20.398 -20.392 -20.385 -20.376 -20.320 -20.295 -20.342 -20.310 -20.286 -20.348 -20.363 -20.370 -20.362 -20.335 -20.311 -20.315 -20.318 -20.298 -20.280 -20.249 -20.233 -20.219 -20.190
-20.113 -20.054 -19.976 -19.848 -19.727 -19.691 -19.649 -19.582 -19.580 -19.573 -19.522 -19.521 -19.496 -19.479 -19.439 -19.472 -19.489 -19.503 -19.527 -19.553 -19.527 -19.540 -19.575 -19.593 -19.613 -19.585 -19.538 -19.527 -19.514 -19.507 -19.514 -19.499 -19.500 -19.509 -19.528 -19.515 -19.514 -19.519 -19.528 -19.559 -19.601 -19.631 -19.649 -19.663 -19.677 -19.702 -19.693 -19.677 -19.699 -19.709 -19.710 -19.688 -19.702 -19.685 -19.665 -19.675 -19.656 -19.660 -19.645 -19.618 -19.603 -19.548 -19.499 -19.474 -19.480 -19.453 -19.440 -19.456 -19.462 -19.477 -19.483
-19.156 -18.990 -18.729 -18.555 -18.472 -18.381 -18.264 -18.224 -18.225 -18.300 -18.329 -18.326 -18.407 -18.496 -18.569 -18.701 -18.816 -18.883 -18.974 -19.056 -19.104 -19.142 -19.146 -19.115 -19.087 -19.055 -19.067 -19.056 -19.046 -19.042 -19.049 -19.053 -19.041 -19.018 -19.009 -18.995 -18.986 -18.996 -18.999 -19.010 -18.971 -18.962 -18.966 -18.973 -19.000 -19.033 -19.052 -19.077 -19.106 -19.146 -19.183 -19.210 -19.270 -19.257 -19.230 -19.219 -19.199 -19.161 -19.127 -19.091 -19.055 -18.992 -18.951 -18.895 -18.847 -18.769 -18.706 -18.627 -18.430 -18.399 -18.406
-16.620 -15.980 -15.360 -14.901 -14.789 -14.727 -15.029 -15.279 -15.805 -16.248 -16.730 -16.851 -17.046 -17.354 -17.596 -17.767 -17.965 -18.014 -18.005 -18.013 -18.015 -17.988 -17.952 -17.853 -17.767 -17.836 -17.952 -18.035 -18.144 -18.235 -18.239 -18.310 -18.322 -18.339 -18.391 -18.387 -18.564 -18.950 -20.425 -19.961 -18.620 -18.152 -18.153 -18.282 -18.345 -18.363 -18.396 -18.389 -18.399 -18.467 -18.520 -18.533 -18.601 -18.572 -18.535 -18.557 -18.526 -18.497 -18.479 -18.393 -18.298 -18.209 -18.094 -17.923 -17.729 -17.521 -17.442 -17.515 -17.658 -17.794 -17.865
-12.579 -11.329 -10.368 -9.851 -10.170 -11.653 -14.062 -16.095 -16.394 -15.737 -15.971 -15.784 -15.782 -15.996 -16.212 -16.333 -16.466 -16.485 -16.340 -16.165 -16.002 -15.819 -15.617 -15.412 -15.257 -15.163 -15.206 -15.299 -15.526 -15.751 -16.009 -16.329 -16.601 -16.900 -17.175 -17.417 -17.615 -17.932 -18.949 -19.788 -19.214 -19.853 -19.536 -18.036 -17.853 -18.086 -18.124 -18.114 -18.161 -18.199 -18.244 -18.264 -18.204 -18.179 -18.169 -18.173 -18.209 -18.237 -18.222 -18.194 -18.093 -18.004 -17.893 -17.706 -17.437 -17.132 -16.800 -16.681 -16.870 -16.955 -16.986
-9.901 -8.992 -8.369 -8.088 -8.085 -8.431 -9.186 -10.674 -11.746 -12.197 -12.327 -12.347 -12.300 -12.371 -12.616 -12.832 -12.908 -12.804 -12.583 -12.420 -12.385 -12.375 -12.247 -12.430 -12.949 -13.033 -13.137 -13.285 -13.224 -13.383 -13.846 -14.394 -14.895 -15.411 -15.773 -16.063 -16.488 -16.902 -17.566 -17.926 -18.273 -19.253 -19.944 -19.614 -19.962 -19.882 -18.326 -17.877 -18.024 -18.080 -18.020 -17.934 -17.905 -17.792 -17.662 -17.756 -18.624 -18.483 -18.247 -17.650 -17.615 -17.600 -17.411 -17.157 -16.761 -16.249 -15.500 -15.274 -15.355 -15.370 -15.251
-8.735 -7.949 -7.339 -7.004 -6.801 -6.774 -6.853 -6.957 -7.200 -7.342 -7.548 -7.520 -7.520 -7.628 -7.876 -8.242 -8.517 -8.581 -8.565 -8.727 -9.143 -9.904 -11.447 -12.948 -12.307 -11.897 -11.652 -11.707 -11.959 -12.406 -12.542 -13.011 -13.627 -14.870 -15.684 -16.009 -16.772 -17.257 -17.728 -17.905 -17.848 -17.721 -17.673 -17.751 -18.022 -18.200 -17.966 -18.185 -18.089 -17.756 -17.648 -17.733 -17.316 -17.025 -17.053 -17.024 -17.123 -17.327 -17.069 -16.756 -16.758 -16.714 -16.637 -16.493 -16.305 -16.079 -15.686 -15.122 -14.647 -14.289 -14.024
-6.239 -5.447 -4.849 -4.422 -3.995 -3.718 -3.406 -3.099 -3.085 -3.544 -4.299 -5.120 -5.615 -4.773 -4.658 -4.910 -5.193 -5.647 -6.314 -7.028 -7.863 -9.146 -11.064 -11.315 -11.110 -10.963 -10.906 -11.039 -12.510 -12.708 -11.807 -12.893 -13.867 -14.152 -14.306 -14.305 -14.418 -14.852 -15.267 -15.504 -15.704 -15.944 -16.307 -16.787 -17.063 -16.835 -16.544 -16.449 -16.488 -16.886 -17.236 -17.695 -17.290 -16.380 -16.906 -16.665 -16.379 -16.637 -16.289 -16.105 -16.089 -15.642 -15.381 -15.299 -15.182 -14.369 -14.152 -13.933 -13.407 -12.889 -12.658
-4.547 -3.808 -3.237 -2.783 -2.363 -2.047 -2.053 -4.676 -7.659 -8.506 -8.137 -7.903 -7.718 -7.081 -6.400 -5.418 -4.414 -4.745 -6.043 -6.773 -7.605 -8.145 -8.753 -9.270 -9.698 -10.388 -10.802 -10.306 -10.553 -11.037 -10.181 -10.894 -11.427 -11.870 -11.946 -11.975 -12.669 -14.110 -15.590 -16.171 -15.909 -14.910 -14.410 -14.909 -15.467 -15.283 -14.597 -14.209 -14.545 -14.573 -14.448 -15.451 -16.637 -15.851 -15.867 -15.690 -16.640 -16.057 -14.629 -14.142 -14.237 -13.698 -12.970 -12.301 -12.142 -12.048 -12.576 -12.927 -12.304 -12.282 -13.179
-4.111 -3.294 -2.723 -2.290 -2.025 -2.430 -6.593 -8.754 -8.860 -7.907 -7.637 -8.002 -7.984 -7.315 -6.532 -5.801 -5.425 -5.359 -5.120 -5.286 -6.042 -6.313 -6.775 -6.892 -7.535 -8.265 -8.406 -8.320 -8.297 -8.500 -8.870 -9.476 -9.437 -9.216 -9.380 -9.284 -10.096 -11.198 -12.206 -13.311 -13.499 -13.095 -12.631 -12.641 -12.781 -12.932 -12.948 -12.674 -12.672 -12.643 -12.467 -14.069 -15.232 -14.420 -14.679 -14.645 -15.423 -14.959 -14.202 -13.828 -12.313 -11.146 -11.379 -10.978 -11.021 -10.974 -10.778 -11.067 -11.047 -10.555 -9.930
-3.721 -2.946 -2.208 -2.235 -3.520 -6.022 -8.010 -7.599 -7.211 -6.498 -6.655 -6.992 -6.885 -6.340 -5.604 -5.175 -4.447 -4.146 -4.102 -4.278 -4.438 -4.523 -4.420 -4.606 -6.152 -5.799 -5.551 -5.737 -6.121 -6.634 -7.102 -7.368 -7.372 -7.101 -7.108 -7.358 -8.389 -9.436 -9.704 -10.105 -10.278 -10.349 -10.245 -10.276 -10.408 -10.695 -10.716 -10.406 -10.440 -10.425 -10.393 -10.892 -12.044 -12.685 -13.103 -13.242 -14.200 -14.044 -13.768 -13.405 -12.610 -11.674 -11.180 -10.718 -10.766 -9.710 -9.251 -8.890 -8.357 -8.100 -7.768
-3.112 -2.407 -1.972 -6.396 -8.920 -7.512 -7.345 -6.166 -4.858 -5.505 -6.025 -5.404 -4.965 -4.324 -3.907 -3.859 -3.792 -3.436 -3.131 -2.909 -2.860 -2.915 -2.866 -3.016 -3.970 -2.932 -2.999 -3.307 -3.802 -4.306 -4.886 -5.075 -5.155 -5.574 -5.919 -6.063 -6.126 -6.827 -7.666 -8.142 -8.068 -8.073 -8.294 -8.217 -8.209 -8.319 -8.046 -7.886 -8.133 -8.540 -8.755 -9.202 -9.767 -10.252 -10.739 -11.233 -11.837 -10.844 -10.393 -10.044 -10.075 -10.150 -9.926 -7.021 -4.591 -5.102 -5.258 -5.232 -5.505 -5.228 -2.762
-1.786 -1.507 -1.283 -3.850 -4.206 -3.354 -4.338 -3.921 -2.962 -3.237 -3.500 -3.711 -3.112 -2.962 -3.060 -2.944 -2.606 -2.448 -2.171 -1.801 -1.713 -1.938 -1.580 -1.436 -1.952 -0.835 -0.926 -1.540 -2.059 -2.646 -3.069 -3.448 -3.675 -3.915 -4.233 -4.386 -4.365 -4.622 -5.499 -5.876 -5.781 -5.837 -6.520 -6.869 -6.724 -7.068 -7.959 -8.435 -7.550 -7.695 -8.197 -8.724 -8.868 -8.878 -8.649 -8.877 -8.261 -4.841 -3.460 -3.346 -3.053 -3.296 -3.486 -1.914 -2.957 -4.874 -1.966 -0.476 0.029 0.252 0.318
-0.345 0.032 -0.036 -0.311 -0.643 -1.210 -2.398 -1.681 -1.177 -1.458 -2.284 -2.287 -2.091 -2.000 -1.995 -1.536 -1.182 -0.915 -0.447 -0.278 -0.287 -0.099 0.055 0.125 -0.521 0.176 -0.063 -0.579 -0.957 -1.538 -1.963 -2.404 -2.565 -2.610 -2.469 -2.290 -2.453 -2.634 -3.126 -3.369 -3.671 -4.366 -4.965 -5.537 -7.031 -8.775 -9.007 -9.096 -9.406 -8.288 -8.043 -8.076 -8.709 -9.359 -7.907 -6.557 -4.508 -2.932 -2.420 -1.892 -1.327 -0.658 -0.111 -2.108 -4.554 -3.529 -0.001 0.693 0.920 1.107 1.208
0.682 1.534 1.637 1.378 1.109 1.039 0.949 0.534 0.117 0.098 -0.446 -0.806 -0.727 -0.666 -0.471 -0.229 0.139 0.466 0.656 0.876 1.264 1.237 0.767 0.504 -0.298 0.697 0.645 0.178 -0.160 -0.183 -0.297 -0.612 -0.826 -0.869 -0.680 -0.934 -2.151 -2.113 -3.545 -5.620 -5.673 -3.969 -3.781 -4.778 -5.568 -7.487 -6.733 -6.748 -6.610 -6.199 -5.403 -4.847 -5.327 -6.495 -6.500 -4.265 -3.428 -2.948 -2.512 -1.535 -0.624 0.218 0.775 -1.221 -2.469 0.560 1.519 1.670 1.890 2.012 2.029
2.800 3.417 3.403 2.959 2.191 1.941 2.204 1.916 1.770 1.489 1.546 1.389 1.499 1.742 1.843 2.061 2.388 2.516 2.485 2.670 2.772 2.498 2.075 1.233 0.791 0.959 0.957 0.663 0.224 0.425 0.488 0.869 1.075 0.274 -1.506 -3.425 -6.087 -5.179 -4.635 -5.609 -7.714 -6.854 -4.400 -3.269 -3.563 -4.267 -3.446 -3.862 -4.581 -5.313 -4.592 -3.681 -3.535 -5.288 -6.593 -4.171 -3.590 -2.406 -2.294 -1.630 -0.666 0.234 0.748 0.594 1.310 2.108 2.340 2.488 2.566 2.626 2.642
5.303 5.061 5.015 4.305 3.830 2.851 2.540 3.410 2.829 2.777 1.980 2.669 3.465 3.767 4.067 4.282 4.756 5.248 5.307 5.109 4.717 4.542 4.371 2.992 2.159 2.632 2.713 1.579 1.058 1.086 0.258 0.064 0.508 0.426 -0.286 -3.748 -7.578 -5.774 -3.076 -5.633 -6.566 -4.091 -2.342 -2.809 -4.738 -3.339 -1.616 -1.374 -2.573 -3.337 -1.557 -2.043 -2.052 -2.195 -1.943 -2.484 -3.703 -0.987 -1.064 -0.883 -0.266 0.259 0.586 1.071 1.883 2.410 2.713 2.901 2.894 2.985 3.102
7.813 7.075 6.227 3.804 2.744 2.354 3.754 5.496 6.492 6.054 3.967 4.359 6.388 6.654 6.827 7.532 8.188 8.450 8.013 7.756 6.956 7.145 6.993 5.628 4.551 4.933 5.238 4.683 4.635 4.052 3.807 4.218 3.468 1.869 1.402 2.916 1.450 -2.956 -2.789 -3.641 -4.232 -3.563 -1.060 -0.931 -0.791 -0.688 -1.120 -0.574 -1.874 -0.383 1.120 -0.029 -0.479 0.509 0.209 -1.705 0.840 2.182 1.249 0.759 0.623 0.831 1.219 1.756 2.381 2.871 3.088 3.134 3.056 3.267 3.617
9.667 8.366 9.299 8.193 10.238 9.231 9.722 8.597 6.751 7.823 8.052 8.526 8.536 8.989 9.261 9.862 10.398 7.988 7.146 8.587 9.376 9.422 9.032 8.269 7.782 8.384 8.502 8.300 7.734 6.550 5.211 3.918 1.438 -0.065 -0.873 -0.122 2.806 2.978 2.238 1.938 1.974 1.896 1.610 2.315 3.103 2.395 1.292 0.131 1.298 3.586 2.666 1.446 0.566 2.063 1.341 2.572 4.466 4.720 3.499 2.626 2.311 2.547 3.026 3.484 3.812 4.008 4.042 4.094 3.984 4.133 4.775
9.537 11.229 12.993 13.253 12.652 12.874 11.912 12.110 11.916 8.939 10.115 11.183 11.534 10.027 9.022 10.216 9.808 7.988 5.393 7.333 10.292 11.518 12.097 11.814 11.896 11.593 11.618 10.692 9.809 5.103 -0.142 -3.181 -0.569 4.284 6.165 6.082 7.034 7.974 6.515 3.337 4.764 5.791 4.972 4.696 3.768 2.744 2.249 2.946 4.111 4.863 3.471 1.754 1.763 5.046 5.262 6.457 7.580 7.227 6.786 5.622 5.691 5.960 6.240 6.385 6.356 6.358 6.419 6.526 6.650 6.777 6.843
12.589 14.901 14.935 14.920 14.565 14.631 14.512 14.361 14.821 12.780 14.084 14.376 12.157 10.048 10.386 8.568 9.064 8.119 5.314 7.050 11.066 13.456 14.933 13.589 13.895 14.046 14.073 11.288 6.448 -2.392 -7.975 1.788 9.061 9.163 9.107 6.938 2.847 1.787 1.123 -4.641 -3.920 2.495 6.089 6.264 5.955 5.224 6.371 9.643 7.755 6.141 5.509 5.738 7.488 8.673 9.232 10.019 9.951 9.632 10.300 10.232 10.422 10.543 10.421 10.245 10.116 10.062 10.035 10.093 10.135 10.153 10.091
15.386 15.041 14.635 14.491 15.022 15.946 15.541 16.207 16.281 15.865 15.760 16.174 15.767 15.195 15.010 16.026 16.587 17.074 14.599 8.703 7.762 11.016 12.029 12.179 10.711 13.835 12.197 9.218 6.996 -1.963 -5.917 -9.509 -6.048 -2.274 -4.314 -8.787 -9.332 -7.391 -2.456 -1.219 -3.116 -0.189 4.531 6.452 7.917 8.208 9.710 11.055 9.627 8.633 8.265 8.365 9.472 11.330 12.122 11.504 10.390 13.045 13.801 14.014 13.971 14.159 14.016 13.863 13.727 13.692 13.651 13.550 13.510 13.479 13.415
13.871 13.986 15.723 18.338 18.373 18.210 17.420 17.222 17.257 17.229 17.206 17.186 17.585 17.928 18.334 16.141 17.381 19.168 20.857 16.044 9.817 11.397 15.607 16.756 13.751 14.422 8.663 4.857 5.765 14.138 10.465 -3.445 -10.362 -9.544 -7.249 -7.172 -7.207 -7.080 -5.493 -4.385 -3.933 -1.462 3.273 8.595 10.333 11.063 12.626 12.380 11.645 10.711 10.809 11.614 12.933 13.338 14.066 14.738 15.615 16.381 16.832 16.927 16.722 16.899 16.937 16.835 16.779 16.759 16.683 16.636 16.561 16.468 16.400
17.492 17.314 18.469 19.225 18.829 18.325 19.087 19.311 18.935 19.779 19.616 19.146 19.301 19.353 19.120 18.014 19.032 20.227 22.042 23.004 20.843 11.166 12.915 14.665 18.382 18.723 18.115 14.395 13.725 21.290 20.489 14.845 -0.621 -7.280 -5.979 -5.038 -4.529 -4.448 -4.620 -3.103 -1.171 1.209 9.045 14.348 12.229 12.450 13.619 13.447 13.675 13.136 13.297 15.061 16.475 16.711 17.942 18.234 18.374 18.716 18.897 18.953 18.925 18.823 19.225 19.276 19.213 19.198 19.159 19.094 18.999 18.924 18.803
20.242 19.606 19.259 19.647 19.461 18.997 18.993 19.437 20.288 20.941 20.289 20.318 20.604 20.673 20.456 19.571 20.560 20.617 21.753 22.688 23.425 20.651 16.616 15.765 19.514 17.927 19.610 16.986 20.585 22.722 22.861 21.201 19.502 14.038 3.986 -1.807 -1.548 -0.551 4.832 6.283 3.537 5.619 12.414 15.010 13.737 14.253 15.095 15.819 15.394 15.326 16.504 18.307 19.335 19.910 20.175 20.464 20.650 20.685 20.744 20.864 20.929 20.836 21.138 21.275 21.218 21.188 21.157 21.130 21.021 20.932 20.769
20.785 21.797 20.899 19.242 19.527 20.032 19.965 20.351 21.074 21.074 20.652 20.079 20.575 21.933 23.518 23.458 21.908 21.477 22.562 22.733 24.002 23.498 23.345 24.125 23.204 22.111 21.945 22.225 23.267 24.159 22.632 22.613 22.581 22.451 22.250 19.879 17.605 16.278 17.614 17.860 12.075 12.644 12.866 15.374 15.751 15.995 16.789 17.255 17.666 18.580 20.257 21.196 21.541 21.700 22.049 22.457 22.583 22.575 22.586 22.693 22.709 22.790 22.962 23.004 22.900 22.870 22.858 22.871 22.741 22.626 22.470
22.203 22.297 21.268 18.034 18.701 18.981 19.260 20.508 20.570 20.175 21.044 19.919 21.977 23.214 24.474 23.518 24.604 23.361 22.746 22.786 24.239 25.080 24.616 24.536 24.446 23.333 23.137 23.360 24.165 25.125 24.189 23.921 23.218 22.575 22.308 22.420 21.844 21.060 19.090 20.693 16.971 16.352 16.687 19.082 19.445 18.798 19.466 19.889 20.992 20.713 23.175 23.484 23.456 23.471 23.690 24.041 24.236 24.297 24.352 24.361 24.331 24.380 24.486 24.457 24.321 24.208 24.195 24.171 24.084 23.953 23.834
23.623 23.063 22.326 22.218 21.095 21.649 21.824 20.232 18.701 21.056 21.156 20.999 22.595 24.065 25.292 24.788 25.200 22.646 22.743 23.505 24.558 24.959 25.535 26.238 25.443 23.467 23.596 23.771 24.195 24.874 24.056 23.947 24.014 23.926 23.841 24.004 24.111 23.912 21.708 21.763 19.791 19.631 19.463 21.800 21.425 21.486 21.981 22.896 24.024 24.610 24.929 24.925 24.988 25.092 25.197 25.329 25.478 25.597 25.664 25.644 25.613 25.660 25.650 25.597 25.494 25.397 25.356 25.289 25.242 25.080 24.973
24.500 24.127 23.725 23.774 21.721 22.580 23.503 24.223 24.345 23.561 21.951 22.463 23.659 25.288 26.370 25.554 25.175 24.036 20.060 23.435 24.964 25.151 24.874 25.155 23.878 24.157 24.499 24.848 25.102 25.516 23.500 24.360 25.109 24.537 24.573 25.832 25.537 25.462 24.504 23.772 22.927 22.865 21.602 22.739 23.008 23.509 24.361 25.157 25.829 25.906 26.211 26.076 26.155 26.290 26.337 26.302 26.418 26.604 26.459 26.421 26.507 26.486 26.454 26.407 26.361 26.234 26.141 26.071 26.002 25.831 25.768
25.235 25.340 24.617 24.316 24.158 24.073 24.582 25.651 26.321 25.168 22.618 22.647 24.402 25.424 26.286 25.900 23.760 25.956 20.710 22.732 23.308 24.214 23.874 24.466 24.587 24.831 25.130 25.489 25.705 26.008 24.286 24.933 25.645 26.438 26.609 26.420 26.013 25.713 25.558 25.619 24.641 24.936 24.897 23.483 24.420 25.200 25.737 26.339 26.671 25.309 26.635 26.570 26.895 26.965 26.888 26.887 26.988 27.116 26.974 26.910 26.994 26.984 26.907 26.821 26.701 26.586 26.471 26.377 26.279 26.183 26.086
24.501 24.507 24.580 23.839 23.960 25.325 26.085 26.463 26.618 24.813 22.640 23.660 24.717 25.518 25.048 21.989 17.768 25.496 23.527 23.598 25.212 25.486 25.111 25.162 25.328 25.525 25.766 26.106 26.264 26.430 25.854 23.899 25.356 26.947 26.845 26.626 26.342 26.046 25.971 26.195 25.083 25.663 25.465 24.928 24.522 26.126 26.526 26.874 27.151 26.749 26.819 26.948 27.221 27.352 27.240 27.245 27.303 27.282 27.062 27.068 27.143 27.104 26.978 26.856 26.711 26.620 26.529 26.486 26.452 26.403 26.294
25.390 25.312 25.105 24.025 23.221 25.363 26.085 26.501 25.946 25.531 24.686 25.194 24.885 24.753 24.380 19.801 16.033 24.269 24.953 25.603 25.206 25.723 25.411 25.698 26.058 26.258 26.471 26.698 26.693 26.845 26.770 24.823 26.585 27.001 27.222 26.894 26.638 26.335 26.216 26.375 25.782 25.802 25.152 25.289 25.299 26.688 26.968 27.141 27.186 26.855 26.742 27.094 27.462 27.427 27.291 27.264 27.299 27.305 27.187 27.176 27.150 27.139 27.039 26.900 26.747 26.702 26.684 26.730 26.791 26.700 26.492
