data-raw/tempfiles/12_grid_data_12000BP.asc
ncols 144
nrows 72
xllcorner -180
yllcorner -90
cellsize 2.5
nodata_value -9999
[rows 32 to 63 of 72, columns 71 to 141 of 144]
26.035 25.357 25.187 25.585 24.934 25.352 25.358 25.911 26.416 26.064 24.830 25.206 25.519 25.390 23.868 17.947 16.491 20.360 21.690 23.923 24.873 25.437 25.604 25.995 26.384 26.618 26.855 27.099 27.168 27.227 27.217 26.471 27.081 27.114 27.319 27.015 26.836 26.629 26.611 26.717 26.245 25.986 25.755 25.770 26.666 26.973 27.144 27.333 27.250 27.169 26.222 26.402 27.176 27.203 27.122 27.082 27.144 27.218 27.207 27.069 27.103 27.223 27.097 26.930 26.884 26.891 26.903 26.971 27.084 26.936 26.686
25.705 25.957 25.736 25.458 24.608 22.800 22.792 24.175 25.227 24.942 24.822 25.109 25.056 25.405 25.859 21.265 18.227 22.839 25.487 26.107 26.360 25.523 25.930 26.218 26.520 26.676 26.829 26.984 27.092 27.200 27.236 27.263 27.072 26.475 27.257 27.144 27.114 27.010 26.947 26.504 26.594 24.767 25.513 26.015 26.715 26.823 27.079 25.841 26.693 27.053 26.541 26.526 27.078 27.053 27.001 26.974 26.993 26.947 26.688 26.874 27.218 27.177 27.149 27.015 27.059 27.110 27.062 27.031 27.082 26.982 26.811
26.187 26.193 26.151 25.701 24.695 23.480 22.877 23.660 24.407 24.106 23.671 23.822 23.431 24.266 25.505 27.505 23.365 25.420 26.418 26.897 25.809 25.919 26.125 26.316 26.514 26.635 26.781 26.879 26.999 27.056 27.063 27.001 26.963 26.956 27.002 27.008 27.043 27.038 26.962 25.183 25.003 24.688 24.707 25.247 25.659 25.770 25.603 24.351 26.607 27.020 26.973 26.902 26.981 26.991 26.897 26.563 26.496 26.797 27.003 27.180 27.298 27.262 27.190 27.049 27.053 27.113 27.032 26.991 27.058 27.112 27.065
25.993 25.954 25.908 25.793 25.603 23.697 23.391 24.171 24.392 24.236 23.878 23.230 21.739 21.852 23.310 23.353 25.621 27.595 27.071 26.237 25.949 25.945 26.093 26.300 26.481 26.603 26.730 26.803 26.875 26.947 26.964 26.886 26.811 26.777 26.804 26.842 26.879 26.800 26.667 26.551 25.110 25.013 24.643 24.512 24.329 24.700 24.047 24.240 26.342 26.017 26.461 26.848 26.581 26.927 26.835 27.032 27.010 27.109 27.135 27.174 27.293 27.346 27.190 27.007 26.968 27.004 26.996 27.029 27.128 27.253 27.258
25.372 25.323 25.283 25.225 25.426 24.252 23.612 24.496 24.354 24.267 23.846 22.881 20.671 20.668 22.195 21.014 25.407 27.025 26.093 26.115 26.046 26.034 26.103 26.257 26.379 26.437 26.501 26.583 26.721 26.820 26.804 26.727 26.672 26.680 26.684 26.646 26.595 26.544 26.477 26.382 25.939 24.293 24.595 24.259 24.130 24.571 25.136 25.805 25.946 25.011 26.681 27.016 26.833 26.254 25.428 26.567 26.553 26.887 26.976 26.997 27.209 27.364 27.280 27.043 26.949 27.006 27.023 27.075 27.133 27.216 27.336
25.163 25.046 25.002 25.025 25.362 24.325 23.555 24.361 24.605 24.353 23.994 23.478 21.188 21.955 23.715 23.185 25.090 26.116 26.317 26.348 26.083 26.023 26.051 26.158 26.244 26.268 26.301 26.352 26.478 26.694 26.715 26.612 26.547 26.557 26.541 26.507 26.403 26.398 26.415 26.285 26.344 25.659 24.573 24.813 24.479 24.926 25.399 26.043 26.275 25.566 27.098 26.688 26.661 26.821 25.967 22.759 22.009 23.814 25.610 26.810 27.210 26.764 27.100 27.040 26.881 26.938 26.988 26.991 27.031 27.130 27.262
24.764 24.529 24.380 24.473 24.684 24.545 24.083 23.446 23.317 23.880 23.888 24.037 23.086 22.741 22.789 22.904 25.086 25.957 26.238 26.297 26.093 25.945 25.979 26.066 26.145 26.186 26.205 26.230 26.360 26.559 26.617 26.532 26.482 26.394 26.411 26.426 26.366 26.349 26.360 26.388 26.613 26.565 26.034 25.397 24.724 25.024 25.547 26.501 27.179 27.544 27.404 27.210 27.172 27.180 27.065 26.619 25.872 23.817 19.724 21.763 25.901 25.974 27.002 26.679 26.798 26.822 26.896 26.897 26.894 26.970 27.109
24.164 23.826 23.559 23.616 23.823 24.190 24.567 22.784 22.464 22.583 22.692 23.314 22.263 21.683 21.131 21.456 24.193 25.769 26.037 26.201 26.044 25.937 25.995 26.058 26.108 26.127 26.102 26.115 26.278 26.432 26.469 26.320 26.335 26.309 26.258 26.279 26.288 26.285 26.267 26.314 26.437 26.522 26.585 26.417 26.184 26.111 26.091 26.704 27.009 27.241 27.182 27.046 27.483 27.456 27.112 26.518 25.715 24.879 24.396 23.604 24.201 26.530 26.879 26.808 26.634 26.428 26.764 26.753 26.749 26.787 26.890
23.392 23.191 22.901 22.590 22.595 22.990 22.234 19.937 21.333 22.155 22.220 21.749 22.218 21.559 20.851 22.017 23.187 25.844 26.349 26.315 26.026 25.899 25.972 26.029 26.006 25.961 25.952 25.950 26.081 26.154 26.170 25.896 26.057 26.072 26.088 26.081 26.084 26.104 26.107 26.113 26.107 26.132 26.126 26.366 26.522 26.726 27.011 27.100 27.398 27.565 27.586 27.571 27.407 27.657 27.321 27.004 26.447 25.909 24.914 25.578 25.459 26.189 26.578 26.650 26.538 26.434 26.530 26.475 26.448 26.519 26.648
22.765 22.724 22.474 21.951 21.435 21.689 22.336 19.793 20.735 22.040 22.797 22.300 21.707 22.496 21.501 22.162 23.150 25.870 26.128 26.028 24.103 25.553 25.995 25.903 25.783 25.714 25.682 25.666 25.696 25.702 25.630 25.449 25.601 25.673 25.705 25.707 25.673 25.656 25.657 25.664 25.548 25.567 25.686 25.805 25.929 26.131 26.443 26.758 27.167 27.421 27.575 27.522 27.778 28.160 27.636 27.641 27.219 26.870 25.637 25.633 25.845 26.065 26.245 26.297 26.192 26.192 26.130 25.923 25.945 26.115 26.328
22.399 22.375 22.174 21.540 20.551 22.258 23.808 22.859 21.916 22.907 23.781 22.483 22.539 22.810 24.099 23.730 24.844 25.885 25.676 25.643 22.325 25.164 25.771 25.613 25.442 25.358 25.279 25.224 25.168 25.099 24.942 24.988 24.992 25.000 24.956 24.925 24.903 24.853 24.810 24.826 24.711 24.713 24.794 24.855 25.163 25.478 25.887 26.374 26.867 27.034 27.567 27.290 28.611 28.461 27.959 27.570 27.095 27.200 25.829 24.617 25.421 25.520 25.638 25.626 25.558 25.582 25.519 25.212 25.146 25.396 25.695
22.074 21.936 21.875 21.347 20.240 20.212 22.747 22.432 22.052 22.938 23.652 22.981 21.577 20.237 22.824 24.898 25.368 25.495 24.914 21.796 21.685 25.270 25.540 25.225 24.829 24.726 24.635 24.575 24.460 24.368 24.164 24.204 24.182 24.017 23.916 23.926 23.818 23.768 23.674 23.630 23.504 23.541 23.445 23.799 24.122 24.618 25.256 25.977 26.352 27.219 27.840 27.829 27.265 27.447 27.301 27.214 26.939 27.149 24.572 23.633 24.712 24.688 24.761 24.671 24.588 24.646 24.676 24.466 24.211 24.377 24.705
21.670 21.431 21.283 21.038 20.356 18.977 21.036 20.653 20.320 22.221 23.372 22.820 22.095 23.538 24.498 24.609 25.046 24.726 24.355 21.519 23.158 24.727 24.981 24.509 24.244 23.909 23.792 23.687 23.587 23.461 23.368 23.221 23.085 22.947 22.816 22.755 22.630 22.523 22.300 22.317 22.161 22.139 22.130 22.524 22.856 23.435 24.502 26.104 26.101 26.414 26.629 26.272 25.783 25.145 24.766 25.150 25.437 25.741 24.689 24.187 23.420 23.616 23.826 23.656 23.523 23.581 23.507 23.140 23.308 23.356 23.573
21.231 20.989 20.642 20.193 19.940 18.705 18.730 21.019 20.660 21.266 21.622 21.551 21.343 23.356 25.337 24.174 24.147 23.986 23.791 21.886 23.935 24.118 24.045 23.738 23.389 23.054 22.897 22.771 22.718 22.584 22.315 22.164 21.986 21.842 21.690 21.591 21.483 21.260 20.975 21.019 20.676 20.615 20.683 21.128 21.649 22.214 24.201 24.555 24.294 24.919 25.551 25.077 23.937 22.715 22.585 24.234 24.857 24.845 24.183 23.047 22.511 22.368 22.843 22.749 22.519 22.492 22.586 22.552 22.370 22.335 22.392
20.616 20.391 20.100 19.749 19.637 18.835 17.998 20.871 20.851 21.277 20.032 18.833 18.081 20.460 23.777 23.139 22.998 22.967 23.415 23.207 23.118 22.709 22.580 22.432 22.104 21.859 21.686 21.590 21.566 21.413 21.051 20.985 20.887 20.700 20.509 20.182 19.927 19.729 19.697 19.571 18.964 19.011 19.102 19.640 20.203 20.835 22.565 22.955 22.771 23.099 23.154 22.470 20.763 20.653 22.178 23.414 23.779 23.476 22.832 21.845 20.851 20.493 21.463 21.842 21.506 21.384 21.284 21.199 21.066 21.062 21.151
19.726 19.414 19.210 19.126 19.003 18.657 17.727 19.696 20.428 20.251 18.655 17.739 15.767 20.445 22.440 22.015 21.906 21.745 21.762 21.666 21.493 20.976 20.440 20.064 20.233 20.011 20.074 19.769 19.963 19.940 19.818 19.567 19.312 18.574 17.455 16.838 16.759 16.792 17.198 17.258 16.866 16.990 17.784 18.324 18.757 19.455 20.599 21.093 20.457 20.867 20.830 21.249 20.396 20.254 20.950 22.096 22.178 22.318 22.165 21.329 20.746 18.027 20.082 20.935 20.571 20.239 20.030 19.772 19.680 19.749 19.850
18.384 18.167 18.156 18.175 18.093 18.074 17.895 17.619 19.184 18.447 17.782 16.658 17.889 21.019 20.940 20.479 20.365 20.178 20.062 19.942 19.557 18.475 18.447 18.369 18.579 18.578 18.422 17.960 17.687 18.234 18.150 17.525 16.059 15.313 15.202 15.173 15.132 15.086 14.982 14.998 15.027 15.163 16.058 16.847 17.150 17.866 18.923 19.212 18.835 19.131 19.937 20.696 20.112 19.735 19.702 19.909 19.425 20.099 19.913 19.408 18.523 16.397 19.774 20.002 19.691 19.341 19.028 18.734 18.539 18.440 18.497
16.460 16.334 16.434 16.682 16.660 16.804 16.980 16.980 17.624 18.258 18.899 19.328 19.288 19.229 18.996 18.592 18.509 18.365 18.226 17.571 16.853 16.845 17.027 16.916 16.581 16.589 16.008 15.507 15.496 16.104 15.706 14.332 13.552 13.476 13.486 13.348 13.247 13.208 13.241 13.241 13.296 13.505 14.053 14.830 15.416 16.225 17.296 17.571 17.704 17.849 17.727 16.749 16.614 16.696 17.393 18.544 18.229 18.772 18.443 17.368 15.608 17.929 19.208 18.985 18.664 18.335 17.982 17.711 17.364 17.103 17.016
14.648 14.589 14.472 14.480 14.616 14.950 15.379 15.966 16.518 17.031 17.315 17.589 17.489 17.300 17.044 16.958 16.823 16.578 16.250 15.568 15.303 15.349 15.201 15.037 14.879 15.083 14.863 14.472 14.179 13.233 12.728 12.218 12.441 12.689 12.244 11.623 11.525 11.637 12.011 12.033 11.893 12.195 12.717 13.093 13.608 14.159 14.878 15.302 15.296 15.018 14.843 14.841 14.938 15.122 15.330 15.707 16.184 16.475 16.019 14.937 13.770 16.791 17.668 17.618 17.414 17.096 16.756 16.502 16.203 15.946 15.478
12.238 12.427 12.367 12.394 12.480 12.834 13.428 14.163 14.907 15.094 15.219 15.007 14.760 14.641 14.580 14.295 14.214 14.053 13.833 13.920 14.011 13.938 14.041 13.948 14.059 14.033 13.915 13.454 12.908 12.023 11.406 12.158 12.698 12.614 12.413 11.987 11.416 11.217 11.083 10.449 10.566 11.136 11.521 11.641 11.836 12.049 12.479 12.937 12.910 12.873 12.902 12.966 13.171 13.360 13.484 13.863 14.263 14.783 14.879 14.396 14.899 15.298 15.651 15.731 15.607 15.331 15.094 15.041 15.067 15.049 14.097
9.899 10.018 10.070 10.066 10.051 10.336 10.751 11.413 11.974 11.938 11.991 11.912 11.884 11.973 11.787 11.746 11.629 11.413 11.227 11.343 11.406 11.352 11.762 12.106 12.532 12.713 12.641 12.298 12.001 11.567 11.063 10.596 10.662 11.003 11.045 10.792 10.675 10.606 10.416 10.141 10.294 10.369 10.252 10.201 10.158 10.168 10.266 10.501 10.751 11.026 11.118 11.028 11.143 11.531 11.673 11.966 12.375 12.766 12.918 12.098 13.015 13.580 13.739 13.737 13.706 13.566 13.557 13.634 13.858 12.449 12.027
8.137 7.961 7.960 7.686 7.816 7.841 8.116 8.300 8.401 8.665 8.743 8.848 8.988 9.130 9.005 8.878 8.858 8.596 8.506 8.520 8.493 8.478 8.857 9.503 10.148 10.620 10.815 10.495 10.191 10.194 10.096 9.955 9.563 9.282 9.112 8.994 9.113 9.051 8.849 8.831 8.891 8.962 8.926 8.987 9.047 9.024 9.008 9.005 9.212 9.598 9.710 9.697 9.739 9.918 10.019 10.265 10.666 10.946 11.314 11.576 11.794 11.852 11.788 11.758 11.826 11.895 12.099 11.934 9.435 9.084 11.522
6.142 6.095 5.954 5.540 5.290 5.214 5.381 5.640 5.825 5.852 5.752 5.921 6.345 6.504 6.510 6.440 6.547 6.632 6.597 6.513 6.359 6.308 6.490 6.838 7.329 7.751 7.921 7.719 7.581 7.598 7.696 7.786 7.666 7.533 7.593 7.764 7.604 7.051 6.932 6.758 6.674 6.827 7.114 7.171 7.247 7.388 7.467 7.615 7.614 7.892 8.272 8.381 8.474 8.668 8.747 8.727 9.092 9.362 9.543 9.813 9.895 9.929 9.909 9.959 10.092 10.348 10.702 10.108 8.802 10.460 10.576
4.110 4.109 4.077 3.895 3.689 3.511 3.439 3.502 3.468 3.481 3.433 3.647 4.057 4.315 4.472 4.510 4.570 4.753 4.860 4.893 4.854 4.817 4.746 4.780 5.004 5.245 5.414 5.353 5.171 5.272 5.095 5.013 5.058 5.124 5.308 5.264 5.074 5.274 5.469 5.018 4.772 4.981 5.150 5.096 4.970 5.218 5.506 5.712 5.831 5.953 6.412 6.678 6.862 7.054 7.211 7.256 7.301 7.609 7.689 7.823 8.017 8.138 8.217 8.350 8.508 8.795 9.066 9.248 9.193 8.976 8.822
2.000 2.063 2.012 1.867 1.682 1.511 1.490 1.480 1.459 1.427 1.472 1.640 1.947 2.282 2.531 2.695 2.876 2.946 2.999 3.088 3.149 3.202 3.110 3.028 3.142 3.266 3.490 3.575 3.507 3.454 3.118 2.856 2.772 2.830 2.937 3.096 3.153 3.378 3.446 3.177 2.855 2.894 3.041 3.111 3.093 3.046 3.269 3.477 3.734 3.958 4.296 4.719 5.019 5.068 5.035 5.315 5.410 5.514 5.613 5.724 5.993 6.249 6.452 6.587 6.818 7.083 7.335 7.520 7.613 7.525 7.339
-0.062 -0.033 -0.053 -0.141 -0.304 -0.414 -0.382 -0.305 -0.282 -0.235 -0.121 0.094 0.432 0.774 1.037 1.250 1.328 1.356 1.315 1.302 1.450 1.555 1.510 1.493 1.545 1.762 1.888 1.907 1.790 1.619 1.226 0.866 0.612 0.610 0.865 1.193 1.326 1.528 1.437 1.231 1.185 1.327 1.280 1.181 1.142 1.030 1.297 1.616 1.893 2.168 2.450 2.757 2.944 3.052 3.138 3.367 3.369 3.334 3.363 3.502 3.769 4.118 4.410 4.477 4.570 5.080 5.510 5.867 6.027 5.981 5.823
-2.003 -2.027 -2.075 -2.137 -2.191 -2.143 -2.042 -1.857 -1.757 -1.634 -1.285 -0.941 -0.636 -0.374 -0.217 0.007 0.032 0.033 0.061 -0.077 -0.107 -0.129 -0.233 -0.256 -0.291 -0.186 -0.142 -0.159 -0.250 -0.452 -0.789 -1.144 -1.386 -1.384 -1.198 -0.878 -0.663 -0.580 -0.558 -0.601 -0.710 -0.768 -0.804 -0.763 -0.726 -0.698 -0.542 -0.280 -0.091 0.200 0.387 0.570 0.668 0.875 1.162 1.324 1.431 1.358 1.231 1.302 1.460 1.751 2.144 2.285 2.258 2.618 3.378 3.919 4.262 4.346 4.280
-3.781 -3.796 -3.829 -3.971 -3.931 -3.695 -3.526 -3.372 -3.158 -2.799 -2.472 -2.204 -1.887 -1.896 -1.912 -1.765 -1.816 -1.807 -1.845 -2.037 -2.145 -2.270 -2.527 -2.768 -2.840 -2.697 -2.691 -2.622 -2.813 -3.175 -3.528 -3.831 -3.959 -3.905 -3.761 -3.276 -2.957 -2.978 -3.161 -3.157 -3.078 -3.035 -2.893 -2.789 -2.618 -2.451 -2.290 -2.167 -1.916 -1.766 -1.627 -1.434 -1.275 -1.159 -0.884 -0.803 -0.830 -0.613 -0.659 -0.820 -0.714 -0.610 -0.418 -0.075 0.023 0.232 0.906 1.486 1.897 2.129 2.139
-5.204 -5.077 -5.003 -5.295 -5.333 -5.043 -4.914 -4.700 -4.492 -4.395 -4.244 -4.017 -3.904 -3.943 -3.857 -3.854 -3.823 -3.900 -4.098 -4.297 -4.597 -5.084 -5.549 -5.908 -6.159 -6.073 -6.168 -6.189 -6.374 -6.464 -6.539 -6.568 -6.420 -6.362 -6.381 -6.305 -6.131 -6.117 -6.141 -6.121 -5.969 -5.761 -5.461 -5.222 -5.029 -4.807 -4.517 -4.415 -4.146 -4.002 -3.798 -3.573 -3.367 -3.250 -3.238 -3.276 -3.375 -3.273 -3.282 -3.391 -3.414 -3.434 -3.372 -2.900 -2.618 -2.460 -2.022 -1.686 -1.396 -1.102 -0.729
-6.551 -6.403 -6.228 -6.146 -6.224 -6.347 -6.478 -6.444 -6.377 -6.309 -6.250 -6.191 -6.218 -6.227 -6.209 -6.378 -6.317 -6.508 -6.943 -7.217 -7.825 -8.468 -8.891 -9.436 -9.901 -9.826 -10.119 -10.286 -10.313 -10.212 -9.999 -9.939 -9.802 -9.726 -9.887 -10.172 -10.225 -10.164 -10.104 -10.147 -10.070 -9.823 -9.339 -8.890 -8.505 -8.307 -8.215 -8.139 -7.760 -7.354 -7.154 -7.118 -7.020 -6.966 -7.107 -7.219 -7.353 -7.356 -7.295 -7.404 -7.372 -7.256 -7.226 -6.984 -6.952 -6.782 -6.371 -5.998 -5.655 -5.319 -5.026
-8.664 -8.227 -8.157 -8.125 -8.051 -8.337 -8.827 -8.918 -8.932 -8.780 -8.792 -8.809 -8.759 -8.719 -8.677 -8.599 -8.757 -9.145 -9.539 -10.488 -11.694 -15.318 -18.418 -15.880 -14.234 -14.393 -14.529 -13.973 -13.776 -13.841 -13.380 -13.494 -12.935 -12.617 -14.192 -15.551 -15.885 -15.808 -16.098 -18.106 -17.561 -17.789 -17.944 -15.576 -13.419 -14.786 -15.093 -13.222 -12.137 -12.590 -13.522 -14.089 -13.741 -15.775 -16.699 -16.029 -15.830 -14.324 -12.946 -12.105 -11.658 -11.574 -11.386 -10.973 -10.916 -10.471 -10.129 -9.431 -9.367 -9.142 -8.818
-11.813 -11.358 -10.713 -10.454 -10.216 -10.400 -11.211 -11.335 -11.105 -10.994 -11.015 -10.912 -10.783 -11.350 -12.822 -12.154 -11.549 -14.834 -19.996 -22.636 -24.155 -27.393 -29.699 -29.055 -28.392 -27.158 -25.458 -22.113 -19.711 -17.631 -15.583 -14.828 -17.674 -21.623 -24.184 -26.148 -27.213 -28.522 -29.687 -30.274 -29.948 -29.963 -30.581 -30.084 -28.360 -26.530 -25.276 -24.527 -24.415 -25.489 -27.170 -27.938 -28.118 -29.130 -30.635 -31.000 -30.081 -27.482 -24.250 -21.705 -20.645 -19.331 -18.870 -17.568 -15.878 -14.294 -14.133 -13.344 -12.824 -12.481 -12.409
