data-raw/tempfiles/12_grid_data_12000BP.asc
ncols 144
nrows 72
xllcorner -180
yllcorner -90
cellsize 2.5
nodata_value -9999
[rows 0 to 31 of 72, columns 0 to 70 of 144]
-19.884 -20.052 -20.136 -20.172 -20.162 -20.168 -20.196 -20.221 -20.258 -20.314 -20.336 -20.380 -20.445 -20.498 -20.534 -20.593 -20.636 -20.727 -20.817 -20.831 -20.914 -20.935 -21.031 -21.139 -21.142 -21.017 -20.923 -20.970 -21.115 -21.154 -21.099 -20.996 -20.930 -20.823 -20.839 -20.676 -20.616 -20.551 -20.650 -20.754 -20.757 -20.798 -20.814 -20.867 -20.846 -20.906 -20.892 -20.998 -20.976 -20.958 -20.946 -20.968 -20.865 -20.806 -20.678 -20.743 -20.697 -20.640 -20.661 -20.700 -20.706 -20.736 -20.802 -21.000 -21.103 -21.330 -21.076 -20.998 -20.813 -20.780 -20.770
-19.354 -19.484 -19.508 -19.511 -19.502 -19.451 -19.365 -19.278 -19.190 -19.107 -19.016 -18.953 -18.984 -19.003 -19.057 -19.129 -19.216 -19.340 -19.506 -19.632 -19.763 -19.823 -20.010 -20.188 -20.324 -20.406 -20.460 -20.616 -20.835 -21.011 -21.136 -21.188 -21.310 -21.393 -21.501 -21.518 -21.514 -21.516 -21.578 -21.627 -21.628 -21.666 -21.655 -21.706 -21.725 -21.789 -21.821 -21.874 -22.021 -22.077 -22.108 -22.178 -22.131 -22.090 -21.991 -21.948 -21.875 -21.762 -21.710 -21.653 -21.549 -21.463 -21.408 -21.250 -21.045 -20.943 -20.811 -20.664 -20.495 -20.340 -20.214
-18.183 -18.174 -18.209 -18.265 -18.332 -18.288 -18.303 -18.383 -18.439 -18.465 -18.438 -18.419 -18.408 -18.409 -18.421 -18.400 -18.424 -18.470 -18.570 -18.664 -18.789 -18.913 -19.090 -19.345 -19.592 -19.848 -20.047 -20.347 -20.742 -21.075 -21.374 -21.623 -21.951 -22.186 -22.314 -22.399 -22.462 -22.506 -22.925 -23.487 -23.569 -23.684 -23.743 -23.782 -23.685 -23.486 -23.247 -23.175 -23.356 -23.552 -23.625 -23.642 -23.814 -24.173 -24.521 -25.181 -25.955 -26.235 -26.252 -26.190 -25.414 -24.427 -22.759 -21.791 -21.476 -21.296 -21.033 -20.580 -20.099 -19.724 -19.410
-17.928 -17.876 -17.921 -17.990 -18.066 -18.150 -18.148 -18.187 -18.192 -18.123 -18.040 -17.986 -17.887 -17.889 -17.898 -17.869 -17.883 -17.909 -18.039 -18.189 -18.330 -18.585 -18.823 -19.041 -19.341 -19.581 -19.848 -20.189 -20.509 -20.905 -21.376 -21.611 -22.383 -23.809 -27.157 -28.146 -28.617 -28.323 -28.822 -29.412 -29.447 -29.648 -29.790 -29.157 -27.502 -26.528 -26.499 -27.672 -27.944 -28.150 -28.245 -28.277 -28.679 -29.311 -29.729 -30.240 -30.275 -29.751 -29.570 -29.381 -28.834 -28.290 -27.565 -25.625 -24.567 -21.636 -19.785 -18.804 -18.318 -17.762 -17.219
-16.995 -16.855 -16.834 -16.820 -16.778 -16.745 -16.778 -16.879 -16.897 -16.854 -16.793 -16.745 -16.812 -16.893 -16.963 -17.032 -17.111 -17.250 -17.465 -17.758 -18.031 -18.342 -18.572 -18.836 -19.144 -19.395 -20.009 -20.893 -20.763 -21.160 -22.476 -23.166 -22.810 -24.198 -27.796 -28.919 -28.382 -27.658 -28.336 -30.393 -29.240 -26.526 -24.556 -24.701 -25.868 -26.285 -27.633 -28.883 -30.012 -31.025 -32.069 -32.966 -33.767 -34.544 -35.006 -35.000 -34.497 -33.447 -31.946 -30.035 -27.809 -25.689 -24.285 -23.040 -20.311 -18.647 -17.377 -16.908 -16.216 -15.300 -14.065
-14.952 -14.861 -14.786 -14.727 -14.677 -14.650 -14.652 -14.681 -14.770 -14.851 -14.883 -14.923 -15.089 -15.252 -15.448 -15.646 -15.921 -16.240 -16.544 -16.774 -16.969 -17.107 -17.144 -17.725 -18.642 -18.986 -19.501 -19.594 -20.028 -20.600 -21.686 -23.621 -24.285 -24.308 -24.837 -25.412 -26.659 -28.581 -29.172 -28.798 -25.740 -23.620 -23.179 -23.235 -24.022 -23.750 -23.345 -23.610 -24.844 -26.682 -29.182 -31.790 -33.532 -34.890 -35.674 -35.894 -35.557 -34.812 -33.815 -32.358 -30.123 -27.050 -24.379 -21.793 -18.061 -16.568 -15.695 -14.851 -13.779 -12.517 -11.125
-13.581 -13.278 -13.018 -12.830 -12.679 -12.555 -12.617 -12.644 -12.846 -12.956 -13.046 -13.167 -13.381 -13.491 -13.591 -13.690 -13.830 -14.006 -14.123 -14.178 -14.165 -14.139 -15.868 -17.045 -17.759 -17.810 -17.467 -17.861 -18.328 -19.013 -19.161 -21.058 -22.772 -22.603 -25.048 -24.821 -25.279 -25.814 -26.535 -26.559 -25.750 -24.198 -23.632 -23.324 -23.044 -22.456 -21.697 -20.601 -18.856 -19.324 -22.616 -27.307 -30.641 -33.117 -34.620 -35.636 -36.144 -35.939 -34.725 -31.882 -28.364 -24.749 -22.175 -19.108 -15.249 -13.631 -12.569 -11.556 -10.750 -10.291 -9.566
-12.205 -11.309 -10.792 -10.405 -10.100 -9.964 -10.054 -10.409 -11.340 -11.635 -11.484 -11.046 -11.072 -11.222 -11.450 -11.775 -11.908 -11.889 -11.802 -11.722 -11.507 -11.464 -13.053 -13.758 -13.926 -15.304 -15.846 -16.884 -17.660 -18.017 -17.927 -18.584 -20.314 -21.910 -23.165 -22.108 -24.224 -26.093 -27.042 -27.398 -26.749 -26.866 -26.495 -25.365 -23.056 -21.930 -21.352 -19.795 -18.254 -16.354 -17.443 -20.566 -25.124 -29.477 -31.970 -33.625 -34.784 -34.700 -32.388 -27.853 -24.171 -21.499 -19.067 -15.083 -12.306 -10.731 -9.840 -9.210 -8.652 -7.949 -7.105
-11.535 -9.661 -8.805 -8.353 -7.676 -7.194 -8.341 -10.381 -10.838 -11.252 -11.448 -11.166 -11.226 -11.392 -11.311 -11.049 -10.177 -9.348 -9.117 -9.199 -9.536 -10.242 -11.329 -12.230 -11.715 -11.696 -13.194 -15.022 -15.693 -16.080 -16.785 -17.009 -17.646 -18.671 -20.227 -21.645 -21.991 -22.912 -24.722 -24.184 -24.358 -24.814 -24.852 -25.714 -24.483 -22.265 -20.782 -19.445 -17.930 -15.709 -14.607 -15.418 -20.491 -25.970 -29.419 -31.138 -31.836 -30.170 -24.432 -21.106 -18.212 -14.644 -11.304 -9.397 -8.473 -7.831 -7.423 -7.179 -6.875 -6.229 -5.382
-9.015 -8.310 -7.759 -6.843 -5.613 -5.226 -5.564 -6.293 -6.145 -5.753 -6.089 -6.181 -5.997 -5.748 -5.660 -6.453 -7.631 -7.331 -6.485 -6.002 -5.764 -6.166 -7.098 -8.356 -9.526 -10.138 -11.544 -13.054 -13.882 -14.990 -15.776 -16.693 -17.549 -18.564 -19.888 -21.345 -22.102 -22.726 -24.069 -24.023 -24.610 -24.760 -24.369 -23.842 -23.135 -22.669 -22.350 -18.783 -16.069 -13.225 -12.730 -16.250 -20.968 -25.864 -28.175 -25.595 -21.155 -18.971 -13.420 -9.783 -8.019 -6.753 -6.670 -7.521 -8.582 -8.356 -6.626 -5.977 -5.961 -5.566 -4.947
-4.753 -3.984 -4.597 -4.174 -3.668 -3.162 -3.251 -3.543 -2.974 -2.304 -2.759 -3.835 -4.159 -4.600 -5.255 -4.901 -4.763 -5.204 -5.838 -6.684 -7.157 -5.552 -4.066 -4.615 -5.838 -7.386 -9.664 -11.418 -12.492 -13.574 -14.492 -15.451 -16.272 -17.270 -18.436 -19.299 -19.996 -21.448 -22.761 -23.119 -23.412 -23.317 -22.899 -23.048 -23.847 -22.866 -19.018 -16.295 -13.764 -11.220 -9.840 -12.063 -20.260 -27.121 -26.539 -16.577 -10.803 -9.910 -9.439 -8.354 -7.095 -5.822 -5.366 -6.184 -8.239 -7.547 -5.636 -5.192 -5.183 -4.905 -4.454
-2.134 -1.856 -2.169 -2.217 -2.143 -1.940 -1.812 -2.046 -2.239 -1.487 -3.195 -1.030 -1.633 -1.862 -3.481 -6.476 -5.858 -3.603 -3.555 -4.167 -4.485 -4.632 -2.981 -2.703 -3.966 -4.817 -6.751 -8.558 -11.027 -12.735 -14.150 -15.539 -16.293 -16.922 -17.680 -18.375 -19.417 -20.648 -21.670 -22.331 -22.586 -23.651 -23.674 -22.348 -20.861 -19.043 -16.560 -14.231 -11.876 -10.187 -9.114 -8.710 -12.696 -17.003 -17.889 -10.255 -9.412 -8.827 -7.723 -6.877 -5.937 -5.213 -4.616 -4.268 -4.014 -4.006 -4.198 -4.264 -4.264 -4.060 -3.702
0.096 0.066 -0.279 -0.625 -0.823 -0.677 -0.324 -0.531 -0.100 -0.283 1.225 3.512 4.243 5.167 5.386 4.702 2.634 0.181 -1.172 -2.541 -2.574 -2.730 -1.326 -0.762 -1.837 -3.429 -5.013 -6.438 -9.002 -11.131 -12.885 -14.272 -15.565 -16.029 -16.790 -17.878 -19.082 -20.284 -21.108 -21.562 -21.472 -21.891 -21.840 -21.004 -19.141 -17.965 -17.407 -14.123 -11.620 -9.695 -8.435 -7.715 -7.352 -7.184 -7.661 -7.229 -6.791 -6.374 -5.401 -4.629 -3.870 -3.200 -2.598 -2.398 -2.374 -2.422 -2.571 -2.661 -2.771 -2.743 -2.470
1.285 1.374 1.382 1.231 1.187 1.366 1.744 1.863 2.029 2.844 3.615 4.545 5.167 5.423 5.933 6.275 6.510 6.294 5.321 1.518 -0.600 -1.103 -0.484 0.727 0.810 -0.317 -1.996 -3.985 -6.443 -8.813 -10.746 -12.189 -13.419 -14.301 -14.953 -16.265 -17.923 -18.909 -19.843 -20.480 -20.147 -19.455 -19.928 -19.326 -17.939 -17.088 -16.335 -14.089 -12.170 -10.323 -8.460 -6.924 -5.662 -4.800 -4.362 -4.006 -3.689 -3.104 -2.343 -1.656 -0.981 -0.452 -0.005 0.346 0.235 0.030 -0.236 -0.513 -0.712 -1.215 -1.882
2.072 2.198 2.294 2.345 2.431 2.609 2.936 3.296 3.800 4.291 4.676 5.126 5.521 6.083 6.612 7.015 7.256 7.318 7.344 6.870 3.803 1.731 2.356 0.543 -0.374 0.824 0.661 -1.498 -3.698 -5.660 -7.523 -9.286 -11.459 -12.413 -13.708 -14.858 -15.716 -16.246 -16.598 -18.516 -18.389 -17.745 -18.211 -18.709 -18.278 -17.165 -15.631 -13.299 -11.709 -10.592 -9.097 -6.629 -4.430 -2.801 -1.715 -1.055 -0.699 -0.309 0.246 0.914 1.573 2.081 2.464 2.693 2.709 2.526 2.126 1.452 0.392 0.555 0.362
2.525 2.716 2.826 3.014 3.187 3.416 3.637 3.927 4.184 4.671 5.124 5.569 5.987 6.452 6.919 7.376 7.713 8.071 8.068 8.174 7.752 3.595 1.805 2.465 0.947 -0.762 2.134 1.907 -0.113 -1.890 -4.323 -6.170 -7.305 -9.108 -11.119 -13.134 -14.422 -14.944 -14.959 -15.612 -16.084 -16.182 -16.705 -16.661 -15.649 -14.604 -13.304 -11.547 -10.115 -8.413 -7.600 -5.663 -3.811 -1.845 0.022 1.402 2.176 2.592 2.957 3.541 4.091 4.434 4.759 4.906 4.932 4.836 4.492 3.847 2.893 2.884 2.435
3.082 3.390 3.554 3.740 3.905 4.086 4.323 4.633 4.933 5.343 5.782 6.199 6.589 7.055 7.443 7.888 8.268 8.679 9.064 9.291 9.417 8.851 8.401 5.101 4.864 3.637 2.667 4.117 3.191 1.799 0.019 -1.943 -3.751 -5.292 -7.319 -9.971 -11.424 -12.452 -13.048 -13.495 -13.711 -13.929 -13.829 -12.868 -10.958 -9.645 -8.476 -7.566 -6.766 -5.158 -4.149 -3.616 -2.591 -0.722 1.589 3.632 4.900 5.423 5.712 6.127 6.532 6.779 7.033 7.124 7.120 7.002 6.818 6.560 6.025 5.618 5.368
3.960 4.389 4.599 4.822 5.039 5.241 5.444 5.711 6.024 6.394 6.811 7.162 7.419 7.700 8.000 8.414 8.856 9.305 9.897 10.497 10.871 10.745 10.499 8.143 8.853 5.675 2.610 2.457 4.145 4.929 3.486 2.317 0.687 -1.341 -3.201 -5.175 -6.252 -6.919 -8.108 -8.615 -9.016 -8.914 -8.568 -8.475 -6.822 -5.198 -3.719 -3.025 -2.173 -1.376 -1.150 -0.750 0.177 2.026 4.386 6.398 7.419 7.861 8.201 8.480 8.816 9.058 9.195 9.199 9.105 8.978 8.885 8.793 8.673 8.541 8.272
5.511 5.909 6.183 6.422 6.672 6.832 6.982 7.191 7.475 7.764 8.071 8.459 8.723 8.964 9.212 9.518 9.959 10.387 10.995 11.524 11.726 11.532 10.612 7.166 6.677 6.206 3.394 1.704 2.263 4.319 5.552 5.676 4.063 1.777 0.205 -0.296 -1.073 -1.420 -1.391 -1.908 -2.246 -2.182 -2.531 -2.189 -2.050 -1.197 -0.073 1.095 2.468 3.581 4.345 4.577 5.364 7.082 8.903 10.100 10.460 10.599 10.860 11.053 11.260 11.407 11.434 11.278 11.130 10.955 10.828 10.781 10.246 9.006 9.442
7.821 7.914 8.119 8.413 8.631 8.765 8.817 8.952 9.152 9.412 9.718 10.034 10.293 10.492 10.704 11.040 11.403 11.864 12.237 12.651 12.632 12.000 10.929 8.422 8.116 6.184 6.986 3.429 3.414 2.543 6.865 7.147 6.612 5.517 4.218 3.853 3.475 3.389 3.318 3.403 2.327 3.103 3.339 3.292 3.558 4.974 6.772 8.288 9.300 10.076 10.502 10.591 10.992 11.859 12.606 13.058 13.174 13.169 13.299 13.431 13.468 13.398 13.326 13.050 12.945 12.766 12.704 12.583 11.527 10.000 9.294
10.767 10.394 10.520 10.621 10.731 10.827 10.877 10.966 11.102 11.303 11.580 11.866 12.111 12.304 12.565 12.908 13.248 13.591 13.819 13.918 13.699 12.823 12.796 12.836 8.447 7.498 6.955 5.617 4.938 1.064 7.368 9.512 9.512 8.852 8.424 7.841 7.940 7.586 7.392 6.804 7.193 9.271 8.854 9.517 11.245 12.546 13.571 14.443 14.927 15.095 15.240 15.256 15.246 15.410 15.533 15.583 15.593 15.533 15.513 15.410 15.129 15.007 14.919 14.884 14.679 14.450 14.357 14.241 14.507 14.049 12.587
13.841 13.272 13.173 13.092 13.057 13.018 13.026 13.066 13.211 13.395 13.628 13.836 14.001 14.200 14.460 14.734 15.011 15.196 15.258 15.192 14.944 14.095 12.932 14.502 12.871 15.066 12.378 9.025 7.645 5.359 9.144 11.666 11.909 11.826 10.385 10.591 10.786 10.040 9.131 9.868 12.097 12.567 13.877 15.076 16.144 17.009 17.319 17.559 17.698 17.750 17.794 17.790 17.755 17.707 17.678 17.626 17.557 17.480 17.419 17.276 16.888 16.578 16.208 16.154 15.913 15.834 15.748 15.675 15.855 15.818 14.755
16.488 15.871 15.666 15.575 15.375 15.286 15.264 15.244 15.405 15.515 15.684 15.857 15.884 16.047 16.275 16.446 16.606 16.699 16.638 16.427 16.054 15.268 14.231 13.897 15.191 17.414 19.100 14.126 9.459 11.114 12.206 13.880 14.926 14.111 13.550 13.475 12.828 12.861 13.400 14.492 15.476 16.768 17.677 18.134 18.488 19.341 19.537 19.601 19.715 19.744 19.739 19.714 19.668 19.643 19.558 19.366 19.274 19.148 18.985 18.770 18.474 18.203 17.822 17.602 17.262 17.076 17.020 16.977 16.900 15.431 14.254
18.800 18.301 18.019 17.818 17.573 17.433 17.449 17.499 17.591 17.698 17.813 17.945 17.954 17.981 18.092 18.100 18.107 18.067 17.894 17.613 17.176 16.496 15.703 15.240 15.230 16.989 20.896 17.787 14.571 15.062 15.033 16.090 16.352 16.009 15.718 15.079 15.515 15.503 15.818 17.169 19.127 20.012 20.039 19.917 20.079 20.921 21.069 21.207 21.289 21.296 21.239 21.170 21.045 21.014 20.894 20.740 20.597 20.436 20.226 19.952 19.693 19.255 18.882 18.470 18.280 18.181 18.034 17.746 16.689 14.932 17.701
20.760 20.397 20.066 19.773 19.547 19.452 19.428 19.438 19.488 19.578 19.693 19.784 19.772 19.755 19.704 19.559 19.404 19.250 18.998 18.670 18.166 17.522 16.794 16.352 16.206 16.487 20.079 20.390 14.390 14.126 16.641 18.159 18.814 17.812 17.995 17.857 18.455 18.470 18.659 19.159 21.287 22.018 21.917 21.872 21.351 22.312 22.632 22.630 22.609 22.515 22.306 22.093 22.052 21.954 21.772 21.563 21.337 21.130 20.835 20.460 20.160 19.766 19.554 19.382 19.250 18.981 18.902 19.248 19.474 20.514 20.316
22.445 22.146 21.874 21.608 21.450 21.372 21.294 21.274 21.318 21.394 21.466 21.463 21.434 21.316 21.107 20.856 20.601 20.332 19.976 19.502 18.936 18.264 17.659 17.234 17.157 17.212 19.372 21.363 18.914 13.709 17.991 18.897 20.852 20.642 20.827 21.023 21.421 21.669 21.602 21.143 22.880 23.455 23.373 23.452 22.461 22.906 23.721 23.713 23.611 23.405 23.081 22.695 22.633 22.490 22.325 22.135 21.844 21.615 21.283 20.928 20.750 20.455 20.227 20.294 19.971 19.513 20.290 20.608 20.442 20.955 20.659
23.750 23.541 23.374 23.257 23.146 23.078 23.007 22.983 23.065 23.161 23.019 22.797 22.620 22.415 22.183 21.884 21.570 21.215 20.741 20.237 19.597 18.913 18.351 18.052 18.070 18.417 19.369 21.627 22.270 18.064 15.230 15.858 19.908 21.990 22.726 22.995 23.332 23.669 23.550 23.418 23.969 24.352 24.444 24.443 23.788 23.369 24.437 24.555 24.374 24.034 23.720 23.344 23.055 22.828 22.704 22.458 22.180 21.930 21.600 21.313 21.157 20.847 20.611 20.489 19.773 20.428 22.045 22.218 22.304 22.454 22.188
24.955 24.713 24.564 24.497 24.431 24.395 24.403 24.396 24.474 24.289 24.112 23.741 23.477 23.284 23.065 22.837 22.504 22.091 21.601 21.027 20.415 19.853 19.438 19.344 19.541 20.101 20.899 21.934 22.866 21.967 16.975 15.438 18.407 22.318 23.564 24.108 23.989 24.384 24.363 24.253 24.314 24.323 24.940 24.843 24.160 23.784 24.621 24.795 24.678 24.273 23.996 23.720 23.365 22.895 22.636 22.556 22.419 22.194 21.969 21.812 21.711 21.506 21.347 20.911 19.999 22.440 23.853 23.365 23.229 23.279 23.570
25.600 25.356 25.272 25.248 25.214 25.141 25.108 25.083 25.097 24.532 24.485 24.297 24.044 23.848 23.696 23.489 23.182 22.842 22.418 21.931 21.484 21.123 20.948 21.003 21.229 21.970 22.659 23.453 23.972 24.016 21.272 19.350 17.248 21.092 24.089 24.336 23.415 24.855 24.999 25.138 25.290 25.020 25.325 23.127 23.881 24.071 24.841 24.846 24.696 24.525 24.134 23.845 23.564 23.181 22.930 22.811 22.765 22.525 22.353 22.264 22.187 21.986 21.731 21.400 20.863 23.694 26.507 24.920 24.423 23.826 24.099
25.862 25.714 25.648 25.571 25.496 25.395 25.299 25.204 25.124 25.013 24.855 24.628 24.468 24.294 24.169 23.958 23.720 23.497 23.223 22.947 22.769 22.701 22.740 22.991 23.343 23.854 24.307 24.736 25.000 25.293 25.895 25.871 24.233 22.391 23.466 21.002 23.090 23.828 24.806 25.238 25.449 25.510 25.310 24.418 24.368 25.013 25.154 24.729 24.596 24.491 24.197 24.026 23.660 23.433 23.217 23.011 23.013 22.921 22.821 22.796 22.820 22.714 22.519 22.407 22.232 25.399 27.260 26.617 25.716 24.376 24.404
26.021 25.880 25.830 25.763 25.692 25.588 25.479 25.374 25.239 25.168 25.095 24.983 24.872 24.753 24.658 24.457 24.324 24.215 24.096 24.033 24.011 24.075 24.258 24.487 24.777 25.031 25.259 25.501 25.766 26.013 26.404 26.615 26.547 26.185 26.148 24.343 23.606 22.547 24.358 25.459 25.625 25.472 24.906 24.840 25.557 25.734 25.460 24.946 24.652 24.573 24.463 24.389 24.172 23.895 23.787 23.547 23.579 23.596 23.508 23.458 23.534 23.609 23.523 23.419 23.317 25.503 26.850 26.525 25.857 25.456 24.826
26.258 26.032 25.973 25.899 25.815 25.762 25.714 25.674 25.593 25.430 25.350 25.294 25.176 25.114 25.071 24.899 24.855 24.825 24.736 24.766 24.838 24.873 25.057 25.187 25.333 25.480 25.624 25.692 25.913 26.149 26.257 26.306 26.233 26.228 26.440 26.478 26.471 25.448 24.752 26.085 26.131 25.558 24.781 26.285 25.004 25.306 25.424 25.191 25.058 24.906 24.819 24.751 24.649 24.437 24.356 24.154 24.185 24.200 24.133 24.127 24.167 24.288 24.301 24.218 24.418 25.205 24.748 25.074 25.389 25.527 25.393
