data-raw/tempfiles/12_grid_data_12000BP.asc
ncols 144
nrows 72
xllcorner -180
yllcorner -90
cellsize 2.5
nodata_value -9999
[rows 32 to 63 of 72, columns 0 to 70 of 144]
26.465 26.177 26.151 26.115 26.047 25.977 25.974 25.919 25.882 25.767 25.678 25.606 25.545 25.474 25.415 25.353 25.329 25.285 25.241 25.247 25.293 25.305 25.330 25.398 25.472 25.499 25.516 25.534 25.629 25.737 25.721 25.701 25.707 25.786 25.897 25.868 25.926 26.128 24.935 25.179 25.586 25.669 25.827 23.967 25.979 26.488 25.909 24.921 24.980 25.087 25.093 25.115 25.170 25.103 25.104 24.989 24.949 24.762 24.769 24.776 24.855 25.003 25.077 25.084 25.353 25.937 26.155 24.855 23.955 24.909 25.599
26.624 26.395 26.319 26.268 26.197 26.129 26.084 26.085 26.128 26.049 25.902 25.812 25.746 25.657 25.604 25.567 25.568 25.521 25.451 25.396 25.384 25.333 25.236 25.220 25.217 25.198 25.158 25.115 25.100 25.072 25.042 25.039 25.066 25.131 25.173 25.253 25.421 25.684 25.975 26.020 25.403 22.983 21.786 24.666 26.223 22.873 23.852 23.333 24.284 25.350 25.269 25.389 25.499 25.539 25.596 25.556 25.493 25.294 25.224 25.299 25.440 25.568 25.611 25.628 25.865 26.353 26.965 26.129 24.839 24.956 25.352
26.590 26.514 26.454 26.460 26.365 26.278 26.296 26.342 26.433 26.406 26.143 25.938 25.908 25.809 25.642 25.703 25.648 25.498 25.496 25.395 25.193 25.138 24.999 24.855 24.813 24.690 24.562 24.524 24.398 24.311 24.287 24.259 24.302 24.403 24.501 24.640 24.852 24.930 25.099 25.235 24.998 22.039 23.600 26.115 25.511 23.211 23.157 25.096 24.765 24.778 24.960 25.063 25.713 25.756 25.979 26.021 25.838 25.622 25.502 25.625 25.805 25.834 25.780 25.686 25.765 25.980 26.392 26.475 26.211 25.977 26.145
26.581 26.605 26.556 26.496 26.388 26.256 26.191 26.270 26.369 26.260 25.980 25.770 25.618 25.530 25.427 25.404 25.338 25.151 25.039 24.959 24.762 24.574 24.395 24.231 24.050 23.919 23.732 23.631 23.516 23.356 23.254 23.215 23.201 23.134 23.193 23.369 23.601 23.703 24.009 24.239 21.942 21.412 24.538 25.409 25.598 25.009 25.042 25.440 24.336 24.508 24.896 24.847 25.689 25.966 26.248 26.274 26.168 25.995 25.851 25.901 25.913 25.845 25.717 25.563 25.469 25.526 25.764 25.914 26.035 26.007 26.040
26.766 26.708 26.714 26.673 26.546 26.398 26.297 26.300 26.309 26.201 26.019 25.870 25.730 25.631 25.598 25.538 25.406 25.268 25.160 25.044 24.942 24.763 24.535 24.293 24.074 23.869 23.687 23.572 23.470 23.349 23.210 23.062 22.955 22.791 22.726 22.689 22.902 22.767 22.814 22.998 18.434 24.404 25.223 25.462 25.657 25.388 24.950 25.365 24.784 24.469 24.894 25.531 25.651 25.744 26.183 26.448 26.390 26.302 26.153 26.149 26.112 26.013 25.849 25.642 25.464 25.413 25.425 25.478 25.604 25.642 25.547
27.060 26.901 27.003 26.943 26.779 26.668 26.564 26.533 26.516 26.334 26.201 26.129 26.002 25.969 26.032 25.863 25.726 25.665 25.528 25.435 25.405 25.214 25.078 24.920 24.634 24.463 24.333 24.073 23.948 23.926 23.725 23.612 23.510 23.264 23.154 23.057 22.978 22.703 22.221 22.604 20.643 24.680 25.498 25.711 25.188 24.200 24.824 25.434 25.850 24.567 23.898 24.478 24.971 24.590 26.644 26.965 26.764 26.723 26.434 26.377 26.364 26.219 26.031 25.827 25.666 25.611 25.558 25.515 25.536 25.540 25.407
27.247 27.018 27.225 27.258 27.015 26.852 26.847 26.801 26.730 26.591 26.476 26.412 26.378 26.340 26.298 26.140 26.023 25.902 25.835 25.748 25.649 25.557 25.409 25.279 25.133 24.928 24.769 24.573 24.426 24.287 24.103 23.921 23.779 23.596 23.390 23.192 23.046 22.832 22.297 22.387 19.495 23.247 25.157 26.060 25.665 24.383 24.786 24.747 25.227 24.163 23.107 23.394 24.489 24.838 25.628 26.235 26.999 26.246 26.390 26.505 26.454 26.272 26.066 25.872 25.709 25.635 25.508 25.277 25.143 25.106 24.991
27.332 27.129 27.408 27.482 27.219 27.069 27.068 27.064 26.939 26.706 26.563 26.517 26.532 26.543 26.440 26.259 26.123 26.028 25.969 25.857 25.727 25.570 25.401 25.264 25.146 25.006 24.883 24.727 24.506 24.272 24.052 23.825 23.571 23.292 22.959 22.672 22.529 22.423 21.982 21.160 18.411 18.657 24.400 24.046 24.909 24.822 24.757 24.252 24.028 23.606 23.435 23.841 25.055 24.977 25.630 25.559 25.178 23.992 26.282 26.415 26.324 26.106 25.855 25.632 25.431 25.256 25.043 24.700 24.347 24.307 24.287
27.132 26.903 27.136 27.284 27.120 27.056 27.027 26.945 26.800 26.604 26.499 26.512 26.600 26.612 26.471 26.320 26.162 26.004 25.939 25.780 25.605 25.454 25.279 25.105 25.018 24.878 24.724 24.610 24.343 24.081 23.848 23.515 23.122 22.783 22.384 22.066 21.835 21.652 21.347 20.989 19.996 13.558 20.244 23.541 24.320 24.982 24.377 24.298 23.822 24.209 24.345 24.748 24.951 23.533 24.714 23.479 24.436 25.438 26.297 26.191 25.978 25.756 25.503 25.231 24.941 24.668 24.426 24.111 23.818 23.536 23.441
26.694 26.493 26.621 26.627 26.617 26.581 26.564 26.508 26.388 26.269 26.293 26.391 26.480 26.493 26.366 26.215 26.053 25.815 25.603 25.463 25.326 25.143 24.990 24.840 24.666 24.502 24.311 24.116 23.924 23.677 23.380 23.076 22.670 22.276 21.817 21.263 20.875 20.738 20.737 20.517 19.986 17.548 10.931 11.514 20.649 24.727 24.177 23.932 23.540 24.606 24.624 25.146 23.973 22.829 23.927 22.639 24.813 26.259 26.208 25.879 25.557 25.292 25.011 24.699 24.386 24.202 24.005 23.692 23.312 23.004 22.825
26.076 25.957 26.008 25.906 25.805 25.832 25.910 25.952 25.876 25.828 25.901 26.009 26.057 26.043 25.969 25.869 25.694 25.396 25.175 25.021 24.912 24.737 24.570 24.373 24.218 24.032 23.834 23.623 23.380 23.166 22.932 22.601 22.092 21.585 21.286 20.707 20.547 20.416 20.162 19.926 19.589 19.641 17.261 10.712 10.348 19.614 23.546 23.669 24.597 25.397 24.368 24.211 22.616 22.356 22.792 23.278 25.164 26.058 25.955 25.593 25.278 24.966 24.630 24.256 23.882 23.804 23.674 23.340 23.041 22.686 22.437
25.112 24.986 24.990 24.892 24.772 24.834 25.013 25.103 25.082 25.044 25.047 25.041 25.066 25.142 25.159 25.206 25.118 24.822 24.562 24.393 24.306 24.185 24.025 23.886 23.734 23.550 23.384 23.169 22.941 22.724 22.208 21.720 21.169 21.229 21.127 20.800 20.371 20.211 19.842 19.629 19.319 19.194 19.137 18.601 9.120 11.141 20.123 23.948 24.731 25.164 24.000 23.375 22.867 22.016 21.954 24.040 25.233 25.577 25.443 25.167 24.892 24.605 24.257 23.879 23.482 23.444 23.424 23.052 22.801 22.513 22.249
23.898 23.713 23.629 23.548 23.514 23.620 23.740 23.791 23.818 23.818 23.810 23.778 23.855 23.982 24.100 24.214 24.206 23.953 23.681 23.549 23.499 23.470 23.365 23.231 23.090 22.950 22.821 22.654 22.455 22.184 21.467 21.022 20.869 20.956 20.759 20.485 20.164 19.928 19.584 19.206 18.900 18.678 18.216 18.437 11.026 7.487 19.399 23.923 24.553 23.438 23.630 23.621 22.441 20.957 21.269 23.864 24.832 24.922 24.655 24.445 24.231 23.992 23.761 23.495 23.087 23.040 22.992 22.775 22.565 22.309 21.937
22.472 22.338 22.260 22.215 22.206 22.240 22.275 22.273 22.328 22.393 22.384 22.418 22.541 22.660 22.743 22.854 22.842 22.706 22.577 22.497 22.487 22.498 22.454 22.353 22.218 22.146 22.074 22.052 21.873 21.327 20.853 20.612 20.609 20.502 20.268 19.985 19.736 19.542 19.231 18.883 18.568 18.220 17.699 18.108 10.074 6.232 21.088 23.375 23.283 22.939 22.327 21.004 20.753 21.872 23.327 23.966 23.960 23.803 23.528 23.373 23.308 23.180 23.037 22.906 22.696 22.571 22.564 22.381 22.197 21.992 21.600
20.957 20.892 20.877 20.891 20.882 20.857 20.847 20.801 20.801 20.861 20.926 20.983 21.085 21.163 21.212 21.302 21.296 21.238 21.257 21.251 21.264 21.295 21.279 21.224 21.188 21.136 21.244 21.268 20.900 20.242 20.468 20.215 20.102 19.849 19.632 19.351 19.164 18.954 18.706 18.297 18.125 17.689 17.184 17.692 5.228 10.125 21.252 22.464 22.305 21.989 21.032 18.781 20.850 22.194 22.737 22.738 22.479 22.284 22.103 22.033 22.035 21.996 21.901 21.861 21.796 21.653 21.620 21.532 21.369 21.197 20.904
19.559 19.543 19.574 19.574 19.509 19.495 19.453 19.396 19.388 19.390 19.437 19.478 19.547 19.588 19.628 19.701 19.699 19.737 19.778 19.790 19.838 19.849 19.836 19.861 19.887 19.929 20.242 20.168 19.515 19.389 19.418 19.321 19.124 18.833 18.716 18.474 18.347 18.122 17.836 17.483 17.425 17.056 16.602 15.830 7.845 17.882 20.880 21.044 20.862 20.966 19.981 19.188 20.456 21.436 21.507 21.198 20.932 20.774 20.628 20.584 20.539 20.526 20.478 20.444 20.447 20.379 20.298 20.237 20.252 20.230 20.007
18.362 18.308 18.310 18.249 18.181 18.111 18.026 17.974 17.960 17.967 17.963 17.971 18.011 18.059 18.083 18.121 18.137 18.186 18.268 18.287 18.283 18.275 18.259 18.261 18.305 18.549 18.960 18.655 18.322 18.301 18.172 18.039 17.915 17.715 17.589 17.384 17.281 17.118 16.921 16.734 16.601 16.216 15.738 13.039 12.769 19.387 18.975 19.589 19.545 19.018 18.861 19.926 20.070 20.276 20.052 19.675 19.404 19.216 19.105 19.089 19.004 18.925 18.883 18.885 18.877 18.828 18.824 18.744 18.597 18.407 18.551
17.149 17.125 17.022 16.899 16.765 16.670 16.600 16.515 16.462 16.466 16.441 16.395 16.386 16.412 16.423 16.497 16.516 16.564 16.611 16.589 16.532 16.536 16.473 16.464 16.633 16.906 17.143 16.762 16.320 16.451 16.518 16.473 16.466 16.295 16.212 16.130 16.043 15.946 15.825 15.668 15.486 15.156 14.686 12.442 12.539 17.507 18.087 17.704 17.874 17.501 17.896 18.241 18.778 18.793 18.619 18.391 18.125 17.878 17.682 17.535 17.403 17.270 17.150 17.152 17.121 17.041 17.094 16.957 16.838 16.639 16.547
15.943 15.887 15.722 15.577 15.404 15.274 15.154 15.066 15.010 14.973 14.916 14.869 14.788 14.789 14.829 14.896 14.922 14.936 14.953 14.936 14.890 14.824 14.728 14.886 14.713 15.001 14.865 14.726 14.593 14.300 14.558 14.745 14.745 14.776 14.627 14.656 14.739 14.705 14.557 14.397 14.307 13.887 13.524 11.162 13.384 16.987 16.368 15.399 16.028 15.961 16.209 16.744 17.295 17.205 17.033 16.912 16.710 16.431 16.185 15.937 15.710 15.510 15.386 15.311 15.273 15.202 15.123 14.923 14.746 14.618 14.551
14.772 14.799 14.536 14.346 14.107 13.941 13.797 13.686 13.611 13.529 13.466 13.387 13.307 13.245 13.219 13.258 13.309 13.334 13.357 13.350 13.284 13.198 13.199 13.183 12.794 12.789 12.845 12.779 12.687 12.257 12.788 12.997 13.033 13.083 13.090 13.188 13.270 13.357 13.365 13.283 13.194 13.000 12.273 9.629 14.840 16.250 15.562 14.725 14.156 13.537 14.149 15.119 15.363 15.158 14.973 14.874 14.716 14.520 14.354 14.153 13.889 13.685 13.530 13.426 13.326 13.230 13.132 12.962 12.707 12.433 12.211
13.406 13.482 13.234 13.019 12.782 12.572 12.408 12.263 12.158 12.052 11.946 11.861 11.763 11.694 11.634 11.606 11.632 11.654 11.640 11.639 11.569 11.473 11.391 11.187 11.150 11.031 11.216 10.940 11.003 10.901 11.284 11.356 11.360 11.376 11.385 11.525 11.603 11.749 11.915 11.948 11.904 11.857 11.034 8.636 10.897 14.013 14.784 13.454 11.870 11.425 12.096 13.039 12.983 12.552 12.319 12.137 12.004 11.922 11.874 11.813 11.714 11.567 11.495 11.351 11.223 11.093 11.044 10.947 10.620 10.212 9.943
11.725 11.952 11.861 11.692 11.476 11.228 11.068 10.908 10.781 10.674 10.564 10.417 10.297 10.200 10.135 10.060 10.018 9.989 9.950 9.939 9.891 9.845 9.796 9.558 9.491 9.478 9.350 9.320 9.457 9.678 9.832 9.862 9.777 9.707 9.744 9.839 9.983 10.159 10.380 10.467 10.595 10.668 9.437 7.463 11.282 13.392 12.435 11.064 9.998 9.940 10.621 10.969 10.679 10.127 9.770 9.557 9.405 9.275 9.243 9.196 9.154 9.141 9.165 9.164 9.082 8.866 8.741 8.656 8.487 8.223 8.184
9.919 10.233 10.298 10.227 10.070 9.877 9.728 9.571 9.429 9.289 9.154 9.003 8.877 8.770 8.672 8.573 8.516 8.452 8.399 8.365 8.372 8.344 8.319 8.096 8.180 7.953 7.830 8.013 8.284 8.386 8.344 8.273 8.189 8.211 8.289 8.318 8.421 8.604 8.775 8.917 9.111 9.126 5.956 6.055 10.415 11.261 10.354 9.387 8.560 8.445 8.815 8.891 8.562 8.047 7.753 7.579 7.348 7.116 6.945 6.778 6.684 6.695 6.784 6.906 6.911 6.680 6.431 6.264 6.147 6.113 6.150
8.560 8.783 8.905 8.856 8.707 8.581 8.457 8.347 8.208 8.064 7.937 7.808 7.659 7.518 7.377 7.285 7.240 7.180 7.125 7.102 7.062 6.970 6.930 6.569 6.507 6.463 6.597 6.890 6.899 6.903 6.844 6.826 6.845 6.875 6.978 7.014 7.026 7.187 7.414 7.615 7.776 7.503 2.929 5.402 9.368 9.829 8.769 8.076 7.354 7.003 6.853 6.564 6.253 5.877 5.575 5.425 5.196 4.974 4.835 4.685 4.531 4.557 4.633 4.791 4.874 4.769 4.505 4.237 4.009 3.926 4.013
7.258 7.352 7.380 7.271 7.120 7.044 6.965 6.897 6.823 6.714 6.576 6.435 6.301 6.174 6.101 6.038 5.969 5.913 5.886 5.865 5.821 5.474 5.247 5.262 5.048 4.912 5.332 5.497 5.467 5.507 5.482 5.530 5.618 5.637 5.653 5.726 5.821 5.956 6.134 6.300 6.427 6.573 4.115 5.835 7.533 7.319 6.972 6.656 6.329 5.535 4.873 4.411 4.013 3.577 3.147 2.896 2.748 2.681 2.627 2.546 2.518 2.574 2.690 2.878 2.910 2.859 2.656 2.360 2.043 1.917 1.857
5.925 5.918 5.854 5.716 5.522 5.398 5.324 5.226 5.140 5.002 4.809 4.618 4.438 4.377 4.406 4.408 4.386 4.351 4.319 4.337 4.248 4.132 4.157 3.946 3.822 3.974 4.108 4.155 4.206 4.263 4.308 4.342 4.261 4.315 4.376 4.435 4.524 4.604 4.688 4.697 4.959 5.313 4.973 4.393 4.803 5.449 5.332 5.067 4.841 4.189 3.465 2.945 2.440 1.937 1.472 1.212 1.108 0.980 0.985 0.766 0.673 0.725 0.850 0.999 1.041 1.024 0.865 0.660 0.323 0.111 -0.062
4.452 4.283 4.136 3.934 3.754 3.574 3.435 3.278 3.049 2.846 2.573 2.273 2.026 1.964 2.059 2.214 2.325 2.336 2.238 2.167 2.167 2.244 2.385 2.488 2.503 2.573 2.632 2.695 2.760 2.791 2.823 2.832 2.770 2.747 2.786 2.804 2.848 2.910 2.978 3.091 3.348 3.737 3.914 4.021 3.976 3.774 3.172 2.649 2.271 1.844 1.316 0.887 0.438 0.091 -0.207 -0.333 -0.337 -0.388 -0.580 -0.905 -1.167 -1.249 -0.987 -0.796 -0.802 -0.911 -1.083 -1.313 -1.572 -1.819 -2.059
2.415 2.029 1.954 1.828 1.634 1.466 1.310 1.032 0.783 0.481 0.175 -0.085 -0.335 -0.413 -0.329 -0.202 -0.152 -0.198 -0.181 -0.131 0.048 0.208 0.472 0.607 0.655 0.736 0.813 0.922 0.921 0.913 0.926 0.947 0.919 0.970 1.015 1.045 1.135 1.260 1.415 1.562 1.742 1.818 1.959 2.013 1.763 1.359 0.589 0.002 -0.533 -1.011 -1.501 -1.911 -2.329 -2.499 -2.725 -2.806 -2.838 -2.948 -3.120 -3.286 -3.484 -3.494 -3.051 -2.925 -3.098 -3.354 -3.622 -3.799 -3.878 -3.928 -3.903
0.093 -0.346 -0.435 -0.593 -0.782 -0.960 -1.179 -1.473 -1.706 -1.864 -2.343 -2.505 -2.825 -2.972 -3.031 -3.101 -2.813 -2.405 -2.198 -2.094 -1.957 -1.778 -1.479 -1.267 -1.166 -1.040 -1.002 -1.014 -1.126 -1.138 -1.147 -1.160 -1.108 -1.029 -0.993 -0.871 -0.712 -0.503 -0.292 -0.172 -0.079 -0.252 -0.376 -0.583 -1.072 -1.619 -2.148 -2.782 -3.580 -4.297 -4.933 -5.475 -6.055 -6.400 -6.375 -5.674 -5.574 -5.497 -5.471 -5.514 -5.592 -5.517 -5.341 -5.327 -5.412 -5.569 -5.619 -5.603 -5.592 -5.493 -5.351
-3.327 -3.656 -3.781 -3.835 -4.055 -4.276 -4.529 -4.847 -4.912 -4.970 -5.147 -5.298 -5.438 -5.415 -5.277 -5.047 -4.807 -4.643 -4.460 -4.317 -4.179 -3.812 -3.442 -3.301 -3.194 -3.139 -3.176 -3.235 -3.265 -3.272 -3.242 -3.153 -3.031 -2.944 -2.876 -2.715 -2.513 -2.333 -2.216 -2.209 -2.280 -2.536 -2.767 -3.273 -3.827 -4.428 -5.530 -7.746 -8.372 -8.069 -8.343 -8.919 -9.487 -9.817 -9.361 -8.119 -7.424 -7.300 -7.190 -7.146 -7.215 -7.228 -7.232 -7.471 -7.698 -7.625 -7.383 -7.283 -7.199 -7.065 -6.763
-7.783 -7.600 -7.574 -7.547 -7.604 -7.659 -7.718 -7.802 -7.796 -7.745 -7.799 -7.782 -7.668 -7.487 -7.314 -7.246 -7.231 -7.076 -6.848 -6.719 -6.640 -6.586 -6.588 -6.561 -6.419 -6.253 -6.207 -6.238 -6.231 -6.060 -5.853 -5.666 -5.464 -5.375 -5.312 -5.231 -5.162 -5.051 -5.091 -5.109 -5.275 -5.488 -5.607 -5.975 -6.767 -10.471 -12.054 -11.778 -10.119 -10.836 -11.293 -11.671 -11.732 -11.788 -11.538 -10.903 -10.196 -9.897 -9.349 -9.113 -9.176 -9.190 -9.273 -9.594 -9.781 -9.923 -9.618 -9.478 -9.441 -9.166 -8.896
-11.773 -10.985 -10.696 -10.465 -10.345 -10.183 -10.118 -10.123 -10.062 -10.015 -9.989 -9.914 -9.798 -9.712 -9.596 -9.504 -9.377 -9.257 -9.205 -9.296 -9.427 -9.544 -9.585 -9.540 -9.341 -9.177 -9.191 -9.294 -9.230 -9.046 -8.811 -8.571 -8.329 -8.233 -8.176 -8.227 -8.229 -8.305 -8.411 -8.368 -8.404 -8.716 -9.048 -10.222 -10.884 -14.808 -16.087 -14.853 -13.329 -13.233 -13.302 -13.365 -13.602 -13.777 -13.664 -13.540 -13.386 -13.101 -12.500 -12.265 -12.166 -12.001 -11.855 -11.851 -11.850 -11.972 -12.016 -12.032 -12.020 -12.049 -11.799
