data-raw/tempfiles/13_grid_data_13000BP.asc
ncols 144
nrows 72
xllcorner -180
yllcorner -90
cellsize 2.5
nodata_value -9999
[rows 0 to 31 of 72, columns 71 to 141 of 144]
-20.965 -21.098 -21.171 -21.316 -21.289 -21.305 -20.955 -20.758 -20.611 -20.606 -20.535 -20.533 -20.503 -20.471 -20.374 -20.409 -20.405 -20.427 -20.474 -20.502 -20.483 -20.535 -20.547 -20.599 -20.659 -20.657 -20.600 -20.610 -20.619 -20.654 -20.698 -20.662 -20.685 -20.694 -20.709 -20.714 -20.712 -20.695 -20.710 -20.652 -20.718 -20.793 -20.840 -20.854 -20.868 -20.893 -20.888 -20.871 -20.909 -20.903 -20.902 -20.901 -20.837 -20.807 -20.846 -20.803 -20.771 -20.808 -20.815 -20.816 -20.806 -20.783 -20.753 -20.762 -20.760 -20.747 -20.721 -20.683 -20.672 -20.655 -20.625
-20.185 -20.150 -20.086 -19.981 -19.873 -19.854 -19.823 -19.771 -19.790 -19.790 -19.771 -19.783 -19.757 -19.771 -19.761 -19.798 -19.833 -19.855 -19.881 -19.923 -19.922 -19.948 -20.001 -20.031 -20.057 -20.038 -20.012 -20.008 -20.001 -19.998 -19.999 -19.984 -19.992 -20.000 -20.011 -19.989 -19.974 -19.968 -19.971 -19.996 -20.021 -20.045 -20.053 -20.057 -20.065 -20.083 -20.067 -20.047 -20.067 -20.074 -20.072 -20.048 -20.058 -20.036 -20.012 -20.021 -20.001 -19.996 -19.977 -19.948 -19.931 -19.874 -19.820 -19.790 -19.791 -19.763 -19.741 -19.749 -19.753 -19.762 -19.766
-19.247 -19.107 -18.875 -18.712 -18.643 -18.569 -18.467 -18.464 -18.500 -18.584 -18.658 -18.714 -18.799 -18.918 -19.053 -19.199 -19.339 -19.448 -19.565 -19.672 -19.751 -19.803 -19.826 -19.819 -19.806 -19.781 -19.797 -19.801 -19.799 -19.798 -19.794 -19.788 -19.767 -19.734 -19.703 -19.654 -19.606 -19.573 -19.532 -19.511 -19.437 -19.385 -19.358 -19.332 -19.331 -19.343 -19.343 -19.354 -19.374 -19.408 -19.438 -19.459 -19.515 -19.499 -19.463 -19.449 -19.427 -19.380 -19.340 -19.302 -19.258 -19.190 -19.144 -19.080 -19.024 -18.936 -18.859 -18.766 -18.557 -18.509 -18.507
-16.515 -15.847 -15.208 -14.746 -14.673 -14.668 -15.139 -15.491 -16.179 -16.786 -17.360 -17.608 -17.885 -18.187 -18.496 -18.728 -18.941 -19.035 -19.080 -19.102 -19.145 -19.134 -19.108 -19.029 -18.959 -19.037 -19.160 -19.266 -19.371 -19.454 -19.463 -19.513 -19.517 -19.527 -19.534 -19.498 -19.639 -19.923 -21.303 -20.620 -19.191 -18.664 -18.617 -18.669 -18.663 -18.604 -18.590 -18.536 -18.485 -18.540 -18.569 -18.563 -18.636 -18.601 -18.571 -18.610 -18.589 -18.586 -18.573 -18.491 -18.395 -18.293 -18.175 -17.978 -17.779 -17.553 -17.462 -17.526 -17.652 -17.776 -17.843
-11.989 -10.698 -9.676 -9.136 -9.471 -11.029 -13.541 -15.787 -16.388 -16.131 -16.621 -16.632 -16.743 -17.104 -17.395 -17.694 -17.929 -17.977 -17.865 -17.715 -17.585 -17.439 -17.347 -17.168 -17.062 -17.022 -17.066 -17.200 -17.430 -17.607 -17.823 -18.091 -18.318 -18.547 -18.730 -18.899 -18.995 -19.213 -20.097 -20.693 -19.907 -20.452 -20.062 -18.481 -18.195 -18.356 -18.316 -18.233 -18.217 -18.190 -18.197 -18.181 -18.101 -18.072 -18.068 -18.084 -18.146 -18.208 -18.209 -18.188 -18.092 -17.991 -17.881 -17.739 -17.489 -17.170 -16.833 -16.704 -16.880 -16.974 -17.006
-8.521 -7.583 -6.944 -6.668 -6.693 -7.074 -7.791 -9.389 -10.757 -11.951 -12.600 -12.874 -12.985 -13.231 -13.736 -14.311 -14.623 -14.638 -14.411 -14.253 -14.247 -14.294 -14.317 -14.740 -15.316 -15.451 -15.665 -15.818 -15.763 -15.913 -16.227 -16.657 -17.053 -17.391 -17.586 -17.696 -17.917 -18.174 -18.702 -18.906 -19.075 -19.888 -20.480 -20.061 -20.318 -20.210 -18.603 -18.079 -18.176 -18.177 -18.053 -17.896 -17.824 -17.693 -17.549 -17.637 -18.514 -18.393 -18.163 -17.550 -17.509 -17.459 -17.262 -17.147 -16.855 -16.410 -15.640 -15.409 -15.503 -15.537 -15.449
-6.710 -5.938 -5.370 -5.117 -4.997 -5.082 -5.288 -5.489 -6.016 -6.710 -7.561 -7.992 -8.350 -8.549 -8.973 -9.497 -10.012 -10.189 -10.250 -10.471 -10.969 -12.041 -13.656 -15.309 -14.639 -14.117 -13.772 -13.710 -13.976 -14.390 -14.467 -14.855 -15.350 -16.465 -17.157 -17.320 -17.947 -18.291 -18.637 -18.694 -18.523 -18.264 -18.121 -18.127 -18.322 -18.450 -18.192 -18.350 -18.164 -17.810 -17.669 -17.742 -17.273 -16.951 -16.956 -16.892 -16.972 -17.165 -16.898 -16.556 -16.449 -16.289 -16.091 -16.029 -15.957 -15.780 -15.427 -14.909 -14.473 -14.198 -14.033
-3.843 -3.019 -2.490 -2.140 -1.826 -1.727 -1.604 -1.522 -1.771 -2.612 -3.812 -5.130 -5.964 -5.407 -5.381 -5.839 -6.371 -6.932 -7.698 -8.429 -9.329 -10.712 -12.798 -13.090 -12.823 -12.607 -12.305 -12.316 -13.719 -13.908 -12.988 -14.044 -14.962 -15.173 -15.245 -15.162 -15.182 -15.523 -15.857 -16.004 -16.129 -16.304 -16.603 -17.036 -17.268 -17.010 -16.696 -16.568 -16.545 -16.890 -17.232 -17.670 -17.231 -16.274 -16.749 -16.458 -16.121 -16.339 -15.966 -15.756 -15.661 -15.117 -14.652 -14.590 -14.515 -13.719 -13.529 -13.324 -12.861 -12.404 -12.241
-2.099 -1.303 -0.682 -0.264 0.058 0.224 -0.024 -2.909 -6.172 -7.275 -7.155 -7.135 -7.150 -6.714 -6.263 -5.627 -4.967 -5.663 -7.086 -7.840 -8.583 -8.868 -9.377 -9.882 -10.283 -10.948 -11.343 -10.840 -11.081 -11.568 -10.723 -11.441 -11.970 -12.399 -12.442 -12.424 -13.064 -14.443 -15.860 -16.385 -16.081 -15.055 -14.537 -15.020 -15.568 -15.388 -14.698 -14.301 -14.619 -14.611 -14.453 -15.388 -16.503 -15.641 -15.572 -15.314 -16.188 -15.545 -14.073 -13.555 -13.633 -13.070 -12.319 -11.617 -11.443 -11.328 -11.823 -12.147 -11.502 -11.477 -12.389
-1.401 -0.585 -0.010 0.319 0.426 -0.173 -4.684 -7.134 -7.495 -6.761 -6.689 -7.169 -7.252 -6.608 -5.904 -5.329 -5.139 -5.246 -5.160 -5.478 -6.258 -6.523 -6.871 -6.966 -7.577 -8.279 -8.430 -8.360 -8.381 -8.627 -9.055 -9.700 -9.694 -9.485 -9.640 -9.525 -10.301 -11.366 -12.338 -13.407 -13.582 -13.182 -12.736 -12.751 -12.904 -13.080 -13.089 -12.803 -12.772 -12.683 -12.434 -13.930 -14.993 -14.071 -14.207 -14.075 -14.755 -14.210 -13.405 -12.986 -11.452 -10.280 -10.504 -10.094 -10.126 -10.041 -9.806 -10.055 -9.997 -9.500 -8.892
-0.924 -0.238 0.383 0.122 -1.457 -4.217 -6.585 -6.600 -6.473 -6.028 -6.265 -6.630 -6.317 -5.713 -4.884 -4.484 -3.809 -3.485 -3.551 -3.816 -4.117 -4.268 -4.176 -4.385 -5.922 -5.566 -5.329 -5.567 -6.011 -6.594 -7.146 -7.469 -7.524 -7.279 -7.284 -7.528 -8.550 -9.582 -9.838 -10.241 -10.408 -10.497 -10.411 -10.442 -10.583 -10.875 -10.883 -10.541 -10.522 -10.439 -10.306 -10.700 -11.751 -12.275 -12.577 -12.602 -13.463 -13.246 -12.903 -12.489 -11.659 -10.691 -10.177 -9.698 -9.715 -8.621 -8.099 -7.668 -7.081 -6.778 -6.455
-0.360 0.062 0.165 -4.607 -7.479 -6.507 -6.637 -5.850 -4.991 -5.875 -6.531 -5.855 -4.846 -3.871 -3.372 -3.238 -3.147 -2.802 -2.543 -2.385 -2.398 -2.495 -2.474 -2.647 -3.618 -2.614 -2.735 -3.121 -3.703 -4.300 -4.959 -5.204 -5.323 -5.755 -6.102 -6.241 -6.306 -7.019 -7.877 -8.383 -8.329 -8.348 -8.558 -8.461 -8.424 -8.496 -8.183 -7.967 -8.140 -8.468 -8.593 -8.956 -9.445 -9.858 -10.260 -10.668 -11.189 -10.166 -9.672 -9.267 -9.230 -9.246 -8.969 -6.011 -3.523 -3.966 -4.031 -3.906 -4.072 -3.695 -1.180
0.251 0.122 -0.118 -3.072 -3.544 -2.810 -3.959 -3.741 -3.048 -2.925 -3.350 -3.653 -3.019 -2.556 -2.501 -2.264 -1.874 -1.706 -1.482 -1.166 -1.128 -1.393 -1.063 -0.956 -1.527 -0.473 -0.656 -1.378 -1.986 -2.661 -3.134 -3.541 -3.775 -3.992 -4.306 -4.458 -4.446 -4.732 -5.643 -6.050 -5.973 -6.029 -6.681 -6.990 -6.791 -7.075 -7.928 -8.356 -7.436 -7.533 -7.978 -8.462 -8.554 -8.526 -8.262 -8.438 -7.775 -4.317 -2.897 -2.727 -2.353 -2.510 -2.620 -0.954 -1.910 -3.734 -0.748 0.842 1.460 1.831 2.012
1.455 1.333 0.809 0.421 -0.160 -0.554 -1.569 -0.860 -0.517 -0.762 -1.397 -1.578 -1.443 -1.397 -1.316 -0.768 -0.381 -0.113 0.296 0.418 0.366 0.537 0.669 0.706 0.005 0.619 0.275 -0.346 -0.825 -1.481 -1.935 -2.380 -2.521 -2.533 -2.377 -2.201 -2.389 -2.599 -3.132 -3.389 -3.701 -4.387 -4.941 -5.470 -6.911 -8.623 -8.831 -8.898 -9.208 -8.069 -7.799 -7.796 -8.380 -9.004 -7.531 -6.170 -4.109 -2.525 -1.978 -1.393 -0.742 0.026 0.672 -1.224 -3.579 -2.451 1.151 1.948 2.281 2.611 2.845
2.869 3.184 2.780 2.726 2.506 2.325 2.578 2.416 2.097 1.518 0.700 0.310 0.366 0.346 0.408 0.660 1.015 1.283 1.397 1.570 1.943 1.934 1.467 1.185 0.347 1.275 1.123 0.570 0.151 0.057 -0.077 -0.384 -0.566 -0.584 -0.384 -0.647 -1.905 -1.904 -3.367 -5.435 -5.479 -3.765 -3.537 -4.499 -5.258 -7.193 -6.452 -6.484 -6.371 -5.967 -5.159 -4.559 -4.984 -6.093 -6.070 -3.831 -3.009 -2.567 -2.125 -1.097 -0.106 0.835 1.503 -0.400 -1.566 1.535 2.558 2.801 3.144 3.389 3.523
5.170 5.389 5.042 4.591 4.025 3.818 4.070 3.911 3.791 3.255 2.901 2.543 2.624 2.824 2.806 2.994 3.263 3.312 3.229 3.386 3.494 3.274 2.876 2.041 1.578 1.710 1.644 1.280 0.780 0.927 0.954 1.325 1.537 0.719 -1.063 -2.995 -5.666 -4.775 -4.240 -5.199 -7.285 -6.411 -3.976 -2.859 -3.178 -3.927 -3.129 -3.557 -4.282 -5.004 -4.280 -3.293 -3.103 -4.795 -6.073 -3.649 -3.086 -1.983 -1.891 -1.195 -0.175 0.803 1.410 1.325 2.115 2.979 3.285 3.510 3.686 3.842 3.960
7.648 7.088 6.852 6.100 5.732 4.866 4.451 5.257 4.590 4.369 3.352 3.820 4.600 4.894 5.131 5.301 5.669 6.063 6.105 5.895 5.522 5.382 5.231 3.869 3.034 3.519 3.584 2.433 1.879 1.869 0.996 0.776 1.206 1.098 0.360 -3.117 -6.944 -5.141 -2.431 -4.975 -5.905 -3.421 -1.717 -2.237 -4.229 -2.868 -1.191 -0.947 -2.096 -2.778 -0.986 -1.523 -1.555 -1.677 -1.423 -1.952 -3.177 -0.487 -0.619 -0.432 0.206 0.781 1.182 1.734 2.608 3.198 3.575 3.836 3.911 4.080 4.272
9.852 8.878 7.953 5.486 4.454 4.125 5.365 6.951 7.822 7.274 5.091 5.425 7.537 7.850 8.022 8.696 9.242 9.333 8.908 8.670 7.888 8.078 7.914 6.529 5.461 5.883 6.245 5.732 5.692 5.097 4.797 5.167 4.398 2.768 2.278 3.780 2.316 -2.080 -1.893 -2.736 -3.332 -2.686 -0.247 -0.189 -0.126 -0.052 -0.506 0.025 -1.198 0.437 2.080 0.735 0.115 0.996 0.652 -1.273 1.285 2.670 1.737 1.217 1.064 1.294 1.733 2.339 3.030 3.585 3.870 3.989 3.984 4.263 4.675
11.243 9.756 10.611 9.531 11.568 10.528 10.822 9.538 7.553 8.585 8.823 9.381 9.752 10.296 10.568 11.124 11.591 9.054 8.208 9.646 10.414 10.441 10.013 9.201 8.749 9.426 9.647 9.525 8.969 7.763 6.374 5.030 2.516 0.988 0.159 0.907 3.839 4.009 3.281 3.006 3.039 2.934 2.592 3.241 3.961 3.131 2.022 0.874 2.038 4.461 3.689 2.249 1.145 2.461 1.691 2.891 4.782 5.062 3.870 2.988 2.638 2.886 3.411 3.942 4.338 4.598 4.696 4.815 4.775 4.994 5.693
10.690 12.313 14.052 14.338 13.744 13.925 12.853 12.919 12.632 9.605 10.757 11.923 12.419 11.133 10.136 11.374 11.003 9.121 6.522 8.482 11.403 12.588 13.164 12.833 12.967 12.743 12.875 11.994 11.099 6.349 1.041 -2.045 0.520 5.339 7.194 7.099 8.038 8.969 7.503 4.349 5.814 6.837 5.985 5.686 4.695 3.518 3.056 3.789 4.981 5.735 4.483 2.629 2.427 5.511 5.614 6.761 7.861 7.510 7.088 5.935 5.972 6.225 6.544 6.745 6.772 6.834 6.948 7.106 7.290 7.470 7.590
13.195 15.733 15.918 15.940 15.578 15.612 15.456 15.283 15.763 13.654 14.921 15.211 12.890 10.778 11.139 9.443 10.053 9.211 6.431 8.186 12.212 14.565 16.040 14.726 15.092 15.312 15.413 12.598 7.686 -1.249 -6.897 2.815 10.045 10.106 10.008 7.801 3.685 2.601 1.908 -3.833 -3.073 3.402 7.035 7.244 6.903 5.978 7.075 10.463 8.562 7.072 6.474 6.664 8.279 9.326 9.724 10.407 10.289 9.934 10.597 10.543 10.700 10.802 10.689 10.543 10.449 10.434 10.444 10.541 10.623 10.676 10.651
15.989 15.864 15.637 15.536 16.035 16.888 16.456 17.106 17.192 16.768 16.630 17.026 16.572 15.984 15.843 16.864 17.514 18.103 15.697 9.832 8.921 12.220 13.266 13.475 12.018 15.153 13.500 10.369 8.008 -1.103 -5.028 -8.642 -5.201 -1.503 -3.602 -8.137 -8.714 -6.782 -1.856 -0.600 -2.483 0.493 5.398 7.501 9.091 9.162 10.493 11.743 9.499 8.878 9.132 9.487 10.483 12.137 12.784 12.028 10.814 13.377 14.092 14.290 14.216 14.378 14.227 14.075 13.950 13.930 13.913 13.842 13.832 13.830 13.798
14.629 14.872 16.732 19.378 19.390 19.139 18.320 18.098 18.125 18.076 18.037 18.007 18.404 18.779 19.262 17.145 18.397 20.247 21.991 17.193 10.996 12.647 16.895 18.105 15.098 15.725 9.900 5.943 6.682 14.874 11.098 -2.801 -9.705 -8.843 -6.617 -6.605 -6.676 -6.561 -4.970 -3.893 -3.440 -0.931 4.006 9.579 11.547 12.150 13.444 13.072 12.106 11.095 12.035 12.771 14.035 14.206 14.754 15.297 16.053 16.728 17.105 17.160 16.914 17.059 17.077 16.956 16.898 16.878 16.817 16.796 16.748 16.688 16.657
18.387 18.300 19.476 20.226 19.802 19.244 19.985 20.178 19.773 20.580 20.395 19.916 20.113 20.231 20.092 19.113 20.213 21.415 23.243 24.204 22.027 12.415 14.199 15.953 19.647 19.922 19.210 15.354 14.575 22.034 21.049 15.297 -0.179 -6.707 -5.347 -4.467 -4.003 -3.933 -4.094 -2.656 -0.765 1.652 9.700 15.263 13.374 13.548 14.477 14.034 14.455 14.282 15.128 16.471 17.528 17.530 18.570 18.719 18.750 19.017 19.134 19.135 19.062 18.925 19.298 19.323 19.248 19.231 19.206 19.163 19.096 19.058 18.983
21.191 20.607 20.253 20.582 20.374 19.890 19.911 20.312 21.099 21.719 21.061 21.112 21.482 21.635 21.511 20.577 21.674 21.821 22.909 23.823 24.556 21.783 17.744 16.846 20.534 18.863 20.413 17.675 21.218 23.379 23.512 21.727 19.934 14.403 4.455 -1.254 -1.065 -0.073 5.280 6.669 3.861 5.978 13.036 15.906 14.875 15.412 16.032 16.425 15.926 15.988 17.405 19.280 20.090 20.537 20.687 20.866 20.969 20.929 20.928 20.995 21.027 20.905 21.183 21.296 21.233 21.209 21.198 21.187 21.099 21.047 20.934
21.781 22.795 21.886 20.254 20.507 21.008 20.907 21.256 21.905 21.894 21.472 20.933 21.504 22.925 24.593 24.548 23.016 22.698 23.726 23.781 25.020 24.522 24.358 25.074 24.083 22.926 22.654 22.817 23.650 24.502 22.823 22.856 22.760 22.827 22.601 20.318 17.974 16.762 18.120 18.131 12.253 12.803 13.291 16.085 16.735 17.077 17.744 17.882 18.127 18.999 20.687 21.680 21.987 22.135 22.423 22.769 22.841 22.768 22.726 22.788 22.784 22.849 23.008 23.040 22.939 22.928 22.942 22.963 22.848 22.764 22.650
23.181 23.275 22.228 19.078 19.791 20.083 20.290 21.470 21.453 21.060 21.954 20.861 22.979 24.264 25.537 24.631 25.776 24.610 23.930 23.816 25.125 25.986 25.534 25.412 25.238 24.072 23.849 23.991 24.600 25.240 24.026 23.696 23.057 22.793 22.714 22.763 22.063 21.336 19.661 21.009 17.109 16.385 16.889 19.495 20.145 19.756 20.338 20.507 21.413 21.022 23.450 23.775 23.755 23.757 23.953 24.270 24.434 24.443 24.454 24.431 24.391 24.436 24.540 24.507 24.385 24.306 24.321 24.310 24.225 24.113 24.026
24.476 23.965 23.286 23.235 22.144 22.703 22.859 21.239 19.690 22.026 22.151 22.047 23.658 25.170 26.450 25.921 26.354 23.844 23.945 24.494 25.319 25.776 26.387 27.106 26.161 24.110 24.210 24.352 24.659 25.133 24.098 23.995 24.300 24.081 24.129 24.332 24.356 24.080 21.929 22.103 20.169 20.119 19.693 21.968 21.612 22.533 23.006 23.449 24.360 24.808 25.056 25.088 25.170 25.283 25.376 25.489 25.616 25.693 25.728 25.688 25.657 25.704 25.691 25.630 25.536 25.466 25.451 25.398 25.355 25.207 25.118
25.234 24.940 24.582 24.726 22.660 23.509 24.483 25.200 25.337 24.560 22.917 23.450 24.624 26.258 27.403 26.794 26.349 25.206 21.282 24.364 25.586 25.913 25.595 25.861 24.501 24.692 25.000 25.336 25.530 25.833 23.758 24.429 25.356 24.773 24.767 26.064 25.740 25.633 24.653 24.103 23.285 23.388 21.981 23.063 23.226 24.070 25.268 25.647 26.119 26.072 26.304 26.179 26.276 26.422 26.456 26.406 26.507 26.670 26.503 26.456 26.547 26.529 26.495 26.435 26.388 26.277 26.199 26.144 26.078 25.914 25.860
26.049 26.270 25.470 25.133 24.950 24.794 25.388 26.499 27.180 26.042 23.477 23.447 25.158 26.146 26.983 26.875 24.937 27.022 21.828 23.704 23.792 24.858 24.567 24.964 25.030 25.232 25.511 25.867 26.048 26.278 24.585 25.126 25.632 26.490 26.699 26.539 26.133 25.838 25.721 25.977 25.092 25.313 25.200 23.779 24.887 25.676 26.232 26.683 26.890 25.450 26.743 26.674 27.001 27.063 26.967 26.953 27.042 27.163 27.012 26.947 27.041 27.036 26.957 26.859 26.734 26.621 26.514 26.424 26.329 26.238 26.140
25.930 26.099 26.077 24.567 24.453 25.759 26.617 27.024 27.147 25.321 23.153 24.151 25.187 25.995 25.506 22.168 18.223 26.315 24.130 24.163 25.719 25.924 25.570 25.537 25.653 25.821 26.048 26.374 26.501 26.609 25.953 23.908 25.203 26.922 26.886 26.688 26.420 26.147 26.119 26.412 25.392 26.010 25.829 25.250 24.837 26.443 26.800 27.055 27.255 26.822 26.900 27.026 27.288 27.400 27.272 27.275 27.341 27.327 27.106 27.111 27.189 27.158 27.038 26.918 26.772 26.683 26.591 26.546 26.510 26.457 26.345
26.205 26.377 26.083 24.637 23.457 25.501 26.255 26.717 26.112 25.684 24.877 25.389 24.944 24.898 24.581 19.926 16.115 24.789 25.654 26.061 25.668 26.092 25.741 25.975 26.296 26.475 26.675 26.875 26.833 26.936 26.808 24.803 26.459 26.926 27.247 26.948 26.710 26.415 26.324 26.486 25.884 25.930 25.400 25.551 25.503 26.856 27.103 27.214 27.231 26.882 26.795 27.138 27.497 27.442 27.302 27.279 27.329 27.341 27.222 27.208 27.178 27.174 27.080 26.948 26.804 26.762 26.742 26.788 26.843 26.747 26.540
