data-raw/tempfiles/13_grid_data_13000BP.asc
ncols 144
nrows 72
xllcorner -180
yllcorner -90
cellsize 2.5
nodata_value -9999
[rows 0 to 31 of 72, columns 0 to 70 of 144]
-20.329 -20.504 -20.577 -20.604 -20.585 -20.577 -20.593 -20.615 -20.639 -20.690 -20.712 -20.744 -20.800 -20.839 -20.863 -20.914 -20.944 -21.027 -21.106 -21.107 -21.172 -21.165 -21.227 -21.306 -21.293 -21.168 -21.065 -21.084 -21.166 -21.154 -21.113 -21.004 -20.944 -20.906 -20.930 -20.852 -20.753 -20.727 -20.825 -20.856 -20.883 -20.952 -20.950 -20.999 -21.005 -21.074 -21.077 -21.257 -21.159 -21.140 -21.101 -21.088 -20.980 -20.897 -20.759 -20.809 -20.755 -20.687 -20.687 -20.709 -20.706 -20.725 -20.773 -20.782 -20.720 -20.961 -20.828 -20.783 -20.791 -20.843 -20.872
-19.641 -19.774 -19.796 -19.799 -19.786 -19.730 -19.644 -19.559 -19.472 -19.396 -19.313 -19.252 -19.285 -19.302 -19.355 -19.427 -19.509 -19.629 -19.789 -19.905 -20.022 -20.063 -20.228 -20.389 -20.509 -20.590 -20.641 -20.772 -20.949 -21.098 -21.212 -21.257 -21.365 -21.448 -21.522 -21.529 -21.467 -21.438 -21.476 -21.463 -21.441 -21.472 -21.432 -21.455 -21.467 -21.528 -21.556 -21.646 -21.756 -21.785 -21.785 -21.826 -21.764 -21.713 -21.613 -21.571 -21.511 -21.412 -21.370 -21.330 -21.247 -21.183 -21.139 -21.000 -20.837 -20.770 -20.702 -20.583 -20.469 -20.354 -20.254
-18.279 -18.271 -18.318 -18.384 -18.460 -18.417 -18.434 -18.521 -18.588 -18.628 -18.619 -18.616 -18.618 -18.633 -18.664 -18.656 -18.688 -18.735 -18.832 -18.917 -19.034 -19.146 -19.305 -19.533 -19.755 -19.982 -20.169 -20.446 -20.793 -21.112 -21.401 -21.648 -21.964 -22.187 -22.331 -22.400 -22.382 -22.303 -22.690 -23.175 -23.138 -23.236 -23.265 -23.258 -23.157 -22.955 -22.733 -22.756 -22.936 -23.043 -23.026 -22.980 -23.102 -23.424 -23.765 -24.434 -25.224 -25.531 -25.576 -25.548 -24.813 -23.865 -22.214 -21.336 -21.033 -20.937 -20.759 -20.409 -20.032 -19.724 -19.464
-17.899 -17.842 -17.903 -17.988 -18.072 -18.171 -18.192 -18.242 -18.275 -18.237 -18.179 -18.154 -18.079 -18.102 -18.135 -18.121 -18.147 -18.175 -18.307 -18.457 -18.593 -18.848 -19.084 -19.307 -19.592 -19.831 -20.108 -20.429 -20.749 -21.166 -21.579 -21.802 -22.521 -23.807 -27.038 -27.827 -28.202 -27.736 -28.164 -28.715 -28.634 -28.755 -28.852 -28.138 -26.409 -25.410 -25.334 -26.469 -26.788 -26.909 -26.969 -26.979 -27.348 -27.998 -28.432 -28.978 -29.067 -28.605 -28.497 -28.391 -27.927 -27.472 -26.817 -25.311 -24.713 -21.852 -19.954 -18.992 -18.283 -17.679 -17.134
-17.037 -16.914 -16.900 -16.889 -16.858 -16.855 -16.922 -17.043 -17.094 -17.072 -17.034 -17.011 -17.087 -17.180 -17.258 -17.328 -17.407 -17.537 -17.746 -18.040 -18.308 -18.622 -18.850 -19.094 -19.365 -19.621 -20.215 -21.071 -20.954 -21.342 -22.593 -23.227 -22.795 -24.136 -27.525 -28.472 -27.785 -26.888 -27.467 -29.356 -28.091 -25.222 -23.177 -23.227 -24.322 -24.652 -25.901 -27.075 -28.147 -29.102 -30.094 -30.951 -31.754 -32.537 -33.029 -33.088 -32.652 -31.700 -30.328 -28.544 -26.457 -24.482 -23.143 -22.098 -20.226 -18.701 -17.502 -16.964 -16.002 -14.874 -13.542
-15.241 -15.179 -15.133 -15.099 -15.071 -15.082 -15.118 -15.182 -15.277 -15.359 -15.385 -15.418 -15.566 -15.699 -15.860 -16.027 -16.275 -16.558 -16.838 -17.054 -17.233 -17.353 -17.383 -17.888 -18.723 -18.971 -19.430 -19.459 -19.813 -20.366 -21.363 -23.124 -23.723 -23.748 -24.321 -24.888 -26.097 -27.972 -28.464 -27.876 -24.475 -22.071 -21.459 -21.454 -22.178 -21.799 -21.271 -21.406 -22.556 -24.358 -26.749 -29.256 -30.925 -32.231 -33.003 -33.254 -32.990 -32.367 -31.519 -30.254 -28.205 -25.310 -22.793 -20.324 -16.697 -15.389 -14.630 -13.876 -12.718 -11.312 -9.806
-13.929 -13.748 -13.607 -13.493 -13.439 -13.477 -13.536 -13.576 -13.709 -13.756 -13.833 -13.880 -14.018 -14.080 -14.108 -14.122 -14.200 -14.322 -14.392 -14.426 -14.347 -14.219 -15.833 -16.818 -17.484 -17.436 -17.046 -17.412 -17.809 -18.471 -18.615 -20.425 -22.123 -21.954 -24.467 -24.267 -24.738 -25.265 -25.921 -25.822 -24.762 -22.948 -22.070 -21.563 -21.011 -20.207 -19.206 -17.837 -15.899 -16.316 -19.724 -24.324 -27.539 -29.938 -31.407 -32.424 -32.992 -32.973 -31.972 -29.391 -26.100 -22.696 -20.326 -17.490 -13.790 -12.245 -11.116 -10.067 -9.021 -8.422 -7.569
-12.186 -11.435 -11.078 -10.923 -10.774 -10.811 -10.908 -11.198 -11.912 -12.126 -11.948 -11.443 -11.389 -11.467 -11.601 -11.929 -11.999 -11.942 -11.799 -11.704 -11.441 -11.363 -12.813 -13.408 -13.546 -14.896 -15.378 -16.394 -17.144 -17.503 -17.401 -18.060 -19.786 -21.389 -22.685 -21.643 -23.748 -25.605 -26.482 -26.714 -25.916 -25.775 -25.132 -23.672 -20.994 -19.510 -18.560 -16.569 -14.662 -12.658 -14.154 -17.324 -21.765 -26.083 -28.557 -30.211 -31.485 -31.595 -29.553 -25.319 -21.849 -19.388 -17.160 -13.310 -10.787 -9.204 -8.229 -7.405 -6.621 -5.736 -4.750
-10.904 -9.156 -8.421 -8.152 -7.756 -7.469 -8.599 -10.385 -10.505 -10.734 -10.900 -10.672 -10.712 -10.786 -10.651 -10.423 -9.662 -8.896 -8.668 -8.693 -9.063 -9.831 -10.988 -11.988 -11.597 -11.738 -13.153 -14.930 -15.592 -15.981 -16.660 -16.854 -17.453 -18.453 -19.998 -21.390 -21.691 -22.539 -24.243 -23.546 -23.509 -23.706 -23.453 -23.985 -22.333 -19.709 -17.824 -15.931 -13.915 -11.344 -10.967 -12.135 -17.060 -22.552 -26.037 -27.826 -28.670 -27.234 -21.817 -18.753 -16.073 -12.643 -9.475 -7.666 -6.732 -5.992 -5.451 -5.046 -4.623 -3.886 -3.005
-8.166 -7.554 -7.252 -6.391 -5.189 -4.757 -5.141 -5.685 -5.339 -4.767 -5.074 -5.195 -5.046 -4.781 -4.722 -5.556 -6.854 -6.577 -5.848 -5.461 -5.365 -5.940 -7.099 -8.679 -10.020 -10.808 -12.283 -13.772 -14.608 -15.612 -16.263 -17.070 -17.813 -18.751 -20.031 -21.402 -22.078 -22.600 -23.795 -23.558 -23.894 -23.750 -23.045 -22.127 -20.755 -19.821 -19.067 -15.097 -12.016 -8.920 -8.482 -12.472 -17.306 -22.250 -24.598 -22.121 -17.758 -15.719 -10.378 -6.833 -5.326 -4.265 -4.362 -5.362 -6.469 -6.155 -4.302 -3.543 -3.513 -3.042 -2.366
-3.656 -2.961 -3.748 -3.886 -3.374 -2.829 -2.716 -2.862 -1.960 -1.173 -1.627 -2.745 -3.081 -3.549 -4.277 -3.996 -3.975 -4.474 -5.200 -6.267 -6.995 -5.686 -4.532 -5.495 -7.035 -8.740 -11.114 -12.878 -13.951 -14.809 -15.486 -16.217 -16.859 -17.758 -18.853 -19.642 -20.270 -21.618 -22.810 -22.992 -23.022 -22.634 -21.865 -21.620 -21.781 -20.108 -15.753 -12.584 -9.619 -6.892 -5.349 -7.557 -15.931 -22.769 -22.108 -12.198 -6.409 -5.729 -5.414 -4.434 -3.380 -2.385 -2.112 -3.103 -5.297 -4.614 -2.730 -2.262 -2.306 -2.106 -1.648
-0.806 -0.673 -0.856 -1.345 -2.246 -2.126 -1.876 -1.840 -1.460 -0.436 -2.196 -0.075 -0.705 -0.937 -2.637 -5.728 -5.217 -3.059 -3.151 -3.980 -4.634 -5.166 -3.939 -4.103 -5.718 -6.790 -8.800 -10.596 -12.983 -14.363 -15.429 -16.482 -17.018 -17.514 -18.216 -18.879 -19.893 -21.094 -22.048 -22.581 -22.649 -23.437 -23.129 -21.408 -19.404 -16.940 -13.760 -10.858 -7.936 -5.709 -4.282 -3.615 -7.431 -11.633 -12.351 -4.458 -3.558 -3.133 -2.359 -1.763 -1.066 -0.623 -0.231 -0.034 0.095 -0.032 -0.379 -0.642 -0.820 -0.880 -0.705
1.703 1.544 1.018 0.719 0.171 0.175 0.454 0.335 0.682 0.716 2.227 4.525 5.199 6.074 6.198 5.412 3.225 0.591 -0.942 -2.579 -3.026 -3.621 -2.667 -2.508 -3.935 -5.764 -7.316 -8.642 -11.011 -12.916 -14.363 -15.412 -16.491 -16.802 -17.465 -18.539 -19.727 -20.922 -21.735 -22.076 -21.814 -22.004 -21.652 -20.466 -18.190 -16.424 -15.145 -11.057 -7.854 -5.205 -3.149 -1.924 -1.159 -1.005 -1.492 -1.021 -0.710 -0.435 0.228 0.795 1.364 1.842 2.316 2.414 2.364 2.193 1.868 1.501 1.113 0.420 -0.117
2.997 3.015 2.853 2.565 2.625 2.694 3.063 3.114 3.164 3.906 4.647 5.581 6.169 6.346 6.753 6.975 7.088 6.687 5.511 1.433 -1.102 -2.162 -2.022 -1.177 -1.342 -2.670 -4.297 -6.289 -8.574 -10.831 -12.628 -13.845 -14.929 -15.619 -16.118 -17.305 -18.855 -19.793 -20.649 -21.160 -20.637 -19.709 -19.910 -18.993 -17.247 -15.952 -14.555 -11.525 -8.793 -6.170 -3.514 -1.284 0.520 1.452 1.841 2.045 2.177 2.557 3.042 3.523 4.051 4.467 4.830 5.155 5.045 4.810 4.481 3.949 3.335 2.281 0.434
3.710 3.828 3.845 3.782 3.745 3.807 4.054 4.378 4.903 5.383 5.748 6.177 6.529 7.016 7.452 7.744 7.848 7.735 7.566 6.876 3.448 0.855 0.851 -1.310 -2.406 -1.241 -1.302 -3.529 -5.946 -8.003 -9.953 -11.739 -13.871 -14.644 -15.698 -16.541 -17.144 -17.467 -17.620 -19.325 -18.941 -18.025 -18.201 -18.398 -17.645 -16.166 -14.189 -11.227 -8.927 -7.050 -4.907 -1.860 0.798 2.612 3.717 4.290 4.501 4.716 5.063 5.537 6.034 6.429 6.755 6.985 7.057 6.966 6.635 5.941 4.415 3.990 3.131
4.029 4.246 4.335 4.471 4.565 4.726 4.859 5.098 5.293 5.757 6.174 6.573 6.950 7.356 7.768 8.148 8.382 8.583 8.356 8.208 7.493 2.956 0.690 0.968 -0.712 -2.437 0.594 0.250 -2.138 -4.435 -7.283 -9.513 -10.723 -12.244 -13.819 -15.320 -16.218 -16.402 -16.138 -16.539 -16.735 -16.503 -16.688 -16.321 -15.030 -13.666 -12.014 -9.888 -7.980 -5.745 -4.394 -1.981 0.257 2.479 4.439 5.812 6.539 6.868 7.107 7.533 7.906 8.100 8.314 8.460 8.551 8.616 8.421 7.869 6.949 6.438 5.368
4.428 4.776 4.942 5.113 5.248 5.382 5.572 5.825 6.055 6.402 6.784 7.152 7.503 7.924 8.278 8.674 8.988 9.273 9.477 9.441 9.314 8.475 7.707 4.136 3.801 2.583 1.684 2.989 1.650 -0.323 -2.678 -5.216 -7.199 -8.608 -10.104 -12.261 -13.338 -14.001 -14.331 -14.515 -14.470 -14.401 -13.833 -12.505 -10.275 -8.740 -7.295 -6.155 -5.117 -3.206 -1.832 -0.971 0.347 2.406 4.851 6.950 8.253 8.779 9.026 9.321 9.554 9.632 9.723 9.841 9.932 10.053 10.095 9.976 9.514 8.962 8.179
5.150 5.611 5.831 6.051 6.253 6.429 6.601 6.830 7.089 7.398 7.753 8.061 8.284 8.539 8.817 9.196 9.587 9.941 10.395 10.806 10.957 10.618 10.178 7.630 8.316 5.308 2.277 1.959 3.217 3.475 1.529 -0.068 -1.900 -3.827 -5.320 -6.915 -7.749 -8.269 -9.286 -9.594 -9.768 -9.457 -8.741 -8.133 -6.170 -4.319 -2.695 -1.877 -0.907 0.003 0.427 1.018 2.093 4.037 6.484 8.570 9.684 10.186 10.553 10.758 10.956 11.026 11.009 11.058 11.165 11.380 11.554 11.634 11.511 11.240 10.668
6.538 6.961 7.241 7.481 7.722 7.878 8.024 8.220 8.480 8.726 8.986 9.342 9.577 9.796 10.016 10.279 10.666 11.016 11.528 11.927 11.955 11.586 10.500 6.895 6.335 5.949 3.289 1.551 1.853 3.601 4.485 4.348 2.692 0.506 -0.750 -0.950 -1.662 -2.082 -2.037 -2.443 -2.594 -2.258 -2.389 -1.780 -1.805 -0.811 0.478 1.712 3.150 4.314 5.139 5.455 6.296 8.078 9.967 11.238 11.676 11.882 12.170 12.293 12.414 12.465 12.538 12.616 12.857 13.089 13.193 13.220 12.547 11.120 11.376
8.692 8.815 9.030 9.326 9.544 9.691 9.760 9.906 10.099 10.332 10.601 10.884 11.114 11.286 11.456 11.731 12.028 12.415 12.734 13.073 12.950 12.190 10.975 8.279 7.873 5.942 6.858 3.378 3.250 2.178 6.361 6.511 5.981 5.028 3.976 3.772 3.533 3.250 3.110 3.232 2.266 3.228 3.639 3.700 3.765 4.928 6.788 8.282 9.345 10.149 10.614 10.759 11.168 12.079 12.879 13.401 13.575 13.618 13.777 13.860 13.885 13.838 14.040 14.153 14.589 14.839 14.957 14.811 13.478 11.409 10.467
11.473 11.150 11.300 11.419 11.540 11.664 11.747 11.865 12.006 12.186 12.425 12.670 12.875 13.030 13.235 13.505 13.754 14.026 14.212 14.293 14.035 13.091 12.971 12.805 8.259 7.254 6.768 5.498 4.826 0.818 7.041 9.210 9.245 8.691 8.443 7.916 8.025 7.648 7.360 6.759 7.232 9.421 9.099 9.783 11.390 12.468 13.235 13.999 14.455 14.655 14.856 14.914 14.939 15.144 15.315 15.421 15.479 15.455 15.455 15.332 15.104 15.144 15.527 16.045 16.447 16.619 16.641 16.369 16.279 15.211 12.962
14.372 13.859 13.820 13.783 13.791 13.806 13.855 13.931 14.078 14.237 14.421 14.570 14.684 14.832 15.025 15.227 15.423 15.557 15.589 15.520 15.262 14.373 13.144 14.616 12.822 14.875 12.165 8.856 7.524 5.228 8.958 11.484 11.771 11.761 10.411 10.800 10.927 10.024 9.037 9.733 11.991 12.550 13.953 15.198 16.232 16.988 17.144 17.297 17.367 17.407 17.430 17.423 17.382 17.315 17.304 17.292 17.267 17.234 17.214 17.106 16.859 16.828 17.030 17.536 17.841 18.027 17.928 17.573 17.287 16.836 15.308
16.902 16.348 16.209 16.177 16.037 16.006 16.030 16.043 16.207 16.292 16.408 16.521 16.483 16.588 16.753 16.864 16.962 17.024 16.937 16.726 16.337 15.533 14.458 14.079 15.326 17.409 19.005 14.006 9.396 11.123 12.178 13.821 14.831 14.152 13.667 13.699 13.078 12.923 13.364 14.382 15.370 16.729 17.729 18.269 18.651 19.465 19.609 19.622 19.678 19.667 19.616 19.536 19.442 19.362 19.256 19.084 19.044 19.000 18.919 18.845 18.765 18.824 18.960 19.189 19.258 19.173 18.999 18.604 18.114 16.339 14.938
19.149 18.712 18.496 18.358 18.172 18.083 18.134 18.203 18.292 18.376 18.445 18.522 18.468 18.431 18.483 18.447 18.421 18.372 18.187 17.894 17.429 16.734 15.934 15.475 15.472 17.227 21.011 17.834 14.626 15.255 15.262 16.235 16.380 16.080 15.997 15.412 15.837 15.731 15.957 17.243 19.169 20.105 20.217 20.193 20.409 21.264 21.404 21.515 21.562 21.530 21.426 21.309 21.121 21.027 20.880 20.730 20.650 20.593 20.527 20.460 20.481 20.420 20.457 20.339 20.288 20.112 19.727 19.064 17.686 15.738 18.481
21.093 20.786 20.510 20.269 20.091 20.022 20.014 20.024 20.059 20.126 20.205 20.252 20.184 20.106 19.999 19.821 19.657 19.515 19.259 18.911 18.358 17.715 17.014 16.668 16.576 16.880 20.352 20.582 14.589 14.528 17.132 18.638 19.215 18.176 18.426 18.319 18.900 18.844 18.963 19.420 21.539 22.335 22.305 22.336 21.835 22.807 23.112 23.080 23.047 22.942 22.747 22.544 22.505 22.418 22.254 22.093 21.967 21.878 21.754 21.611 21.566 21.478 21.478 21.406 21.220 20.689 20.303 20.280 20.429 21.398 21.243
22.765 22.507 22.275 22.046 21.918 21.851 21.771 21.736 21.759 21.806 21.847 21.807 21.731 21.559 21.295 21.008 20.752 20.502 20.173 19.701 19.131 18.498 17.963 17.690 17.689 17.781 19.829 21.700 19.236 14.196 18.552 19.458 21.327 21.126 21.321 21.530 21.926 22.121 22.008 21.536 23.276 23.902 23.905 24.053 23.094 23.571 24.383 24.380 24.299 24.121 23.876 23.571 23.589 23.544 23.437 23.331 23.141 22.985 22.782 22.586 22.556 22.441 22.239 22.200 21.668 20.912 21.466 21.495 21.337 21.866 21.650
24.035 23.846 23.704 23.607 23.506 23.431 23.345 23.299 23.354 23.420 23.247 22.992 22.779 22.532 22.251 21.920 21.602 21.279 20.856 20.401 19.817 19.226 18.798 18.675 18.782 19.135 19.960 22.101 22.680 18.587 15.747 16.300 20.282 22.365 23.181 23.487 23.859 24.190 24.063 23.926 24.501 24.929 25.099 25.181 24.605 24.253 25.369 25.536 25.408 25.141 24.941 24.690 24.546 24.456 24.442 24.291 24.071 23.844 23.528 23.261 23.110 22.798 22.427 22.077 21.003 21.372 22.838 22.987 23.167 23.379 23.158
25.135 24.899 24.758 24.693 24.615 24.561 24.546 24.514 24.563 24.345 24.133 23.735 23.447 23.230 22.985 22.742 22.417 22.065 21.666 21.209 20.744 20.327 20.083 20.111 20.338 20.826 21.469 22.400 23.276 22.463 17.337 15.509 18.638 22.623 23.969 24.575 24.564 25.089 25.117 25.016 25.079 25.104 25.807 25.841 25.341 25.094 26.049 26.311 26.263 25.935 25.733 25.557 25.317 24.946 24.774 24.753 24.603 24.315 23.972 23.646 23.379 22.963 22.512 21.834 20.653 22.964 24.355 23.943 23.979 24.088 24.359
25.685 25.435 25.344 25.308 25.247 25.137 25.079 25.023 25.005 24.413 24.333 24.125 23.869 23.669 23.522 23.330 23.055 22.805 22.496 22.157 21.879 21.654 21.631 21.728 21.944 22.573 23.142 23.867 24.354 24.428 21.692 19.475 17.390 21.392 24.546 24.985 24.139 25.762 26.077 26.257 26.431 26.200 26.542 24.478 25.377 25.696 26.598 26.685 26.600 26.484 26.135 25.898 25.672 25.333 25.119 25.003 24.880 24.529 24.160 23.821 23.510 23.022 22.495 21.941 21.225 23.983 26.958 25.528 24.885 24.408 24.686
25.885 25.727 25.647 25.548 25.436 25.294 25.160 25.033 24.925 24.789 24.606 24.370 24.214 24.058 23.959 23.783 23.603 23.475 23.318 23.193 23.161 23.206 23.330 23.567 23.858 24.247 24.622 25.028 25.332 25.643 26.253 26.202 24.510 22.717 23.953 21.742 24.046 24.892 26.079 26.630 26.879 26.974 26.839 26.043 26.072 26.805 27.029 26.661 26.571 26.491 26.206 26.037 25.669 25.431 25.187 24.930 24.827 24.590 24.280 24.004 23.779 23.416 23.005 22.749 22.513 25.616 27.607 27.313 26.076 24.764 24.934
26.039 25.885 25.823 25.736 25.638 25.500 25.358 25.223 25.062 24.973 24.888 24.777 24.673 24.573 24.501 24.333 24.248 24.205 24.163 24.186 24.233 24.357 24.564 24.779 25.027 25.217 25.438 25.697 26.023 26.303 26.710 26.923 26.881 26.528 26.533 24.871 24.388 23.631 25.615 26.799 26.969 26.807 26.321 26.349 27.111 27.352 27.146 26.679 26.427 26.367 26.257 26.154 25.888 25.552 25.370 25.039 24.970 24.867 24.625 24.405 24.284 24.170 23.934 23.731 23.603 25.768 27.135 26.905 25.834 25.678 25.862
26.291 26.057 25.989 25.905 25.809 25.745 25.673 25.613 25.518 25.338 25.256 25.207 25.089 25.042 25.013 24.854 24.837 24.832 24.772 24.834 24.915 24.975 25.160 25.293 25.436 25.570 25.740 25.841 26.128 26.399 26.554 26.633 26.621 26.663 26.887 26.971 26.971 26.137 25.560 26.943 26.851 25.998 25.459 27.162 26.134 26.515 26.731 26.676 26.585 26.472 26.365 26.244 26.061 25.738 25.555 25.247 25.190 25.126 24.963 24.851 24.749 24.729 24.624 24.455 24.624 25.357 24.839 25.149 25.327 25.290 25.860
