data-raw/tempfiles/13_grid_data_13000BP.asc
ncols 144
nrows 72
xllcorner -180
yllcorner -90
cellsize 2.5
nodata_value -9999
[rows 32 to 63 of 72, columns 71 to 141 of 144]
26.057 25.489 25.234 25.586 24.843 25.274 25.303 25.859 26.311 25.958 24.767 25.216 25.393 25.304 23.944 18.115 16.723 20.727 22.332 24.582 25.314 25.764 25.855 26.206 26.561 26.776 27.004 27.219 27.246 27.252 27.216 26.455 27.061 27.108 27.353 27.081 26.916 26.713 26.692 26.783 26.271 25.917 25.826 25.912 26.775 27.045 27.189 27.349 27.265 27.188 26.261 26.432 27.195 27.206 27.130 27.100 27.180 27.257 27.242 27.094 27.122 27.243 27.123 26.962 26.924 26.940 26.954 27.022 27.132 26.981 26.730
25.606 25.909 25.675 25.383 24.519 22.719 22.734 24.119 25.135 24.826 24.732 25.080 25.049 25.537 26.312 21.792 18.831 23.491 25.957 26.524 26.626 25.762 26.116 26.362 26.636 26.779 26.931 27.071 27.147 27.212 27.239 27.270 27.096 26.509 27.306 27.209 27.188 27.082 27.008 26.567 26.656 24.818 25.560 26.092 26.774 26.858 27.103 25.868 26.725 27.088 26.579 26.554 27.104 27.081 27.043 27.025 27.049 26.995 26.735 26.920 27.267 27.227 27.200 27.066 27.115 27.171 27.130 27.105 27.158 27.055 26.881
26.007 26.039 25.993 25.565 24.580 23.386 22.826 23.627 24.355 24.031 23.602 23.788 23.434 24.288 25.751 27.659 23.649 25.749 26.717 27.143 25.969 26.062 26.259 26.422 26.597 26.707 26.859 26.957 27.055 27.079 27.071 27.014 26.994 26.988 27.036 27.043 27.083 27.083 26.997 25.221 25.048 24.746 24.762 25.304 25.698 25.792 25.615 24.373 26.635 27.049 26.996 26.924 27.008 27.030 26.950 26.625 26.559 26.860 27.072 27.260 27.393 27.364 27.301 27.174 27.186 27.257 27.190 27.154 27.232 27.285 27.225
25.739 25.726 25.699 25.617 25.456 23.588 23.334 24.150 24.378 24.207 23.855 23.220 21.715 21.728 23.158 23.057 25.329 27.439 27.025 26.252 26.040 26.049 26.196 26.387 26.552 26.666 26.798 26.878 26.941 26.987 26.984 26.902 26.837 26.798 26.814 26.839 26.879 26.805 26.675 26.562 25.126 25.038 24.673 24.539 24.355 24.719 24.061 24.257 26.364 26.036 26.467 26.855 26.597 26.963 26.883 27.086 27.061 27.163 27.204 27.270 27.412 27.486 27.350 27.194 27.182 27.241 27.249 27.295 27.409 27.534 27.530
25.115 25.114 25.118 25.087 25.313 24.155 23.545 24.461 24.345 24.264 23.866 22.923 20.655 20.417 21.580 20.459 24.978 26.824 26.036 26.141 26.119 26.118 26.194 26.346 26.455 26.505 26.567 26.654 26.786 26.867 26.827 26.740 26.686 26.689 26.682 26.629 26.577 26.530 26.469 26.374 25.933 24.292 24.607 24.265 24.122 24.581 25.152 25.822 25.962 25.024 26.686 27.019 26.842 26.277 25.450 26.590 26.575 26.916 27.021 27.067 27.301 27.482 27.431 27.243 27.190 27.284 27.320 27.386 27.457 27.546 27.663
24.818 24.768 24.788 24.849 25.236 24.224 23.500 24.325 24.593 24.392 24.065 23.577 21.191 21.856 23.285 22.577 24.669 25.974 26.272 26.373 26.138 26.080 26.112 26.224 26.305 26.321 26.350 26.402 26.530 26.736 26.743 26.628 26.563 26.568 26.542 26.496 26.389 26.383 26.403 26.268 26.327 25.646 24.578 24.814 24.467 24.935 25.427 26.077 26.306 25.597 27.126 26.714 26.681 26.844 25.985 22.778 22.029 23.843 25.651 26.871 27.284 26.861 27.227 27.205 27.086 27.175 27.235 27.251 27.296 27.398 27.540
24.250 24.097 24.034 24.210 24.510 24.444 24.053 23.443 23.313 23.933 23.990 24.173 23.123 22.684 22.674 22.567 24.741 25.907 26.243 26.321 26.121 25.967 26.001 26.094 26.175 26.210 26.224 26.248 26.381 26.581 26.633 26.542 26.493 26.400 26.413 26.420 26.358 26.340 26.349 26.373 26.594 26.547 26.031 25.402 24.717 25.042 25.591 26.558 27.234 27.597 27.462 27.267 27.224 27.222 27.102 26.653 25.910 23.855 19.778 21.832 25.981 26.068 27.116 26.814 26.951 26.994 27.075 27.077 27.072 27.151 27.294
23.407 23.139 22.978 23.203 23.586 24.120 24.616 22.850 22.514 22.654 22.790 23.425 22.307 21.654 21.051 21.373 24.096 25.744 26.027 26.187 26.020 25.909 25.969 26.044 26.098 26.114 26.080 26.092 26.257 26.416 26.457 26.307 26.319 26.286 26.234 26.256 26.270 26.269 26.251 26.299 26.421 26.505 26.565 26.407 26.185 26.135 26.145 26.783 27.089 27.318 27.258 27.120 27.557 27.533 27.200 26.606 25.792 24.923 24.447 23.689 24.311 26.655 27.015 26.932 26.754 26.547 26.895 26.888 26.881 26.915 27.019
22.384 22.223 22.044 21.971 22.245 22.919 22.460 20.110 21.416 22.228 22.289 21.806 22.229 21.534 20.794 21.952 23.147 25.822 26.323 26.274 25.970 25.856 25.921 25.983 25.960 25.913 25.897 25.892 26.021 26.097 26.119 25.848 26.007 26.019 26.036 26.034 26.044 26.064 26.066 26.071 26.067 26.094 26.089 26.338 26.515 26.748 27.059 27.171 27.473 27.640 27.663 27.651 27.491 27.751 27.478 27.175 26.602 25.976 24.960 25.647 25.560 26.304 26.695 26.740 26.618 26.509 26.631 26.584 26.557 26.625 26.749
21.561 21.507 21.339 21.080 20.913 21.556 22.659 20.148 20.849 22.119 22.861 22.327 21.692 22.469 21.477 22.120 23.106 25.834 26.078 25.972 24.032 25.483 25.928 25.828 25.705 25.635 25.598 25.579 25.604 25.607 25.539 25.362 25.513 25.583 25.615 25.624 25.591 25.572 25.566 25.570 25.459 25.484 25.612 25.749 25.898 26.136 26.475 26.808 27.218 27.463 27.625 27.586 27.878 28.264 27.789 27.849 27.425 26.958 25.677 25.679 25.914 26.146 26.323 26.344 26.221 26.221 26.184 25.995 26.023 26.191 26.401
21.097 21.002 20.819 20.418 19.792 21.970 24.186 23.329 22.017 22.980 23.856 22.542 22.548 22.820 24.153 23.745 24.836 25.873 25.637 25.598 22.284 25.067 25.656 25.498 25.327 25.247 25.173 25.115 25.050 24.970 24.815 24.865 24.871 24.876 24.826 24.791 24.759 24.697 24.641 24.655 24.545 24.560 24.661 24.750 25.095 25.449 25.889 26.392 26.887 27.051 27.561 27.309 28.687 28.619 28.058 27.709 27.273 27.257 25.825 24.652 25.459 25.556 25.659 25.627 25.547 25.574 25.517 25.219 25.156 25.412 25.712
20.839 20.583 20.479 20.093 19.295 19.706 22.802 22.723 22.050 22.941 23.708 23.062 21.648 20.285 22.907 25.013 25.434 25.531 24.933 21.788 21.669 25.164 25.403 25.089 24.701 24.603 24.519 24.451 24.326 24.220 24.015 24.054 24.029 23.847 23.733 23.726 23.598 23.533 23.421 23.375 23.254 23.305 23.234 23.621 23.988 24.521 25.205 25.960 26.369 27.309 27.981 28.028 27.447 27.659 27.383 27.377 27.229 27.398 24.666 23.693 24.734 24.700 24.760 24.655 24.552 24.605 24.615 24.400 24.142 24.316 24.650
20.581 20.238 19.996 19.805 19.299 18.263 20.792 20.715 20.203 22.149 23.374 22.896 22.193 23.640 24.599 24.750 25.192 24.811 24.408 21.539 23.156 24.639 24.839 24.376 24.120 23.787 23.674 23.557 23.444 23.303 23.208 23.055 22.910 22.750 22.597 22.509 22.358 22.225 21.981 21.987 21.827 21.815 21.826 22.252 22.631 23.252 24.376 26.035 26.086 26.470 26.829 26.532 26.077 25.386 24.859 25.250 25.778 26.086 24.938 24.292 23.456 23.613 23.809 23.621 23.464 23.502 23.396 23.010 23.166 23.220 23.443
20.309 20.007 19.586 19.131 18.944 17.852 18.142 20.721 20.538 21.201 21.621 21.605 21.435 23.476 25.469 24.312 24.285 24.103 23.859 21.903 23.898 24.041 23.940 23.636 23.291 22.950 22.778 22.632 22.566 22.424 22.153 21.993 21.799 21.633 21.458 21.336 21.200 20.944 20.628 20.643 20.280 20.206 20.279 20.746 21.306 21.918 23.973 24.414 24.229 24.925 25.612 25.145 24.037 22.849 22.647 24.313 25.095 25.110 24.399 23.139 22.561 22.365 22.810 22.686 22.423 22.359 22.422 22.365 22.173 22.138 22.198
19.823 19.595 19.269 18.899 18.810 18.074 17.350 20.447 20.649 21.097 19.947 18.831 18.109 20.549 23.908 23.285 23.132 23.078 23.483 23.228 23.086 22.645 22.497 22.348 22.007 21.748 21.549 21.436 21.405 21.248 20.879 20.802 20.687 20.488 20.281 19.934 19.647 19.407 19.333 19.164 18.524 18.543 18.620 19.168 19.758 20.418 22.207 22.672 22.525 22.957 23.076 22.362 20.650 20.561 22.056 23.272 23.727 23.521 22.950 21.962 21.012 20.539 21.411 21.747 21.377 21.218 21.101 20.990 20.840 20.813 20.894
19.022 18.752 18.558 18.460 18.346 18.045 17.166 19.252 20.196 20.083 18.469 17.665 15.751 20.477 22.551 22.155 22.039 21.846 21.826 21.691 21.478 20.935 20.381 20.002 20.149 19.906 19.937 19.618 19.803 19.781 19.645 19.376 19.101 18.354 17.223 16.593 16.477 16.467 16.823 16.839 16.409 16.497 17.265 17.793 18.239 18.953 20.128 20.682 20.071 20.537 20.608 21.006 20.121 19.969 20.642 21.773 21.871 22.133 22.133 21.440 20.982 18.164 20.016 20.814 20.418 20.053 19.834 19.552 19.431 19.459 19.537
17.767 17.601 17.624 17.641 17.566 17.575 17.461 17.261 18.930 18.376 17.728 16.513 17.842 21.053 21.032 20.607 20.493 20.274 20.132 19.983 19.570 18.477 18.435 18.343 18.527 18.503 18.324 17.856 17.574 18.112 17.998 17.343 15.848 15.092 14.968 14.920 14.837 14.744 14.592 14.575 14.575 14.683 15.544 16.306 16.596 17.319 18.395 18.714 18.368 18.711 19.583 20.351 19.750 19.354 19.294 19.487 19.016 19.800 19.779 19.482 18.788 16.586 19.651 19.827 19.499 19.138 18.816 18.496 18.256 18.092 18.116
16.000 15.904 16.036 16.301 16.292 16.470 16.710 16.766 17.470 18.160 18.873 19.246 19.240 19.263 19.096 18.735 18.673 18.527 18.383 17.705 16.974 16.955 17.120 17.000 16.656 16.644 16.058 15.554 15.516 16.095 15.637 14.214 13.396 13.295 13.280 13.114 12.965 12.880 12.869 12.843 12.872 13.057 13.565 14.300 14.854 15.650 16.735 17.034 17.205 17.375 17.295 16.334 16.189 16.261 16.953 18.093 17.788 18.377 18.145 17.191 15.454 17.813 18.881 18.605 18.282 17.945 17.584 17.293 16.893 16.569 16.483
14.356 14.299 14.188 14.208 14.370 14.741 15.226 15.863 16.452 16.979 17.274 17.544 17.463 17.326 17.132 17.089 16.981 16.759 16.438 15.754 15.482 15.519 15.361 15.188 15.029 15.235 15.024 14.639 14.328 13.333 12.755 12.182 12.352 12.566 12.088 11.429 11.284 11.350 11.682 11.679 11.513 11.789 12.272 12.606 13.075 13.601 14.311 14.752 14.767 14.509 14.349 14.356 14.453 14.632 14.841 15.230 15.723 16.042 15.624 14.571 13.358 16.309 17.091 16.995 16.795 16.482 16.148 15.879 15.537 15.243 14.808
12.090 12.253 12.160 12.181 12.282 12.674 13.312 14.081 14.846 15.042 15.166 14.947 14.706 14.620 14.611 14.360 14.303 14.156 13.949 14.042 14.133 14.057 14.155 14.058 14.182 14.177 14.080 13.644 13.099 12.177 11.491 12.176 12.664 12.538 12.299 11.834 11.223 10.986 10.818 10.153 10.240 10.777 11.125 11.208 11.366 11.552 11.961 12.405 12.368 12.327 12.352 12.415 12.616 12.801 12.928 13.323 13.755 14.312 14.438 13.962 14.385 14.683 14.924 14.922 14.777 14.528 14.314 14.262 14.270 14.243 13.349
9.790 9.892 9.908 9.871 9.841 10.129 10.551 11.233 11.797 11.758 11.810 11.718 11.690 11.798 11.641 11.607 11.512 11.301 11.127 11.257 11.318 11.263 11.683 12.032 12.485 12.715 12.691 12.403 12.156 11.724 11.171 10.635 10.638 10.919 10.916 10.625 10.478 10.382 10.168 9.869 9.996 10.044 9.906 9.828 9.763 9.752 9.820 10.025 10.236 10.483 10.553 10.451 10.555 10.935 11.075 11.373 11.808 12.243 12.426 11.615 12.482 12.951 13.012 12.948 12.871 12.745 12.750 12.838 13.067 11.715 11.288
7.963 7.790 7.768 7.456 7.556 7.556 7.814 7.989 8.081 8.335 8.404 8.500 8.638 8.782 8.672 8.543 8.527 8.272 8.193 8.217 8.194 8.182 8.567 9.229 9.908 10.439 10.714 10.485 10.264 10.322 10.199 9.986 9.516 9.148 8.918 8.761 8.855 8.778 8.565 8.532 8.577 8.630 8.581 8.632 8.685 8.649 8.613 8.575 8.735 9.080 9.155 9.118 9.134 9.292 9.373 9.610 10.019 10.329 10.731 11.010 11.202 11.210 11.072 10.995 11.037 11.102 11.321 11.178 8.681 8.351 10.793
5.843 5.807 5.656 5.216 4.939 4.837 4.977 5.214 5.379 5.389 5.279 5.442 5.867 6.025 6.026 5.951 6.061 6.157 6.132 6.057 5.912 5.866 6.054 6.415 6.936 7.418 7.679 7.600 7.573 7.680 7.784 7.808 7.575 7.323 7.301 7.425 7.245 6.684 6.563 6.389 6.299 6.442 6.725 6.780 6.857 6.998 7.067 7.192 7.154 7.396 7.741 7.819 7.874 8.021 8.052 7.999 8.347 8.622 8.823 9.116 9.195 9.211 9.162 9.185 9.303 9.561 9.933 9.367 8.087 9.689 9.753
3.703 3.718 3.686 3.496 3.271 3.074 2.980 3.018 2.963 2.961 2.898 3.108 3.517 3.772 3.925 3.962 4.021 4.217 4.342 4.383 4.357 4.329 4.260 4.307 4.549 4.844 5.107 5.181 5.099 5.282 5.132 4.990 4.919 4.865 4.961 4.871 4.664 4.854 5.050 4.598 4.344 4.545 4.704 4.647 4.522 4.772 5.063 5.261 5.367 5.467 5.902 6.140 6.274 6.405 6.484 6.475 6.486 6.776 6.861 7.012 7.211 7.335 7.411 7.521 7.664 7.945 8.214 8.404 8.354 8.044 7.840
1.495 1.570 1.522 1.372 1.176 0.993 0.951 0.923 0.885 0.839 0.878 1.042 1.347 1.683 1.929 2.091 2.275 2.354 2.418 2.518 2.589 2.644 2.558 2.485 2.612 2.784 3.092 3.286 3.323 3.331 3.028 2.744 2.550 2.499 2.521 2.637 2.677 2.895 2.961 2.689 2.360 2.387 2.526 2.592 2.573 2.537 2.767 2.979 3.239 3.452 3.775 4.172 4.417 4.393 4.273 4.478 4.525 4.605 4.693 4.815 5.097 5.358 5.577 5.708 5.911 6.158 6.396 6.542 6.618 6.462 6.232
-0.636 -0.607 -0.632 -0.730 -0.908 -1.035 -1.020 -0.958 -0.946 -0.904 -0.791 -0.573 -0.234 0.109 0.372 0.586 0.665 0.694 0.654 0.640 0.788 0.886 0.840 0.830 0.898 1.161 1.366 1.462 1.420 1.305 0.947 0.576 0.265 0.176 0.356 0.640 0.753 0.945 0.849 0.635 0.579 0.710 0.658 0.558 0.526 0.429 0.711 1.044 1.327 1.595 1.860 2.135 2.264 2.290 2.282 2.433 2.383 2.324 2.347 2.490 2.780 3.147 3.448 3.537 3.617 4.078 4.487 4.791 4.866 4.781 4.616
-2.582 -2.619 -2.683 -2.768 -2.842 -2.812 -2.726 -2.553 -2.458 -2.333 -1.979 -1.626 -1.312 -1.050 -0.893 -0.673 -0.656 -0.664 -0.654 -0.809 -0.857 -0.903 -1.013 -1.034 -1.043 -0.887 -0.768 -0.701 -0.724 -0.874 -1.193 -1.565 -1.856 -1.936 -1.822 -1.552 -1.373 -1.314 -1.315 -1.379 -1.502 -1.574 -1.613 -1.568 -1.522 -1.477 -1.309 -1.042 -0.862 -0.587 -0.433 -0.301 -0.267 -0.147 0.055 0.147 0.208 0.131 0.015 0.109 0.310 0.636 1.057 1.229 1.206 1.538 2.248 2.737 3.012 3.047 2.952
-4.372 -4.406 -4.461 -4.621 -4.598 -4.380 -4.216 -4.070 -3.858 -3.491 -3.162 -2.886 -2.565 -2.582 -2.603 -2.468 -2.538 -2.548 -2.610 -2.826 -2.960 -3.097 -3.354 -3.591 -3.617 -3.424 -3.346 -3.201 -3.348 -3.672 -4.031 -4.380 -4.564 -4.593 -4.523 -4.093 -3.820 -3.875 -4.093 -4.119 -4.065 -4.041 -3.911 -3.812 -3.635 -3.467 -3.305 -3.185 -2.963 -2.845 -2.753 -2.632 -2.543 -2.515 -2.331 -2.313 -2.380 -2.178 -2.199 -2.326 -2.180 -2.017 -1.784 -1.410 -1.298 -1.106 -0.493 0.039 0.392 0.573 0.561
-5.862 -5.753 -5.695 -5.994 -6.036 -5.748 -5.619 -5.403 -5.190 -5.089 -4.937 -4.712 -4.611 -4.668 -4.604 -4.627 -4.622 -4.725 -4.948 -5.166 -5.481 -5.963 -6.413 -6.737 -6.939 -6.796 -6.824 -6.799 -6.964 -7.059 -7.179 -7.267 -7.202 -7.225 -7.304 -7.281 -7.156 -7.183 -7.241 -7.253 -7.130 -6.949 -6.671 -6.449 -6.271 -6.063 -5.786 -5.706 -5.469 -5.368 -5.225 -5.072 -4.947 -4.918 -4.987 -5.092 -5.238 -5.156 -5.163 -5.253 -5.243 -5.227 -5.123 -4.613 -4.328 -4.202 -3.823 -3.547 -3.307 -3.052 -2.699
-7.376 -7.243 -7.079 -6.999 -7.071 -7.192 -7.319 -7.281 -7.217 -7.159 -7.110 -7.074 -7.136 -7.171 -7.193 -7.396 -7.350 -7.562 -7.995 -8.260 -8.867 -9.491 -9.902 -10.442 -10.898 -10.797 -11.077 -11.216 -11.260 -11.218 -11.093 -11.061 -10.980 -10.939 -11.089 -11.381 -11.462 -11.425 -11.407 -11.479 -11.422 -11.213 -10.761 -10.330 -9.977 -9.789 -9.697 -9.635 -9.254 -8.863 -8.700 -8.709 -8.670 -8.690 -8.893 -9.059 -9.236 -9.246 -9.198 -9.302 -9.280 -9.178 -9.148 -8.930 -8.927 -8.812 -8.475 -8.163 -7.886 -7.592 -7.307
-9.731 -9.288 -9.218 -9.166 -9.067 -9.340 -9.821 -9.898 -9.917 -9.786 -9.810 -9.854 -9.831 -9.803 -9.792 -9.723 -9.883 -10.266 -10.625 -11.561 -12.743 -16.356 -19.457 -16.934 -15.342 -15.538 -15.713 -15.247 -15.062 -15.192 -14.755 -14.844 -14.271 -13.931 -15.409 -16.682 -16.990 -16.929 -17.229 -19.227 -18.718 -18.964 -19.124 -16.810 -14.676 -16.040 -16.383 -14.505 -13.401 -13.880 -14.813 -15.385 -15.089 -17.163 -18.115 -17.516 -17.351 -15.870 -14.601 -13.798 -13.427 -13.448 -13.319 -12.944 -12.966 -12.605 -12.321 -11.651 -11.649 -11.474 -11.170
-13.059 -12.599 -11.934 -11.617 -11.334 -11.489 -12.270 -12.378 -12.147 -12.055 -12.097 -12.013 -11.889 -12.453 -13.907 -13.222 -12.594 -15.841 -20.945 -23.548 -25.047 -28.291 -30.608 -29.988 -29.424 -28.271 -26.652 -23.494 -21.193 -19.135 -17.033 -16.183 -18.881 -22.785 -25.220 -26.952 -27.967 -29.250 -30.387 -30.952 -30.620 -30.639 -31.271 -30.795 -29.095 -27.289 -26.052 -25.314 -25.213 -26.294 -27.982 -28.757 -28.946 -29.969 -31.498 -31.895 -31.016 -28.467 -25.348 -23.000 -22.071 -20.906 -20.627 -19.357 -17.742 -16.299 -16.199 -15.433 -14.902 -14.649 -14.626
