data-raw/tempfiles/13_grid_data_13000BP.asc
ncols 144
nrows 72
xllcorner -180
yllcorner -90
cellsize 2.5
nodata_value -9999
[rows 32 to 63 of 72, columns 0 to 70 of 144]
26.519 26.229 26.198 26.160 26.097 26.032 26.027 25.965 25.920 25.800 25.712 25.643 25.584 25.517 25.458 25.398 25.374 25.326 25.280 25.272 25.305 25.316 25.342 25.435 25.541 25.606 25.673 25.737 25.875 26.015 26.044 26.089 26.179 26.321 26.475 26.451 26.447 26.470 25.291 25.458 25.616 25.147 25.277 23.874 26.254 27.008 26.552 25.845 26.128 26.316 26.359 26.337 26.285 26.077 25.951 25.724 25.615 25.381 25.351 25.299 25.287 25.328 25.305 25.234 25.447 25.962 26.093 24.665 23.784 24.708 25.404
26.702 26.472 26.393 26.340 26.276 26.222 26.187 26.193 26.241 26.162 26.014 25.919 25.848 25.754 25.698 25.653 25.644 25.582 25.503 25.441 25.433 25.395 25.329 25.360 25.410 25.450 25.455 25.461 25.484 25.481 25.488 25.546 25.659 25.781 25.846 25.900 26.020 26.169 26.265 26.141 25.211 21.922 20.460 23.740 25.431 22.291 23.479 23.242 24.561 25.937 26.135 26.311 26.331 26.219 26.137 25.996 25.888 25.667 25.586 25.625 25.702 25.747 25.717 25.669 25.849 26.257 26.806 25.917 24.675 24.819 25.222
26.747 26.674 26.608 26.604 26.514 26.437 26.462 26.519 26.617 26.585 26.317 26.093 26.045 25.931 25.754 25.798 25.726 25.559 25.551 25.455 25.284 25.254 25.162 25.074 25.086 25.033 24.976 25.001 24.933 24.890 24.862 24.871 24.959 25.102 25.213 25.320 25.469 25.463 25.459 25.401 24.932 21.554 22.214 24.688 24.200 21.977 22.045 24.133 24.332 24.845 25.354 25.685 26.317 26.244 26.314 26.246 26.027 25.805 25.691 25.791 25.918 25.879 25.769 25.625 25.660 25.820 26.176 26.234 25.979 25.781 25.958
26.826 26.846 26.792 26.727 26.612 26.481 26.418 26.501 26.603 26.486 26.188 25.947 25.763 25.645 25.521 25.471 25.378 25.162 25.040 24.977 24.813 24.663 24.539 24.423 24.298 24.233 24.115 24.094 24.070 23.958 23.868 23.821 23.817 23.773 23.839 23.988 24.174 24.204 24.387 24.480 22.039 21.410 24.106 24.144 24.281 23.750 23.749 24.084 23.405 24.330 25.144 25.299 26.206 26.366 26.487 26.373 26.219 26.030 25.898 25.927 25.892 25.761 25.582 25.387 25.262 25.275 25.482 25.624 25.745 25.730 25.764
27.061 26.997 26.992 26.945 26.813 26.658 26.552 26.547 26.547 26.424 26.217 26.028 25.848 25.706 25.636 25.538 25.360 25.180 25.046 24.922 24.833 24.679 24.484 24.287 24.118 23.966 23.843 23.795 23.769 23.703 23.575 23.410 23.316 23.178 23.142 23.108 23.302 23.140 23.147 23.268 18.611 24.511 25.231 25.221 25.098 24.778 24.352 24.246 23.904 24.451 25.454 26.317 26.391 26.254 26.467 26.519 26.382 26.243 26.071 26.036 25.953 25.789 25.577 25.327 25.112 25.020 25.006 25.061 25.214 25.286 25.235
27.304 27.130 27.221 27.164 26.992 26.875 26.769 26.723 26.688 26.495 26.336 26.233 26.072 25.995 26.018 25.810 25.625 25.518 25.342 25.224 25.178 24.995 24.875 24.753 24.511 24.382 24.286 24.067 23.992 23.998 23.817 23.689 23.602 23.387 23.310 23.213 23.134 22.862 22.403 22.830 20.835 24.644 25.518 25.787 25.370 24.211 24.818 25.253 25.489 24.827 24.859 25.695 26.163 25.597 27.317 27.383 26.832 26.641 26.280 26.172 26.122 25.926 25.694 25.438 25.233 25.124 25.023 24.967 25.002 25.056 24.986
27.417 27.177 27.371 27.396 27.150 26.988 26.980 26.922 26.834 26.677 26.543 26.458 26.396 26.327 26.250 26.058 25.902 25.744 25.640 25.518 25.393 25.285 25.133 25.025 24.904 24.728 24.581 24.396 24.263 24.137 23.956 23.764 23.636 23.476 23.303 23.103 22.959 22.761 22.294 22.471 19.676 23.203 25.022 26.107 26.012 24.884 25.198 25.208 25.692 24.788 24.253 24.840 25.920 26.089 26.593 26.944 27.355 26.217 26.190 26.237 26.151 25.936 25.686 25.441 25.222 25.085 24.892 24.609 24.462 24.452 24.402
27.460 27.250 27.518 27.583 27.317 27.170 27.169 27.159 27.021 26.772 26.612 26.548 26.539 26.521 26.388 26.182 26.023 25.909 25.827 25.692 25.539 25.360 25.175 25.028 24.909 24.767 24.626 24.456 24.222 23.990 23.769 23.535 23.279 23.008 22.687 22.393 22.252 22.175 21.834 21.129 18.491 18.747 24.443 24.126 25.058 25.172 25.294 25.136 25.035 24.638 24.538 25.020 26.129 25.949 26.314 25.878 25.653 24.191 25.995 26.074 25.966 25.734 25.419 25.136 24.877 24.645 24.357 23.933 23.528 23.480 23.492
27.243 27.018 27.249 27.386 27.220 27.157 27.129 27.049 26.903 26.694 26.579 26.578 26.642 26.630 26.464 26.287 26.111 25.934 25.849 25.671 25.476 25.299 25.096 24.890 24.781 24.619 24.442 24.302 24.014 23.749 23.506 23.163 22.751 22.406 22.007 21.688 21.448 21.290 21.080 20.856 20.005 13.643 20.337 23.625 24.337 25.183 24.818 24.878 24.603 24.974 25.114 25.550 25.654 24.256 25.255 23.661 24.365 25.404 25.907 25.735 25.513 25.269 24.931 24.593 24.243 23.930 23.628 23.225 22.865 22.549 22.445
26.777 26.584 26.719 26.726 26.713 26.677 26.665 26.616 26.502 26.383 26.405 26.494 26.571 26.563 26.417 26.246 26.065 25.804 25.569 25.406 25.248 25.037 24.851 24.658 24.448 24.249 24.028 23.804 23.588 23.329 23.023 22.705 22.276 21.867 21.399 20.837 20.437 20.303 20.369 20.269 19.901 17.593 11.022 11.599 20.624 24.726 24.448 24.244 23.878 24.910 24.934 25.440 24.251 23.165 24.260 22.748 24.562 25.792 25.650 25.295 24.962 24.669 24.294 23.905 23.537 23.332 23.093 22.709 22.261 21.899 21.683
26.099 25.989 26.055 25.959 25.859 25.887 25.973 26.027 25.963 25.924 26.002 26.113 26.160 26.142 26.064 25.956 25.767 25.444 25.196 25.012 24.876 24.673 24.469 24.230 24.037 23.818 23.589 23.341 23.060 22.817 22.566 22.223 21.700 21.182 20.878 20.286 20.100 19.941 19.701 19.542 19.343 19.601 17.322 10.775 10.393 19.641 23.608 23.700 24.612 25.412 24.401 24.213 22.538 22.207 22.679 23.189 24.853 25.542 25.324 24.918 24.574 24.215 23.794 23.348 22.932 22.854 22.699 22.315 21.963 21.553 21.242
25.057 24.936 24.953 24.868 24.753 24.821 25.011 25.114 25.104 25.081 25.093 25.099 25.135 25.217 25.239 25.290 25.200 24.896 24.615 24.421 24.308 24.160 23.972 23.804 23.618 23.407 23.207 22.947 22.675 22.423 21.886 21.387 20.826 20.870 20.762 20.418 19.960 19.759 19.366 19.175 18.946 18.947 19.055 18.583 9.149 11.159 20.122 23.849 24.557 25.001 23.879 23.252 22.674 21.699 21.631 23.799 24.876 25.072 24.839 24.509 24.202 23.873 23.469 23.019 22.583 22.530 22.482 22.073 21.784 21.448 21.129
23.771 23.589 23.514 23.442 23.418 23.536 23.669 23.734 23.773 23.786 23.790 23.775 23.865 24.006 24.130 24.252 24.253 24.006 23.729 23.583 23.511 23.461 23.335 23.182 23.018 22.858 22.697 22.495 22.250 21.949 21.211 20.755 20.587 20.657 20.446 20.160 19.821 19.545 19.163 18.763 18.473 18.315 17.980 18.339 11.061 7.463 19.337 23.760 24.226 23.104 23.416 23.431 22.220 20.603 20.873 23.550 24.471 24.481 24.150 23.897 23.649 23.372 23.092 22.762 22.302 22.209 22.117 21.855 21.615 21.341 20.938
22.291 22.161 22.086 22.045 22.043 22.093 22.145 22.159 22.226 22.305 22.311 22.365 22.500 22.625 22.706 22.821 22.820 22.701 22.578 22.493 22.468 22.465 22.407 22.296 22.143 22.050 21.951 21.907 21.706 21.151 20.665 20.410 20.381 20.250 19.994 19.704 19.450 19.250 18.913 18.531 18.180 17.825 17.379 17.952 10.204 6.319 20.875 23.159 22.926 22.332 22.001 20.803 20.495 21.512 22.932 23.626 23.635 23.467 23.177 22.999 22.907 22.742 22.547 22.342 22.044 21.824 21.736 21.485 21.272 21.068 20.697
20.723 20.665 20.641 20.651 20.641 20.627 20.637 20.608 20.622 20.699 20.783 20.860 20.977 21.058 21.103 21.199 21.205 21.166 21.195 21.186 21.184 21.207 21.180 21.112 21.058 20.982 21.069 21.090 20.718 20.062 20.279 20.011 19.875 19.602 19.361 19.065 18.873 18.666 18.416 17.994 17.790 17.327 16.812 17.394 5.055 10.030 20.880 21.886 21.813 21.412 20.529 18.481 20.569 21.868 22.368 22.410 22.196 22.025 21.866 21.798 21.790 21.725 21.579 21.460 21.293 21.036 20.894 20.712 20.493 20.321 20.067
19.279 19.278 19.290 19.276 19.201 19.193 19.165 19.126 19.133 19.152 19.221 19.284 19.369 19.417 19.458 19.539 19.553 19.612 19.662 19.670 19.705 19.704 19.684 19.697 19.701 19.713 20.008 19.932 19.291 19.167 19.186 19.073 18.861 18.555 18.419 18.151 18.002 17.778 17.508 17.180 17.125 16.743 16.268 15.476 7.560 17.628 20.474 20.408 20.151 20.437 19.515 18.791 20.134 21.104 21.165 20.880 20.664 20.552 20.450 20.432 20.401 20.382 20.298 20.201 20.106 19.924 19.724 19.549 19.482 19.428 19.239
18.044 18.014 17.994 17.914 17.831 17.762 17.687 17.651 17.649 17.671 17.686 17.716 17.772 17.831 17.865 17.919 17.960 18.031 18.120 18.132 18.115 18.098 18.077 18.065 18.083 18.293 18.686 18.379 18.055 18.022 17.871 17.712 17.586 17.385 17.251 17.005 16.859 16.669 16.496 16.368 16.302 15.949 15.463 12.742 12.506 19.164 18.748 19.194 19.050 18.542 18.465 19.567 19.717 19.921 19.700 19.347 19.126 18.985 18.920 18.945 18.895 18.840 18.790 18.758 18.689 18.552 18.445 18.246 17.997 17.744 17.879
16.762 16.789 16.699 16.570 16.432 16.342 16.275 16.203 16.157 16.171 16.160 16.128 16.130 16.165 16.186 16.274 16.314 16.377 16.430 16.402 16.335 16.330 16.261 16.236 16.381 16.623 16.843 16.457 16.016 16.118 16.155 16.077 16.075 15.911 15.825 15.693 15.553 15.415 15.324 15.251 15.172 14.916 14.445 12.173 12.246 17.230 17.831 17.458 17.584 17.226 17.612 17.953 18.458 18.453 18.271 18.055 17.813 17.604 17.441 17.336 17.255 17.163 17.066 17.073 17.029 16.937 16.928 16.713 16.487 16.197 16.063
15.485 15.505 15.372 15.248 15.087 14.968 14.857 14.777 14.728 14.703 14.657 14.623 14.548 14.551 14.594 14.666 14.705 14.727 14.746 14.721 14.666 14.592 14.490 14.632 14.437 14.697 14.547 14.403 14.268 13.945 14.167 14.317 14.321 14.360 14.214 14.200 14.233 14.151 14.033 13.943 13.971 13.629 13.305 10.914 13.136 16.800 16.238 15.493 15.979 15.908 16.092 16.576 17.059 16.933 16.744 16.619 16.428 16.160 15.925 15.705 15.513 15.360 15.263 15.204 15.187 15.135 15.057 14.833 14.590 14.398 14.266
14.270 14.359 14.142 13.988 13.777 13.628 13.497 13.396 13.332 13.268 13.228 13.166 13.096 13.033 13.002 13.038 13.086 13.110 13.128 13.112 13.038 12.946 12.940 12.907 12.497 12.470 12.515 12.445 12.352 11.900 12.402 12.584 12.619 12.673 12.680 12.746 12.791 12.851 12.888 12.864 12.854 12.699 11.996 9.370 14.608 16.123 15.670 15.401 14.838 13.703 14.163 15.055 15.243 14.998 14.794 14.690 14.532 14.329 14.151 13.949 13.698 13.513 13.366 13.266 13.168 13.092 13.014 12.858 12.603 12.318 12.085
12.790 12.922 12.724 12.556 12.351 12.166 12.022 11.891 11.810 11.734 11.662 11.611 11.533 11.472 11.412 11.381 11.404 11.423 11.402 11.396 11.320 11.216 11.128 10.912 10.857 10.719 10.892 10.606 10.665 10.545 10.906 10.958 10.955 10.971 10.976 11.095 11.147 11.279 11.466 11.536 11.540 11.526 10.694 8.273 10.518 13.720 14.661 13.715 12.423 11.687 12.165 13.033 12.948 12.502 12.256 12.068 11.927 11.820 11.740 11.655 11.542 11.393 11.303 11.147 11.008 10.876 10.845 10.773 10.465 10.077 9.825
10.989 11.248 11.215 11.095 10.916 10.695 10.556 10.418 10.316 10.244 10.180 10.072 9.985 9.909 9.854 9.788 9.748 9.722 9.683 9.667 9.614 9.564 9.511 9.267 9.191 9.162 9.020 8.975 9.102 9.308 9.447 9.462 9.373 9.300 9.330 9.409 9.537 9.707 9.942 10.050 10.200 10.287 9.044 6.994 10.691 12.962 12.121 10.972 10.088 10.016 10.619 10.930 10.660 10.134 9.787 9.574 9.405 9.235 9.150 9.056 8.981 8.949 8.948 8.926 8.822 8.590 8.458 8.389 8.237 7.994 7.987
9.049 9.387 9.518 9.501 9.386 9.220 9.091 8.951 8.836 8.729 8.635 8.525 8.432 8.352 8.278 8.197 8.159 8.108 8.062 8.029 8.033 8.003 7.977 7.757 7.840 7.607 7.472 7.638 7.891 7.977 7.925 7.848 7.764 7.784 7.857 7.874 7.968 8.149 8.329 8.483 8.684 8.697 5.516 5.558 9.631 10.545 10.049 9.114 8.306 8.176 8.597 8.726 8.475 8.039 7.788 7.625 7.370 7.085 6.840 6.605 6.463 6.442 6.512 6.621 6.613 6.359 6.089 5.908 5.790 5.767 5.825
7.620 7.887 8.085 8.083 7.975 7.867 7.756 7.662 7.545 7.429 7.338 7.240 7.118 7.002 6.883 6.814 6.790 6.749 6.703 6.682 6.639 6.544 6.504 6.150 6.093 6.052 6.182 6.463 6.457 6.451 6.384 6.365 6.389 6.417 6.518 6.547 6.553 6.717 6.955 7.167 7.340 7.081 2.512 4.984 8.908 9.253 8.403 7.752 7.007 6.637 6.490 6.271 6.061 5.770 5.522 5.382 5.119 4.842 4.619 4.395 4.196 4.189 4.261 4.418 4.498 4.376 4.088 3.797 3.558 3.480 3.581
6.242 6.405 6.500 6.438 6.319 6.254 6.185 6.128 6.079 6.000 5.893 5.782 5.670 5.561 5.509 5.465 5.417 5.381 5.364 5.345 5.297 4.944 4.715 4.736 4.528 4.399 4.822 4.981 4.941 4.973 4.943 4.991 5.081 5.100 5.113 5.181 5.273 5.413 5.607 5.791 5.935 6.103 3.663 5.412 7.120 6.894 6.562 6.232 5.877 5.064 4.388 3.959 3.652 3.296 2.929 2.691 2.520 2.409 2.280 2.138 2.069 2.103 2.219 2.408 2.446 2.383 2.164 1.845 1.515 1.387 1.337
4.840 4.886 4.873 4.771 4.590 4.468 4.401 4.319 4.264 4.162 4.006 3.845 3.688 3.644 3.690 3.710 3.705 3.686 3.664 3.685 3.591 3.468 3.487 3.275 3.155 3.313 3.450 3.495 3.541 3.591 3.630 3.662 3.576 3.627 3.683 3.736 3.823 3.910 4.015 4.049 4.337 4.719 4.402 3.845 4.278 4.933 4.806 4.497 4.231 3.548 2.812 2.319 1.874 1.442 1.034 0.804 0.700 0.550 0.518 0.266 0.149 0.192 0.319 0.469 0.506 0.479 0.309 0.093 -0.255 -0.472 -0.641
3.176 3.040 2.916 2.748 2.574 2.402 2.280 2.143 1.955 1.792 1.559 1.293 1.070 1.024 1.134 1.299 1.424 1.444 1.355 1.288 1.286 1.357 1.491 1.588 1.598 1.666 1.723 1.783 1.839 1.862 1.888 1.888 1.820 1.793 1.821 1.835 1.883 1.948 2.042 2.191 2.479 2.904 3.105 3.227 3.199 3.037 2.448 1.904 1.498 1.043 0.525 0.142 -0.231 -0.494 -0.739 -0.829 -0.815 -0.871 -1.076 -1.417 -1.695 -1.782 -1.529 -1.336 -1.340 -1.444 -1.625 -1.860 -2.125 -2.383 -2.626
0.853 0.482 0.440 0.351 0.172 0.023 -0.107 -0.357 -0.572 -0.841 -1.112 -1.356 -1.590 -1.657 -1.574 -1.439 -1.382 -1.430 -1.404 -1.349 -1.177 -1.014 -0.754 -0.633 -0.583 -0.508 -0.438 -0.324 -0.329 -0.341 -0.320 -0.302 -0.334 -0.274 -0.233 -0.201 -0.096 0.038 0.217 0.402 0.621 0.736 0.919 0.993 0.788 0.432 -0.281 -0.836 -1.359 -1.842 -2.305 -2.683 -3.018 -3.118 -3.293 -3.339 -3.350 -3.451 -3.623 -3.787 -3.990 -4.003 -3.564 -3.446 -3.618 -3.874 -4.153 -4.338 -4.426 -4.490 -4.476
-1.819 -2.222 -2.257 -2.367 -2.513 -2.650 -2.836 -3.096 -3.305 -3.449 -3.922 -4.088 -4.413 -4.571 -4.638 -4.714 -4.429 -4.020 -3.810 -3.705 -3.566 -3.386 -3.088 -2.879 -2.778 -2.649 -2.606 -2.608 -2.709 -2.702 -2.691 -2.684 -2.614 -2.516 -2.461 -2.320 -2.141 -1.906 -1.670 -1.520 -1.389 -1.526 -1.613 -1.775 -2.189 -2.642 -3.085 -3.633 -4.375 -5.045 -5.647 -6.163 -6.706 -7.022 -6.966 -6.242 -6.125 -6.035 -5.999 -6.030 -6.101 -6.023 -5.849 -5.838 -5.928 -6.101 -6.172 -6.182 -6.189 -6.109 -5.987
-5.459 -5.719 -5.737 -5.728 -5.881 -6.056 -6.285 -6.584 -6.659 -6.730 -6.926 -7.106 -7.264 -7.259 -7.134 -6.905 -6.663 -6.489 -6.293 -6.140 -5.990 -5.613 -5.236 -5.082 -4.962 -4.892 -4.905 -4.938 -4.934 -4.894 -4.823 -4.688 -4.525 -4.406 -4.300 -4.109 -3.886 -3.678 -3.542 -3.523 -3.570 -3.814 -4.036 -4.520 -5.142 -5.559 -6.558 -8.563 -9.154 -8.793 -9.056 -9.640 -10.226 -10.565 -10.100 -8.837 -8.114 -7.972 -7.843 -7.786 -7.847 -7.854 -7.857 -8.102 -8.337 -8.289 -8.075 -8.006 -7.951 -7.841 -7.565
-9.980 -9.711 -9.610 -9.524 -9.517 -9.536 -9.580 -9.659 -9.674 -9.649 -9.736 -9.745 -9.645 -9.476 -9.296 -9.211 -9.177 -8.989 -8.736 -8.578 -8.468 -8.394 -8.373 -8.315 -8.148 -7.952 -7.867 -7.866 -7.812 -7.581 -7.329 -7.084 -6.829 -6.705 -6.602 -6.495 -6.417 -6.292 -6.340 -6.370 -6.540 -6.771 -6.897 -7.273 -8.064 -11.231 -12.543 -12.256 -10.890 -11.678 -12.145 -12.544 -12.666 -12.778 -12.546 -11.906 -11.185 -10.856 -10.287 -10.051 -10.093 -10.105 -10.191 -10.515 -10.711 -10.884 -10.595 -10.474 -10.453 -10.182 -9.938
-13.909 -13.082 -12.764 -12.510 -12.377 -12.208 -12.141 -12.153 -12.109 -12.076 -12.066 -11.995 -11.869 -11.762 -11.609 -11.469 -11.285 -11.107 -11.005 -11.050 -11.137 -11.213 -11.214 -11.127 -10.884 -10.674 -10.645 -10.707 -10.599 -10.366 -10.097 -9.815 -9.527 -9.392 -9.306 -9.344 -9.347 -9.438 -9.578 -9.570 -9.648 -9.994 -10.354 -11.552 -12.275 -15.656 -15.776 -14.673 -13.628 -14.263 -14.403 -14.490 -14.788 -15.041 -14.985 -14.888 -14.728 -14.424 -13.804 -13.562 -13.456 -13.288 -13.139 -13.149 -13.161 -13.283 -13.333 -13.341 -13.272 -13.283 -13.040
