data-raw/tempfiles/14_grid_data_14000BP.asc
ncols 144
nrows 72
xllcorner -180
yllcorner -90
cellsize 2.5
nodata_value -9999
[rows 0 to 31 of 72, columns 0 to 70 of 144]
-22.262 -22.443 -22.524 -22.565 -22.557 -22.552 -22.590 -22.635 -22.681 -22.774 -22.825 -22.868 -22.948 -23.001 -23.040 -23.125 -23.166 -23.244 -23.360 -23.328 -23.397 -23.419 -23.505 -23.613 -23.606 -23.426 -23.298 -23.363 -23.494 -23.542 -23.509 -23.405 -23.363 -23.281 -23.291 -23.162 -23.060 -23.039 -23.166 -23.220 -23.230 -23.310 -23.342 -23.434 -23.444 -23.523 -23.502 -23.662 -23.570 -23.561 -23.525 -23.506 -23.363 -23.253 -23.093 -23.130 -23.000 -22.884 -22.868 -22.872 -22.864 -22.862 -22.873 -22.870 -22.779 -23.079 -22.955 -22.912 -22.929 -22.964 -22.990
-21.468 -21.620 -21.663 -21.687 -21.695 -21.655 -21.589 -21.528 -21.467 -21.426 -21.376 -21.342 -21.403 -21.451 -21.546 -21.666 -21.794 -21.951 -22.166 -22.311 -22.472 -22.565 -22.794 -23.002 -23.163 -23.253 -23.308 -23.483 -23.715 -23.895 -24.018 -24.064 -24.187 -24.261 -24.338 -24.332 -24.276 -24.261 -24.306 -24.289 -24.238 -24.255 -24.213 -24.245 -24.243 -24.283 -24.280 -24.338 -24.428 -24.453 -24.448 -24.475 -24.390 -24.318 -24.198 -24.145 -24.032 -23.885 -23.820 -23.753 -23.638 -23.535 -23.436 -23.248 -23.032 -22.932 -22.820 -22.650 -22.481 -22.295 -22.133
-19.928 -19.943 -20.027 -20.125 -20.230 -20.209 -20.247 -20.356 -20.458 -20.538 -20.577 -20.625 -20.671 -20.734 -20.839 -20.905 -21.015 -21.125 -21.309 -21.500 -21.699 -21.891 -22.124 -22.447 -22.760 -23.063 -23.282 -23.615 -24.049 -24.397 -24.696 -24.940 -25.272 -25.494 -25.604 -25.652 -25.637 -25.568 -25.938 -26.402 -26.341 -26.418 -26.425 -26.407 -26.270 -26.035 -25.783 -25.756 -25.897 -25.981 -25.950 -25.892 -25.998 -26.296 -26.615 -27.255 -28.012 -28.277 -28.282 -28.214 -27.434 -26.436 -24.689 -23.729 -23.356 -23.211 -22.969 -22.546 -22.046 -21.614 -21.234
-19.515 -19.502 -19.612 -19.730 -19.856 -19.994 -20.034 -20.111 -20.178 -20.159 -20.143 -20.176 -20.138 -20.225 -20.353 -20.416 -20.555 -20.708 -20.930 -21.232 -21.492 -21.845 -22.226 -22.533 -22.929 -23.303 -23.645 -24.005 -24.389 -24.782 -25.204 -25.420 -26.147 -27.494 -30.765 -31.617 -32.014 -31.580 -31.973 -32.465 -32.332 -32.391 -32.411 -31.638 -29.858 -28.778 -28.654 -29.737 -29.980 -30.073 -30.109 -30.090 -30.462 -31.102 -31.518 -32.058 -32.140 -31.630 -31.486 -31.335 -30.788 -30.254 -29.508 -27.878 -27.178 -24.103 -22.053 -20.936 -20.043 -19.259 -18.536
-18.680 -18.618 -18.662 -18.708 -18.714 -18.769 -18.860 -18.991 -19.063 -19.039 -18.989 -18.980 -19.052 -19.168 -19.306 -19.430 -19.591 -19.809 -20.130 -20.569 -20.929 -21.382 -21.805 -22.245 -22.703 -23.131 -23.873 -24.888 -24.830 -25.248 -26.555 -27.199 -26.826 -28.179 -31.665 -32.713 -32.078 -31.238 -31.784 -33.611 -32.262 -29.278 -27.053 -26.953 -27.868 -28.043 -29.189 -30.232 -31.212 -32.107 -33.065 -33.918 -34.738 -35.537 -36.067 -36.154 -35.728 -34.774 -33.369 -31.541 -29.392 -27.312 -25.860 -24.607 -22.585 -20.786 -19.365 -18.595 -17.402 -16.057 -14.506
-16.914 -16.914 -16.926 -16.938 -16.957 -17.001 -17.057 -17.134 -17.213 -17.233 -17.194 -17.135 -17.200 -17.254 -17.383 -17.518 -17.759 -18.023 -18.371 -18.698 -18.921 -19.158 -19.371 -20.234 -21.384 -21.928 -22.594 -22.868 -23.531 -24.172 -25.317 -27.306 -28.013 -28.103 -28.702 -29.353 -30.656 -32.573 -33.060 -32.457 -28.995 -26.476 -25.645 -25.302 -25.697 -25.014 -24.232 -24.177 -25.166 -26.799 -29.143 -31.656 -33.360 -34.751 -35.620 -35.964 -35.759 -35.158 -34.307 -33.029 -30.936 -27.964 -25.368 -22.646 -18.629 -17.033 -16.043 -15.116 -13.709 -12.060 -10.337
-15.495 -15.423 -15.324 -15.163 -15.078 -14.913 -14.918 -14.936 -15.163 -14.993 -14.842 -14.632 -14.604 -14.538 -14.405 -14.229 -14.116 -14.102 -14.243 -14.403 -14.438 -14.531 -16.357 -17.489 -18.462 -18.624 -18.418 -19.015 -19.597 -20.480 -20.873 -22.909 -24.805 -24.904 -27.568 -27.643 -28.420 -29.175 -30.078 -30.162 -29.201 -27.409 -26.450 -25.697 -24.888 -23.674 -22.313 -20.817 -18.743 -18.979 -21.830 -26.354 -29.603 -32.109 -33.729 -34.891 -35.571 -35.586 -34.588 -31.994 -28.671 -25.213 -22.747 -19.660 -15.543 -13.643 -12.225 -10.944 -9.664 -8.806 -7.715
-12.962 -12.147 -11.742 -11.580 -11.313 -11.146 -11.027 -11.167 -11.656 -11.745 -11.213 -10.406 -9.985 -9.865 -9.674 -9.963 -9.812 -9.632 -9.543 -9.703 -9.696 -9.934 -11.776 -12.574 -12.890 -14.413 -15.062 -16.269 -17.114 -17.625 -17.708 -18.605 -20.553 -22.453 -24.089 -23.448 -26.019 -28.366 -29.715 -30.408 -29.971 -30.070 -29.562 -28.034 -25.200 -23.418 -22.011 -19.810 -17.785 -15.665 -16.526 -19.329 -23.765 -28.168 -30.748 -32.554 -33.893 -34.059 -32.014 -27.759 -24.189 -21.672 -19.335 -15.314 -12.410 -10.514 -9.241 -8.123 -7.071 -5.920 -4.682
-10.344 -8.323 -7.280 -6.778 -6.201 -5.848 -6.815 -8.333 -7.805 -7.595 -7.491 -7.132 -6.859 -6.419 -5.840 -5.548 -5.064 -4.446 -4.460 -4.819 -5.792 -7.139 -8.763 -10.260 -10.187 -10.455 -12.102 -14.027 -14.779 -15.199 -15.868 -16.081 -16.820 -18.035 -19.930 -21.760 -22.584 -24.045 -26.420 -26.388 -26.988 -27.686 -27.778 -28.482 -26.754 -23.884 -21.656 -19.409 -17.198 -14.520 -13.605 -14.440 -19.337 -24.874 -28.421 -30.255 -31.045 -29.569 -24.148 -21.075 -18.290 -14.651 -11.364 -9.399 -8.246 -7.288 -6.490 -5.824 -5.074 -4.038 -2.894
-6.309 -5.227 -4.520 -3.253 -1.643 -0.827 -0.999 -1.200 -0.484 0.536 0.549 0.700 0.925 1.473 1.594 0.794 -0.838 -1.104 -1.022 -1.420 -2.406 -4.019 -6.131 -8.436 -10.368 -11.599 -13.354 -14.832 -15.618 -16.353 -16.637 -17.140 -17.573 -18.360 -19.706 -21.290 -22.380 -23.502 -25.400 -25.919 -26.997 -27.511 -27.307 -26.646 -25.022 -23.773 -22.610 -18.204 -14.856 -11.631 -11.183 -15.027 -19.885 -24.856 -27.256 -24.768 -20.348 -18.168 -12.689 -9.042 -7.511 -6.347 -6.437 -7.307 -8.214 -7.559 -5.383 -4.272 -3.904 -3.125 -2.191
-0.860 0.436 0.181 0.494 1.518 2.493 2.972 3.182 4.338 5.383 5.138 4.087 3.803 3.339 2.479 2.510 2.128 0.830 -0.819 -3.074 -5.252 -5.381 -5.643 -7.669 -10.018 -12.403 -15.091 -16.829 -17.631 -17.986 -18.032 -18.068 -18.049 -18.375 -19.102 -19.787 -20.578 -22.388 -24.274 -25.272 -26.106 -26.447 -26.208 -26.304 -26.238 -23.965 -19.072 -15.462 -12.168 -9.301 -7.944 -10.423 -19.007 -26.014 -25.445 -15.534 -9.674 -8.830 -8.283 -7.157 -5.949 -4.910 -4.615 -5.526 -7.535 -6.513 -4.171 -3.235 -2.833 -2.236 -1.506
2.756 3.400 3.830 3.838 3.325 3.817 4.374 4.656 5.240 6.408 4.699 6.672 5.850 5.375 3.519 0.066 -0.064 1.196 -0.016 -2.233 -4.523 -6.789 -7.281 -8.803 -11.498 -13.391 -15.728 -17.493 -19.497 -20.211 -20.468 -20.590 -20.187 -19.796 -19.723 -19.901 -20.774 -22.186 -23.750 -25.113 -26.109 -27.684 -27.941 -26.500 -24.391 -21.327 -17.210 -13.840 -10.619 -8.250 -7.084 -6.819 -11.143 -15.663 -16.604 -8.846 -7.858 -7.266 -6.271 -5.475 -4.584 -3.959 -3.423 -3.089 -2.777 -2.591 -2.485 -2.188 -1.788 -1.328 -0.753
6.118 6.405 6.213 6.354 6.148 6.382 6.889 6.940 7.402 7.533 9.051 11.255 11.694 12.298 12.112 10.913 8.067 4.451 1.815 -1.215 -3.492 -6.013 -7.014 -8.673 -11.412 -14.212 -16.337 -17.788 -19.939 -21.295 -21.937 -22.022 -21.991 -21.202 -20.813 -21.029 -21.761 -22.906 -24.165 -25.261 -25.948 -27.055 -27.327 -26.490 -24.162 -21.929 -19.816 -14.885 -11.345 -8.655 -6.872 -5.891 -5.483 -5.515 -6.224 -5.934 -5.701 -5.309 -4.454 -3.640 -2.825 -2.119 -1.439 -1.145 -0.999 -0.845 -0.737 -0.560 -0.413 -0.489 -0.499
7.754 8.118 8.234 8.248 8.578 8.847 9.322 9.469 9.539 10.330 11.060 11.854 12.225 12.140 12.230 12.067 11.596 10.375 8.237 2.925 -1.360 -4.507 -6.457 -7.642 -9.567 -12.098 -14.654 -16.866 -19.128 -21.064 -22.266 -22.665 -22.796 -22.369 -21.688 -21.828 -22.583 -23.194 -24.222 -25.293 -25.623 -25.586 -26.463 -25.929 -24.196 -22.566 -20.498 -16.651 -13.202 -10.427 -7.816 -5.751 -4.059 -3.214 -2.948 -2.896 -2.864 -2.500 -1.865 -1.124 -0.325 0.365 0.993 1.515 1.602 1.617 1.602 1.538 1.353 0.742 -0.534
8.231 8.623 8.854 9.001 9.155 9.395 9.741 10.088 10.561 11.047 11.425 11.680 11.781 11.963 12.126 12.111 11.815 11.137 10.280 8.726 3.804 -0.713 -2.916 -7.127 -10.063 -10.529 -11.858 -14.650 -17.006 -19.002 -20.733 -22.031 -23.533 -23.461 -23.466 -23.175 -22.884 -22.612 -22.641 -24.644 -24.879 -24.692 -25.448 -26.002 -25.245 -23.525 -21.079 -17.462 -14.469 -11.982 -9.573 -6.350 -3.620 -1.781 -0.725 -0.254 -0.137 0.045 0.463 1.172 1.960 2.660 3.267 3.712 3.955 3.995 3.854 3.414 2.178 2.047 1.474
7.653 8.066 8.267 8.553 8.730 8.942 9.151 9.413 9.744 10.269 10.757 11.043 11.197 11.317 11.450 11.616 11.615 11.566 10.859 10.057 8.325 2.184 -2.023 -3.594 -6.836 -9.945 -7.983 -9.114 -11.771 -14.382 -17.562 -19.986 -20.975 -22.008 -22.875 -23.176 -23.263 -22.862 -22.365 -22.901 -23.433 -23.562 -24.089 -23.815 -22.415 -20.858 -18.895 -16.385 -13.974 -11.220 -9.613 -6.671 -3.885 -1.420 0.582 1.924 2.530 2.792 3.067 3.690 4.339 4.855 5.311 5.617 5.823 5.910 5.813 5.414 4.674 4.341 3.435
6.858 7.297 7.545 7.811 7.977 8.102 8.289 8.548 8.850 9.321 9.826 10.159 10.445 10.664 10.863 11.138 11.365 11.595 11.619 11.163 10.370 8.483 6.208 1.297 -0.173 -2.353 -4.043 -3.531 -5.389 -7.948 -10.920 -14.163 -16.464 -17.683 -18.827 -20.260 -21.015 -21.425 -21.933 -22.258 -22.454 -22.483 -22.074 -20.685 -18.205 -16.081 -14.297 -12.732 -11.329 -9.032 -7.333 -6.081 -3.986 -1.564 1.062 3.193 4.449 4.953 5.213 5.691 6.178 6.549 6.846 7.089 7.246 7.388 7.518 7.517 7.230 6.848 6.175
6.235 6.744 7.021 7.293 7.524 7.693 7.834 8.023 8.289 8.641 9.046 9.392 9.620 9.876 10.153 10.558 11.014 11.479 11.958 12.238 12.017 11.047 9.735 6.366 6.456 3.093 -0.443 -1.370 -0.809 -1.462 -4.158 -6.436 -9.081 -11.249 -12.474 -13.934 -14.956 -16.110 -17.868 -18.710 -19.242 -18.849 -18.142 -17.573 -15.241 -12.767 -10.245 -8.839 -7.445 -6.208 -5.443 -4.443 -2.848 -0.573 2.084 4.280 5.450 6.014 6.477 6.881 7.322 7.644 7.803 7.977 8.135 8.441 8.752 9.027 9.142 9.082 8.686
6.353 6.807 7.162 7.454 7.727 7.898 8.026 8.190 8.463 8.741 9.047 9.428 9.667 9.883 10.099 10.476 11.035 11.660 12.371 12.849 12.723 12.081 10.579 6.591 5.776 5.352 2.402 0.189 -0.208 0.224 0.285 -0.355 -2.530 -5.245 -6.690 -7.546 -8.806 -10.070 -10.949 -11.943 -12.538 -12.425 -12.576 -11.883 -11.170 -9.767 -7.939 -6.129 -4.248 -2.806 -1.666 -1.030 0.135 2.169 4.289 5.719 6.391 6.782 7.254 7.622 7.993 8.276 8.472 8.763 9.183 9.758 10.108 10.403 10.073 8.919 9.371
7.446 7.663 7.968 8.327 8.589 8.764 8.839 8.971 9.176 9.436 9.757 10.073 10.333 10.511 10.727 11.119 11.648 12.350 12.959 13.507 13.386 12.516 11.088 7.934 7.460 5.638 6.485 2.716 2.056 0.142 2.875 2.368 1.227 -0.219 -1.748 -2.698 -3.620 -4.693 -5.349 -5.324 -6.391 -5.271 -5.655 -5.816 -5.669 -4.095 -2.038 -0.109 1.436 2.514 3.261 3.692 4.335 5.443 6.442 7.153 7.563 7.823 8.225 8.509 8.769 8.978 9.396 9.845 10.612 11.303 11.775 11.955 10.965 9.288 8.601
9.527 9.376 9.626 9.815 9.988 10.142 10.233 10.356 10.509 10.720 11.002 11.301 11.569 11.789 12.098 12.531 13.024 13.611 14.092 14.397 14.211 13.217 12.956 12.158 7.286 6.351 5.962 4.575 3.504 -0.687 4.548 5.131 4.462 3.229 2.286 1.116 0.676 -0.118 -0.398 -0.484 0.854 3.754 3.118 2.427 3.369 4.172 4.895 5.939 6.737 7.275 7.749 8.030 8.247 8.617 8.938 9.211 9.450 9.590 9.751 9.787 9.746 10.000 10.715 11.673 12.624 13.279 13.672 13.697 13.898 13.204 11.359
12.520 12.147 12.165 12.139 12.138 12.094 12.113 12.162 12.305 12.504 12.755 13.014 13.243 13.523 13.879 14.271 14.722 15.154 15.469 15.628 15.444 14.438 12.958 13.998 11.765 13.660 10.750 7.490 6.067 3.536 6.649 8.113 7.845 7.080 4.837 4.486 4.178 3.170 2.633 4.263 7.864 8.603 10.254 11.029 11.446 11.649 11.468 11.476 11.625 11.818 11.916 12.009 12.067 12.037 12.054 12.078 12.017 12.016 12.052 12.045 11.996 12.240 12.914 13.886 14.733 15.234 15.400 15.241 15.173 15.046 13.885
15.369 14.893 14.772 14.726 14.539 14.442 14.400 14.376 14.549 14.678 14.887 15.153 15.260 15.537 15.879 16.160 16.486 16.791 16.940 16.924 16.603 15.680 14.293 13.505 14.297 16.127 17.602 12.591 8.103 9.763 10.024 10.896 11.768 10.727 9.483 9.034 7.770 7.560 8.475 10.153 12.504 14.254 15.426 16.042 16.157 16.656 16.378 16.208 16.127 16.067 15.992 15.837 15.717 15.584 15.374 15.115 14.963 14.830 14.725 14.768 14.873 15.224 15.814 16.409 16.910 16.987 16.955 16.658 16.395 14.890 13.822
17.980 17.558 17.339 17.187 16.955 16.818 16.842 16.900 17.021 17.180 17.368 17.609 17.729 17.872 18.083 18.196 18.319 18.428 18.393 18.224 17.790 16.970 15.877 15.004 14.570 15.971 19.728 16.693 13.704 14.430 13.836 13.683 14.014 13.699 13.338 12.555 12.642 12.167 12.732 14.467 16.923 18.288 18.690 18.893 19.110 19.852 19.861 19.844 19.770 19.621 19.384 19.144 18.826 18.587 18.298 17.981 17.741 17.586 17.482 17.520 17.743 17.982 18.365 18.510 18.632 18.458 18.113 17.497 16.324 14.636 17.684
20.153 19.832 19.545 19.307 19.125 19.089 19.121 19.201 19.340 19.512 19.732 19.923 20.008 20.092 20.120 20.062 19.999 19.929 19.726 19.396 18.788 17.978 16.992 16.220 15.711 15.671 19.128 19.575 13.910 13.839 16.059 16.699 17.633 16.604 16.553 16.300 16.737 16.510 16.921 17.602 19.868 21.034 21.257 21.490 21.082 22.055 22.323 22.218 22.077 21.825 21.472 21.123 20.934 20.735 20.461 20.192 19.998 19.858 19.755 19.729 19.833 19.947 20.070 20.079 19.881 19.333 19.034 19.164 19.385 20.509 20.544
22.046 21.780 21.563 21.359 21.270 21.290 21.297 21.383 21.535 21.691 21.862 21.929 21.960 21.903 21.751 21.571 21.384 21.177 20.815 20.258 19.503 18.606 17.744 17.048 16.710 16.510 18.572 20.631 18.519 13.612 18.121 18.505 20.371 20.245 20.136 20.195 20.489 20.614 20.657 20.468 22.230 23.063 23.231 23.502 22.579 23.057 23.852 23.769 23.630 23.325 22.953 22.554 22.453 22.343 22.185 22.031 21.813 21.636 21.465 21.322 21.375 21.352 21.135 21.101 20.483 19.826 20.464 20.681 20.576 21.140 21.002
23.551 23.383 23.277 23.230 23.207 23.239 23.266 23.349 23.522 23.689 23.599 23.405 23.246 23.049 22.836 22.573 22.317 22.011 21.519 20.899 20.023 19.072 18.230 17.700 17.529 17.740 18.661 21.000 21.823 17.917 15.400 16.301 19.989 21.899 22.461 22.653 22.956 23.242 23.180 23.195 23.939 24.499 24.747 24.823 24.209 23.805 24.846 24.938 24.736 24.390 24.124 23.814 23.631 23.525 23.499 23.353 23.126 22.891 22.582 22.323 22.177 21.845 21.417 21.030 19.906 20.511 22.163 22.447 22.655 22.851 22.598
24.990 24.801 24.699 24.684 24.678 24.693 24.760 24.815 24.936 24.785 24.625 24.257 23.987 23.780 23.545 23.312 22.989 22.593 22.085 21.415 20.595 19.782 19.102 18.805 18.872 19.375 20.220 21.404 22.556 21.875 17.071 15.644 17.917 21.698 23.101 23.854 23.877 24.432 24.499 24.484 24.675 24.811 25.553 25.548 24.970 24.657 25.543 25.745 25.647 25.278 25.046 24.832 24.563 24.159 23.965 23.926 23.750 23.453 23.100 22.780 22.507 22.073 21.640 21.033 19.981 22.560 24.150 23.829 23.800 23.838 24.039
25.700 25.484 25.430 25.441 25.423 25.345 25.330 25.308 25.309 24.749 24.676 24.459 24.202 23.971 23.770 23.538 23.197 22.838 22.432 21.887 21.323 20.797 20.418 20.324 20.479 21.226 22.034 23.015 23.780 23.993 21.287 19.399 17.088 20.622 23.923 24.444 23.634 25.282 25.511 25.694 25.911 25.708 26.119 24.016 24.894 25.188 26.045 26.105 25.988 25.848 25.468 25.200 24.938 24.547 24.309 24.158 24.009 23.666 23.297 22.978 22.675 22.190 21.719 21.313 20.800 23.752 27.014 25.734 25.268 24.602 24.753
25.914 25.767 25.708 25.626 25.529 25.388 25.253 25.118 24.991 24.832 24.623 24.351 24.154 23.950 23.774 23.508 23.213 22.963 22.688 22.424 22.226 22.098 22.050 22.233 22.576 23.150 23.763 24.396 24.907 25.352 25.969 25.802 24.227 22.445 23.771 21.561 23.826 24.567 25.580 26.019 26.208 26.284 26.145 25.349 25.407 26.152 26.392 26.024 25.922 25.829 25.515 25.311 24.896 24.611 24.330 24.039 23.922 23.690 23.410 23.170 22.966 22.625 22.287 22.198 22.210 25.423 27.573 27.521 26.581 25.341 25.281
25.956 25.794 25.723 25.632 25.518 25.364 25.200 25.032 24.835 24.697 24.549 24.374 24.210 24.043 23.904 23.651 23.462 23.328 23.210 23.175 23.195 23.282 23.484 23.758 24.111 24.478 24.859 25.276 25.723 26.076 26.513 26.679 26.619 26.306 26.361 24.747 24.231 23.381 25.196 26.272 26.404 26.229 25.706 25.701 26.453 26.685 26.465 25.988 25.721 25.641 25.510 25.391 25.105 24.763 24.567 24.224 24.152 24.052 23.827 23.613 23.499 23.396 23.239 23.197 23.287 25.527 26.940 26.782 25.685 25.659 25.884
26.105 25.853 25.766 25.666 25.544 25.455 25.355 25.261 25.128 24.897 24.753 24.639 24.453 24.348 24.274 24.058 23.981 23.937 23.823 23.884 23.993 24.072 24.330 24.557 24.810 25.096 25.370 25.579 25.935 26.263 26.431 26.487 26.433 26.469 26.701 26.785 26.790 25.898 25.281 26.611 26.565 25.965 25.283 26.892 25.665 25.974 26.135 25.997 25.874 25.737 25.630 25.519 25.355 25.063 24.884 24.582 24.518 24.437 24.274 24.144 24.037 24.020 23.989 23.939 24.280 25.047 24.469 24.742 24.924 24.877 25.546
