data-raw/tempfiles/14_grid_data_14000BP.asc
ncols 144
nrows 72
xllcorner -180
yllcorner -90
cellsize 2.5
nodata_value -9999
[rows 32 to 63 of 72, columns 71 to 141 of 144]
25.508 24.901 24.645 25.000 24.275 24.709 24.747 25.273 25.674 25.278 24.075 24.587 25.020 24.951 23.242 17.301 15.897 19.965 21.625 23.918 24.663 25.175 25.303 25.654 25.998 26.219 26.473 26.735 26.778 26.757 26.718 26.010 26.738 26.881 27.166 26.914 26.766 26.560 26.499 26.504 25.953 25.660 25.417 25.438 26.328 26.610 26.754 26.921 26.839 26.757 25.815 26.096 26.954 27.021 26.961 26.936 27.022 27.094 27.073 26.914 26.950 27.078 26.970 26.805 26.764 26.775 26.788 26.848 26.943 26.775 26.508
25.078 25.345 25.089 24.754 23.838 21.978 21.975 23.389 24.451 24.167 24.079 24.458 24.473 25.062 25.767 21.070 18.080 22.798 25.280 25.889 26.043 25.174 25.548 25.805 26.067 26.212 26.385 26.581 26.692 26.764 26.784 26.835 26.716 26.171 27.003 26.916 26.899 26.794 26.704 26.230 26.254 24.374 25.093 25.599 26.306 26.397 26.647 25.423 26.291 26.680 26.205 26.241 26.853 26.863 26.828 26.807 26.828 26.767 26.501 26.680 27.033 26.991 26.959 26.815 26.864 26.930 26.905 26.880 26.926 26.810 26.620
25.551 25.556 25.488 25.029 23.929 22.629 22.040 22.863 23.662 23.345 22.931 23.139 22.833 23.799 25.305 27.006 22.961 25.128 26.123 26.544 25.401 25.489 25.680 25.847 26.020 26.137 26.310 26.467 26.612 26.661 26.649 26.587 26.585 26.601 26.671 26.688 26.740 26.740 26.657 24.868 24.636 24.258 24.204 24.751 25.185 25.298 25.127 23.898 26.193 26.642 26.640 26.618 26.743 26.779 26.695 26.359 26.286 26.583 26.792 26.978 27.111 27.074 26.999 26.863 26.873 26.954 26.892 26.860 26.934 26.984 26.914
25.344 25.322 25.280 25.179 24.937 22.910 22.604 23.426 23.715 23.533 23.167 22.535 21.091 21.232 22.797 22.473 24.654 26.865 26.491 25.725 25.486 25.477 25.611 25.799 25.965 26.088 26.244 26.373 26.483 26.564 26.561 26.473 26.402 26.373 26.407 26.450 26.501 26.435 26.315 26.200 24.731 24.569 24.106 23.937 23.795 24.180 23.541 23.748 25.895 25.619 26.105 26.539 26.302 26.670 26.583 26.776 26.743 26.843 26.885 26.955 27.095 27.163 27.009 26.851 26.837 26.900 26.896 26.935 27.042 27.172 27.167
24.744 24.735 24.727 24.669 24.841 23.586 22.914 23.808 23.703 23.608 23.185 22.236 20.025 19.925 21.247 19.905 24.330 26.257 25.514 25.638 25.606 25.567 25.619 25.760 25.877 25.934 26.009 26.114 26.270 26.370 26.341 26.257 26.206 26.225 26.233 26.197 26.151 26.105 26.041 25.943 25.491 23.816 24.072 23.688 23.548 24.002 24.593 25.299 25.467 24.580 26.306 26.685 26.515 25.924 25.099 26.232 26.211 26.556 26.667 26.712 26.941 27.122 27.072 26.901 26.849 26.933 26.928 26.974 27.037 27.139 27.261
24.426 24.366 24.371 24.405 24.768 23.691 22.883 23.672 23.924 23.715 23.357 22.849 20.532 21.297 22.876 22.107 24.065 25.417 25.767 25.888 25.651 25.561 25.566 25.666 25.757 25.774 25.805 25.850 25.982 26.194 26.219 26.113 26.058 26.071 26.053 26.018 25.909 25.907 25.927 25.804 25.870 25.190 24.121 24.312 23.951 24.407 24.891 25.569 25.829 25.154 26.738 26.362 26.340 26.477 25.597 22.364 21.603 23.401 25.244 26.482 26.878 26.458 26.833 26.837 26.729 26.809 26.840 26.837 26.880 26.993 27.136
23.827 23.653 23.572 23.728 24.013 23.924 23.453 22.781 22.621 23.237 23.270 23.413 22.416 22.054 22.138 22.034 24.194 25.361 25.742 25.847 25.644 25.462 25.473 25.559 25.647 25.687 25.694 25.700 25.823 26.017 26.083 26.004 25.968 25.880 25.898 25.906 25.844 25.832 25.847 25.892 26.135 26.110 25.621 24.992 24.277 24.585 25.128 26.094 26.791 27.175 27.068 26.889 26.844 26.826 26.676 26.178 25.404 23.343 19.286 21.402 25.542 25.625 26.688 26.417 26.571 26.609 26.673 26.671 26.678 26.764 26.908
22.951 22.655 22.477 22.693 23.083 23.616 24.054 22.231 21.859 21.996 22.108 22.705 21.587 20.968 20.402 20.725 23.483 25.208 25.525 25.700 25.528 25.399 25.441 25.508 25.562 25.578 25.539 25.541 25.698 25.854 25.898 25.751 25.765 25.735 25.689 25.720 25.749 25.762 25.765 25.833 25.978 26.082 26.158 26.011 25.786 25.733 25.740 26.379 26.691 26.920 26.855 26.697 27.107 27.042 26.694 26.038 25.156 24.353 23.922 23.199 23.841 26.194 26.570 26.514 26.352 26.145 26.493 26.492 26.503 26.535 26.632
21.878 21.687 21.489 21.428 21.735 22.452 21.953 19.567 20.833 21.635 21.652 21.124 21.542 20.877 20.177 21.383 22.576 25.317 25.827 25.773 25.455 25.344 25.391 25.437 25.399 25.347 25.323 25.317 25.443 25.517 25.530 25.259 25.414 25.436 25.467 25.482 25.515 25.554 25.580 25.600 25.615 25.656 25.661 25.925 26.106 26.352 26.675 26.790 27.085 27.232 27.219 27.196 26.997 27.214 26.849 26.477 25.842 25.351 24.415 25.143 25.083 25.842 26.252 26.319 26.209 26.102 26.222 26.177 26.163 26.223 26.345
21.004 20.913 20.721 20.467 20.331 21.076 22.235 19.707 20.360 21.551 22.257 21.662 21.031 21.847 20.918 21.625 22.637 25.371 25.605 25.477 23.503 24.963 25.410 25.288 25.142 25.052 25.000 24.979 25.002 25.005 24.929 24.747 24.891 24.971 25.017 25.051 25.043 25.050 25.068 25.094 25.003 25.041 25.183 25.329 25.484 25.734 26.078 26.413 26.804 27.019 27.101 26.971 27.192 27.551 26.969 26.962 26.479 26.152 25.082 25.159 25.424 25.680 25.874 25.915 25.803 25.802 25.761 25.571 25.600 25.760 25.968
20.501 20.365 20.145 19.730 19.105 21.326 23.809 23.059 21.686 22.382 23.152 21.841 21.882 22.208 23.618 23.283 24.401 25.415 25.156 25.095 21.765 24.553 25.150 24.990 24.796 24.690 24.591 24.516 24.440 24.353 24.193 24.241 24.250 24.259 24.215 24.189 24.172 24.135 24.109 24.158 24.083 24.134 24.265 24.372 24.723 25.071 25.491 25.960 26.399 26.497 26.957 26.436 27.628 27.442 26.822 26.449 26.087 26.115 24.919 24.081 24.937 25.056 25.182 25.167 25.093 25.119 25.060 24.762 24.699 24.950 25.251
20.260 19.958 19.810 19.384 18.591 19.032 22.281 22.420 21.769 22.358 22.969 22.321 20.912 19.612 22.305 24.492 24.976 25.061 24.394 21.231 21.106 24.664 24.925 24.619 24.221 24.090 23.975 23.877 23.730 23.609 23.400 23.433 23.409 23.218 23.096 23.084 22.964 22.918 22.835 22.825 22.743 22.841 22.816 23.230 23.604 24.118 24.749 25.421 25.672 26.370 26.837 26.696 25.922 25.988 25.805 25.722 25.605 26.128 23.561 22.911 24.171 24.175 24.250 24.167 24.061 24.107 24.117 23.913 23.664 23.840 24.168
20.016 19.640 19.351 19.107 18.576 17.575 20.182 20.212 19.829 21.560 22.615 22.153 21.464 22.952 23.969 24.195 24.694 24.341 23.877 20.967 22.579 24.133 24.384 23.934 23.668 23.309 23.160 23.010 22.872 22.707 22.596 22.429 22.277 22.099 21.929 21.822 21.667 21.538 21.312 21.337 21.205 21.240 21.303 21.772 22.171 22.775 23.803 25.340 25.185 25.345 25.310 24.891 24.317 23.496 23.097 23.518 23.901 24.539 23.705 23.268 22.703 23.052 23.272 23.109 22.948 22.964 22.855 22.482 22.661 22.723 22.943
19.726 19.401 18.951 18.455 18.232 17.119 17.433 20.048 19.883 20.527 20.894 20.893 20.777 22.874 24.934 23.811 23.820 23.659 23.384 21.406 23.410 23.581 23.506 23.204 22.839 22.469 22.263 22.094 22.007 21.843 21.539 21.350 21.129 20.940 20.743 20.601 20.453 20.185 19.858 19.858 19.497 19.443 19.566 20.085 20.686 21.319 23.282 23.519 23.086 23.603 24.165 23.670 22.521 21.291 21.116 22.771 23.469 23.504 22.952 21.878 21.544 21.608 22.252 22.171 21.897 21.792 21.838 21.789 21.626 21.602 21.666
19.185 18.950 18.613 18.234 18.124 17.360 16.611 19.722 19.933 20.371 19.206 18.122 17.494 19.979 23.380 22.778 22.647 22.611 23.012 22.742 22.611 22.189 22.051 21.892 21.522 21.236 21.012 20.898 20.855 20.680 20.267 20.150 20.000 19.775 19.538 19.164 18.847 18.582 18.481 18.285 17.630 17.651 17.763 18.356 18.991 19.674 21.437 21.779 21.563 21.834 21.899 21.160 19.421 19.316 20.851 22.011 22.339 22.017 21.483 20.614 19.837 19.651 20.785 21.188 20.818 20.616 20.460 20.339 20.204 20.189 20.287
18.348 18.071 17.882 17.789 17.669 17.357 16.439 18.497 19.459 19.347 17.735 16.949 15.124 19.911 21.993 21.603 21.489 21.312 21.296 21.165 20.964 20.440 19.892 19.496 19.612 19.343 19.358 19.050 19.238 19.205 19.026 18.717 18.403 17.631 16.468 15.803 15.647 15.602 15.921 15.908 15.454 15.528 16.308 16.858 17.337 18.072 19.252 19.772 19.185 19.633 19.670 20.045 19.134 18.947 19.660 20.791 20.734 20.813 20.723 20.084 19.729 17.170 19.326 20.208 19.820 19.414 19.143 18.823 18.696 18.726 18.823
17.093 16.923 16.950 16.971 16.893 16.889 16.750 16.515 18.150 17.625 17.000 15.810 17.189 20.434 20.414 19.989 19.867 19.637 19.503 19.365 18.970 17.901 17.867 17.761 17.917 17.873 17.689 17.239 16.962 17.489 17.339 16.652 15.134 14.360 14.208 14.117 13.987 13.856 13.673 13.632 13.606 13.691 14.533 15.285 15.574 16.294 17.381 17.719 17.447 17.825 18.689 19.439 18.812 18.387 18.346 18.561 18.070 18.676 18.522 18.168 17.494 15.496 18.916 19.170 18.850 18.463 18.076 17.698 17.421 17.241 17.279
15.335 15.225 15.354 15.616 15.603 15.778 16.014 16.055 16.746 17.450 18.179 18.575 18.581 18.615 18.439 18.064 17.985 17.824 17.675 16.998 16.278 16.271 16.448 16.322 15.960 15.932 15.342 14.841 14.802 15.361 14.871 13.428 12.597 12.490 12.457 12.257 12.073 11.955 11.917 11.863 11.857 12.000 12.456 13.163 13.690 14.482 15.584 15.914 16.141 16.375 16.307 15.332 15.171 15.211 15.901 17.073 16.790 17.364 17.056 16.069 14.409 16.799 18.070 17.887 17.548 17.171 16.726 16.358 15.901 15.555 15.485
13.597 13.533 13.407 13.420 13.582 13.954 14.443 15.084 15.686 16.222 16.534 16.818 16.740 16.603 16.391 16.332 16.205 15.962 15.631 14.941 14.671 14.720 14.571 14.397 14.230 14.427 14.214 13.830 13.511 12.488 11.881 11.284 11.449 11.660 11.171 10.490 10.324 10.370 10.685 10.657 10.457 10.684 11.117 11.411 11.840 12.356 13.068 13.539 13.594 13.372 13.237 13.240 13.319 13.469 13.672 14.075 14.599 14.956 14.573 13.542 12.368 15.375 16.176 16.114 15.900 15.531 15.114 14.779 14.375 14.067 13.658
11.099 11.253 11.147 11.166 11.271 11.672 12.321 13.099 13.873 14.079 14.217 14.016 13.790 13.707 13.695 13.434 13.362 13.201 12.980 13.066 13.160 13.101 13.218 13.131 13.252 13.245 13.150 12.718 12.171 11.230 10.521 11.185 11.658 11.518 11.268 10.791 10.174 9.931 9.757 9.075 9.137 9.640 9.959 10.019 10.160 10.329 10.726 11.165 11.132 11.102 11.137 11.198 11.387 11.553 11.668 12.068 12.523 13.108 13.287 12.885 13.276 13.568 13.816 13.806 13.630 13.312 13.037 12.944 12.940 12.926 12.067
8.467 8.575 8.588 8.559 8.541 8.839 9.265 9.957 10.522 10.486 10.554 10.473 10.453 10.568 10.396 10.331 10.227 9.992 9.807 9.944 10.008 9.992 10.459 10.836 11.296 11.534 11.517 11.247 11.022 10.594 10.040 9.488 9.472 9.733 9.723 9.430 9.295 9.208 9.001 8.702 8.816 8.852 8.715 8.629 8.567 8.542 8.581 8.763 8.947 9.185 9.255 9.161 9.259 9.633 9.769 10.060 10.506 10.962 11.157 10.387 11.269 11.716 11.763 11.650 11.550 11.381 11.346 11.409 11.652 10.350 9.925
6.321 6.153 6.142 5.842 5.954 5.966 6.226 6.405 6.497 6.753 6.831 6.937 7.082 7.225 7.101 6.946 6.911 6.636 6.555 6.582 6.570 6.595 7.020 7.730 8.419 8.957 9.249 9.050 8.867 8.958 8.852 8.631 8.143 7.752 7.517 7.367 7.479 7.421 7.225 7.197 7.240 7.292 7.249 7.311 7.382 7.344 7.299 7.230 7.364 7.694 7.760 7.728 7.745 7.902 7.979 8.215 8.623 8.944 9.358 9.631 9.837 9.847 9.699 9.581 9.583 9.634 9.834 9.672 7.189 6.896 9.382
3.974 3.930 3.783 3.351 3.080 2.982 3.122 3.360 3.527 3.545 3.444 3.617 4.049 4.205 4.194 4.107 4.210 4.307 4.286 4.217 4.082 4.054 4.263 4.643 5.164 5.649 5.923 5.887 5.909 6.067 6.204 6.227 5.967 5.692 5.663 5.800 5.639 5.096 4.989 4.820 4.726 4.862 5.146 5.211 5.304 5.461 5.540 5.668 5.630 5.869 6.215 6.293 6.343 6.483 6.504 6.448 6.802 7.082 7.295 7.598 7.682 7.704 7.655 7.671 7.768 8.008 8.382 7.808 6.515 8.106 8.205
1.753 1.737 1.695 1.501 1.271 1.077 0.989 1.026 0.981 0.987 0.925 1.144 1.558 1.811 1.966 2.011 2.069 2.278 2.409 2.442 2.417 2.381 2.304 2.355 2.595 2.888 3.171 3.305 3.275 3.514 3.409 3.264 3.167 3.084 3.157 3.072 2.873 3.068 3.275 2.822 2.556 2.747 2.896 2.835 2.723 2.999 3.311 3.537 3.667 3.768 4.209 4.435 4.546 4.659 4.716 4.703 4.725 5.034 5.135 5.305 5.524 5.660 5.749 5.881 6.009 6.272 6.548 6.730 6.670 6.340 6.187
-0.519 -0.485 -0.564 -0.733 -0.940 -1.129 -1.173 -1.199 -1.230 -1.276 -1.238 -1.074 -0.774 -0.431 -0.178 0.001 0.201 0.296 0.357 0.446 0.498 0.517 0.409 0.321 0.439 0.631 0.962 1.224 1.329 1.390 1.123 0.840 0.609 0.505 0.489 0.588 0.611 0.823 0.887 0.605 0.271 0.282 0.402 0.458 0.436 0.405 0.653 0.896 1.171 1.400 1.729 2.107 2.336 2.286 2.153 2.373 2.443 2.560 2.688 2.841 3.160 3.454 3.696 3.861 4.073 4.298 4.533 4.662 4.730 4.582 4.419
-2.744 -2.761 -2.825 -2.952 -3.148 -3.288 -3.283 -3.226 -3.220 -3.186 -3.082 -2.876 -2.546 -2.201 -1.925 -1.683 -1.583 -1.538 -1.582 -1.616 -1.505 -1.458 -1.543 -1.580 -1.519 -1.234 -0.981 -0.806 -0.782 -0.845 -1.179 -1.563 -1.925 -2.088 -1.973 -1.741 -1.669 -1.508 -1.626 -1.852 -1.916 -1.792 -1.857 -1.975 -2.028 -2.142 -1.872 -1.542 -1.261 -0.992 -0.727 -0.463 -0.346 -0.329 -0.317 -0.127 -0.120 -0.113 -0.033 0.163 0.509 0.925 1.270 1.404 1.505 1.957 2.359 2.635 2.669 2.627 2.557
-4.801 -4.870 -4.957 -5.061 -5.159 -5.141 -5.067 -4.908 -4.817 -4.700 -4.360 -4.013 -3.704 -3.443 -3.267 -3.030 -2.997 -2.990 -2.986 -3.153 -3.227 -3.307 -3.454 -3.496 -3.503 -3.334 -3.169 -3.057 -3.048 -3.177 -3.506 -3.910 -4.264 -4.426 -4.391 -4.194 -4.082 -4.071 -4.115 -4.205 -4.336 -4.416 -4.465 -4.440 -4.431 -4.439 -4.308 -4.086 -3.944 -3.676 -3.539 -3.411 -3.360 -3.229 -2.969 -2.813 -2.686 -2.697 -2.757 -2.616 -2.366 -1.982 -1.509 -1.283 -1.258 -0.911 -0.211 0.268 0.520 0.583 0.554
-6.812 -6.855 -6.920 -7.093 -7.087 -6.882 -6.733 -6.596 -6.389 -6.025 -5.695 -5.420 -5.093 -5.097 -5.095 -4.939 -4.983 -4.973 -5.022 -5.226 -5.366 -5.512 -5.787 -6.041 -6.073 -5.889 -5.794 -5.648 -5.806 -6.150 -6.547 -6.933 -7.182 -7.286 -7.281 -6.922 -6.709 -6.816 -7.086 -7.142 -7.107 -7.090 -6.971 -6.892 -6.748 -6.628 -6.510 -6.444 -6.252 -6.157 -6.079 -5.952 -5.854 -5.795 -5.556 -5.497 -5.504 -5.280 -5.286 -5.388 -5.224 -5.011 -4.725 -4.295 -4.131 -3.903 -3.296 -2.774 -2.423 -2.228 -2.187
-8.636 -8.529 -8.476 -8.787 -8.843 -8.568 -8.448 -8.234 -8.021 -7.912 -7.746 -7.502 -7.375 -7.400 -7.298 -7.281 -7.225 -7.280 -7.451 -7.625 -7.906 -8.369 -8.818 -9.152 -9.374 -9.267 -9.339 -9.368 -9.594 -9.753 -9.927 -10.046 -10.016 -10.079 -10.194 -10.211 -10.123 -10.192 -10.288 -10.330 -10.228 -10.057 -9.791 -9.581 -9.422 -9.239 -8.982 -8.919 -8.687 -8.587 -8.438 -8.278 -8.139 -8.087 -8.130 -8.220 -8.370 -8.322 -8.367 -8.502 -8.509 -8.482 -8.337 -7.780 -7.455 -7.299 -6.923 -6.656 -6.418 -6.142 -5.744
-10.663 -10.541 -10.411 -10.366 -10.442 -10.584 -10.705 -10.630 -10.563 -10.471 -10.375 -10.316 -10.313 -10.278 -10.237 -10.332 -10.179 -10.282 -10.589 -10.767 -11.308 -11.905 -12.308 -12.868 -13.372 -13.334 -13.708 -13.950 -14.103 -14.160 -14.086 -14.020 -13.908 -13.828 -13.947 -14.227 -14.362 -14.376 -14.422 -14.561 -14.528 -14.339 -13.870 -13.418 -13.047 -12.819 -12.710 -12.624 -12.218 -11.817 -11.638 -11.648 -11.610 -11.630 -11.850 -12.024 -12.227 -12.259 -12.251 -12.392 -12.393 -12.327 -12.299 -12.116 -12.106 -11.985 -11.665 -11.364 -11.063 -10.708 -10.345
-13.168 -12.799 -12.782 -12.784 -12.668 -12.913 -13.272 -13.284 -13.251 -13.066 -13.065 -13.061 -12.985 -12.940 -12.859 -12.717 -12.775 -13.014 -13.223 -14.043 -15.135 -18.707 -21.811 -19.313 -17.798 -18.089 -18.391 -18.126 -18.071 -18.321 -17.889 -17.824 -17.132 -16.745 -18.108 -19.296 -19.599 -19.574 -19.926 -21.936 -21.482 -21.739 -21.870 -19.570 -17.393 -18.708 -19.043 -17.118 -15.973 -16.446 -17.357 -17.913 -17.638 -19.721 -20.686 -20.129 -19.995 -18.538 -17.349 -16.583 -16.265 -16.390 -16.323 -16.023 -16.084 -15.762 -15.557 -14.915 -14.902 -14.624 -14.159
-16.188 -15.811 -15.267 -15.024 -14.728 -14.775 -15.323 -15.267 -14.925 -14.790 -14.798 -14.680 -14.548 -15.121 -16.601 -15.926 -15.263 -18.425 -23.410 -25.911 -27.330 -30.539 -32.852 -32.264 -31.791 -30.738 -29.247 -26.342 -24.233 -22.296 -20.177 -19.151 -21.519 -25.418 -27.772 -29.313 -30.295 -31.566 -32.676 -33.222 -32.882 -32.889 -33.522 -33.048 -31.351 -29.546 -28.305 -27.558 -27.441 -28.504 -30.175 -30.936 -31.116 -32.141 -33.679 -34.088 -33.233 -30.704 -27.646 -25.409 -24.544 -23.500 -23.413 -22.237 -20.688 -19.308 -19.362 -18.725 -18.242 -17.915 -17.723
