data-raw/tempfiles/14_grid_data_14000BP.asc
ncols 144
nrows 72
xllcorner -180
yllcorner -90
cellsize 2.5
nodata_value -9999
[rows 0 to 31 of 72, columns 71 to 141 of 144]
-23.068 -23.162 -23.215 -23.301 -23.212 -23.168 -22.682 -22.432 -22.197 -22.178 -22.170 -22.120 -22.070 -22.086 -22.000 -21.980 -21.972 -21.968 -21.934 -21.951 -21.961 -21.930 -21.905 -21.915 -21.941 -21.966 -21.937 -21.954 -21.992 -22.029 -22.046 -22.028 -22.054 -22.093 -22.142 -22.155 -22.165 -22.194 -22.231 -22.247 -22.323 -22.403 -22.472 -22.515 -22.550 -22.596 -22.610 -22.616 -22.671 -22.681 -22.693 -22.691 -22.663 -22.643 -22.677 -22.656 -22.633 -22.697 -22.720 -22.733 -22.719 -22.687 -22.656 -22.670 -22.661 -22.648 -22.625 -22.582 -22.577 -22.556 -22.527
-22.008 -21.917 -21.816 -21.669 -21.527 -21.490 -21.432 -21.382 -21.404 -21.403 -21.448 -21.471 -21.438 -21.501 -21.525 -21.570 -21.628 -21.660 -21.684 -21.741 -21.772 -21.799 -21.862 -21.902 -21.928 -21.914 -21.907 -21.901 -21.897 -21.897 -21.886 -21.869 -21.884 -21.892 -21.906 -21.883 -21.862 -21.855 -21.850 -21.868 -21.877 -21.890 -21.890 -21.881 -21.875 -21.875 -21.840 -21.807 -21.806 -21.791 -21.771 -21.726 -21.727 -21.689 -21.648 -21.651 -21.626 -21.629 -21.618 -21.594 -21.580 -21.526 -21.480 -21.461 -21.475 -21.459 -21.450 -21.469 -21.488 -21.511 -21.530
-20.903 -20.672 -20.364 -20.139 -20.040 -19.952 -19.835 -19.863 -19.935 -20.040 -20.208 -20.417 -20.513 -20.691 -20.952 -21.121 -21.298 -21.466 -21.612 -21.744 -21.861 -21.923 -21.968 -21.974 -21.985 -21.966 -21.982 -21.986 -21.981 -21.983 -21.970 -21.955 -21.924 -21.887 -21.847 -21.788 -21.727 -21.676 -21.617 -21.584 -21.488 -21.403 -21.345 -21.282 -21.243 -21.213 -21.166 -21.132 -21.097 -21.081 -21.070 -21.023 -21.034 -21.000 -20.913 -20.870 -20.840 -20.771 -20.722 -20.681 -20.646 -20.588 -20.552 -20.509 -20.475 -20.404 -20.353 -20.281 -20.086 -20.064 -20.085
-17.779 -17.020 -16.309 -15.839 -15.789 -15.849 -16.512 -16.978 -17.849 -18.481 -19.122 -19.500 -19.794 -20.145 -20.536 -20.902 -21.192 -21.368 -21.569 -21.660 -21.739 -21.897 -21.975 -22.008 -22.004 -22.049 -22.171 -22.259 -22.313 -22.400 -22.429 -22.436 -22.458 -22.408 -22.350 -22.298 -22.398 -22.585 -23.898 -23.045 -21.548 -20.979 -20.864 -20.818 -20.728 -20.575 -20.464 -20.326 -20.174 -20.134 -20.086 -20.016 -19.990 -19.887 -19.814 -19.793 -19.740 -19.706 -19.686 -19.597 -19.515 -19.442 -19.348 -19.177 -19.027 -18.840 -18.781 -18.889 -19.050 -19.222 -19.331
-12.802 -11.418 -10.349 -9.829 -10.235 -11.914 -14.646 -17.131 -18.111 -18.265 -18.996 -19.138 -19.448 -19.864 -20.173 -20.584 -20.970 -21.118 -21.276 -21.325 -21.218 -21.233 -21.124 -21.052 -20.929 -20.851 -20.829 -20.884 -21.090 -21.224 -21.418 -21.588 -21.799 -21.971 -22.092 -22.202 -22.213 -22.324 -23.076 -23.462 -22.497 -22.964 -22.467 -20.753 -20.320 -20.337 -20.155 -19.944 -19.798 -19.644 -19.534 -19.418 -19.255 -19.113 -19.048 -19.010 -19.030 -19.100 -19.113 -19.101 -19.029 -18.967 -18.906 -18.825 -18.628 -18.371 -18.091 -18.012 -18.239 -18.393 -18.479
-8.894 -7.867 -7.207 -6.972 -7.085 -7.599 -8.473 -10.277 -12.004 -14.221 -15.491 -16.187 -16.717 -17.239 -17.860 -18.386 -18.802 -19.046 -19.092 -19.212 -19.418 -19.506 -19.372 -19.439 -19.758 -19.723 -19.811 -19.782 -19.644 -19.809 -20.057 -20.329 -20.484 -20.796 -20.966 -21.039 -21.146 -21.280 -21.666 -21.706 -21.710 -22.374 -22.830 -22.255 -22.326 -22.046 -20.268 -19.571 -19.532 -19.401 -19.143 -18.845 -18.671 -18.469 -18.261 -18.299 -19.132 -19.097 -18.944 -18.387 -18.385 -18.384 -18.251 -18.237 -18.022 -17.636 -16.934 -16.761 -16.911 -16.988 -16.946
-6.665 -5.810 -5.225 -5.053 -5.031 -5.241 -5.547 -5.939 -6.829 -8.883 -10.201 -10.733 -11.367 -12.063 -12.801 -13.649 -14.353 -14.779 -15.033 -15.536 -16.241 -17.107 -18.613 -19.901 -18.859 -18.087 -17.524 -17.249 -17.348 -17.631 -17.536 -17.856 -18.131 -19.142 -19.823 -19.907 -20.449 -20.738 -20.963 -20.929 -20.668 -20.277 -20.025 -19.925 -19.959 -19.962 -19.564 -19.560 -19.244 -18.763 -18.499 -18.481 -17.919 -17.557 -17.555 -17.489 -17.595 -17.861 -17.687 -17.441 -17.417 -17.313 -17.192 -17.192 -17.176 -17.041 -16.715 -16.220 -15.812 -15.575 -15.425
-3.597 -2.664 -2.119 -1.835 -1.603 -1.634 -1.630 -1.768 -2.260 -4.100 -6.069 -7.146 -8.206 -7.982 -8.441 -9.301 -10.108 -10.956 -11.807 -12.717 -13.856 -15.151 -17.040 -17.106 -16.518 -16.028 -15.508 -15.316 -16.552 -16.553 -15.476 -16.398 -17.209 -17.326 -17.312 -17.143 -17.088 -17.352 -17.624 -17.707 -17.756 -17.859 -18.075 -18.422 -18.551 -18.184 -17.754 -17.495 -17.335 -17.547 -17.766 -18.109 -17.604 -16.620 -17.107 -16.867 -16.617 -16.928 -16.670 -16.569 -16.580 -16.129 -15.745 -15.737 -15.692 -14.901 -14.694 -14.454 -13.950 -13.432 -13.197
-1.827 -0.943 -0.310 0.076 0.333 0.412 -0.011 -3.132 -6.731 -8.162 -8.372 -8.491 -8.822 -8.751 -8.663 -8.411 -7.961 -8.715 -10.125 -10.926 -11.791 -12.240 -12.737 -13.109 -13.331 -13.820 -14.063 -13.423 -13.555 -13.950 -13.021 -13.660 -14.114 -14.461 -14.410 -14.286 -14.828 -16.114 -17.447 -17.889 -17.500 -16.387 -15.794 -16.201 -16.667 -16.380 -15.565 -15.029 -15.196 -15.027 -14.709 -15.519 -16.538 -15.623 -15.561 -15.357 -16.334 -15.814 -14.474 -14.095 -14.303 -13.849 -13.185 -12.550 -12.402 -12.272 -12.717 -12.952 -12.178 -11.973 -12.667
-1.045 -0.138 0.445 0.709 0.687 -0.069 -4.997 -7.633 -8.198 -7.564 -7.626 -8.179 -8.597 -8.430 -8.208 -8.120 -8.073 -8.176 -8.084 -8.335 -9.145 -9.359 -9.688 -9.697 -10.198 -10.832 -10.942 -10.870 -10.866 -11.109 -11.538 -12.140 -12.105 -11.805 -11.857 -11.643 -12.298 -13.231 -14.092 -15.051 -15.117 -14.626 -14.090 -14.023 -14.099 -14.158 -14.033 -13.593 -13.362 -13.071 -12.612 -13.910 -14.816 -13.778 -13.859 -13.746 -14.497 -14.080 -13.411 -13.133 -11.727 -10.675 -10.993 -10.652 -10.722 -10.621 -10.346 -10.471 -10.237 -9.486 -8.541
-0.572 0.181 0.768 0.268 -1.483 -4.447 -7.191 -7.514 -7.506 -7.165 -7.569 -7.972 -8.011 -7.669 -7.318 -7.218 -6.734 -6.331 -6.342 -6.524 -6.763 -6.794 -6.615 -6.733 -8.238 -7.919 -7.746 -8.064 -8.581 -9.230 -9.817 -10.134 -10.177 -9.862 -9.787 -9.936 -10.849 -11.755 -11.871 -12.155 -12.206 -12.186 -12.017 -11.964 -12.025 -12.215 -12.085 -11.580 -11.357 -11.028 -10.633 -10.764 -11.572 -11.904 -12.083 -12.045 -12.916 -12.766 -12.511 -12.215 -11.486 -10.628 -10.213 -9.810 -9.855 -8.727 -8.086 -7.482 -6.661 -6.001 -5.296
-0.163 0.334 0.332 -4.892 -8.109 -7.357 -7.723 -7.148 -6.429 -7.443 -8.323 -7.988 -7.331 -6.566 -6.132 -5.958 -5.839 -5.420 -5.076 -4.801 -4.669 -4.641 -4.541 -4.679 -5.696 -4.817 -5.133 -5.657 -6.359 -7.062 -7.767 -8.010 -8.087 -8.472 -8.765 -8.847 -8.840 -9.456 -10.197 -10.591 -10.425 -10.333 -10.467 -10.299 -10.190 -10.178 -9.747 -9.374 -9.351 -9.428 -9.260 -9.295 -9.477 -9.617 -9.816 -10.082 -10.530 -9.482 -8.993 -8.616 -8.633 -8.726 -8.536 -5.666 -3.185 -3.553 -3.390 -2.987 -2.810 -1.973 1.008
-0.037 -0.128 -0.519 -3.820 -4.668 -4.206 -5.553 -5.498 -4.930 -4.879 -5.428 -5.945 -5.421 -5.090 -5.015 -4.801 -4.330 -4.068 -3.704 -3.267 -3.085 -3.276 -2.921 -2.852 -3.549 -2.650 -3.054 -3.966 -4.715 -5.511 -6.018 -6.423 -6.621 -6.802 -7.081 -7.210 -7.181 -7.408 -8.254 -8.586 -8.406 -8.365 -8.897 -9.129 -8.862 -9.069 -9.821 -10.109 -8.988 -8.821 -8.951 -9.072 -8.822 -8.469 -7.930 -7.884 -7.053 -3.528 -2.045 -1.836 -1.471 -1.672 -1.853 -0.256 -1.153 -2.785 0.576 2.504 3.515 4.417 5.093
0.631 0.546 -0.110 -0.760 -1.603 -2.241 -3.432 -2.855 -2.606 -2.909 -3.592 -3.855 -3.719 -3.606 -3.446 -2.892 -2.493 -2.163 -1.646 -1.443 -1.386 -1.187 -1.078 -1.130 -1.990 -1.553 -2.106 -2.913 -3.521 -4.288 -4.783 -5.224 -5.330 -5.303 -5.108 -4.912 -5.074 -5.252 -5.748 -5.954 -6.213 -6.830 -7.316 -7.782 -9.163 -10.814 -10.934 -10.880 -10.989 -9.607 -9.029 -8.688 -8.951 -9.246 -7.475 -5.834 -3.521 -1.766 -1.092 -0.390 0.327 1.101 1.705 -0.245 -2.563 -1.195 2.799 4.074 4.819 5.664 6.402
1.398 1.824 1.463 1.257 0.885 0.601 0.713 0.437 0.068 -0.561 -1.391 -1.790 -1.695 -1.600 -1.346 -1.073 -0.727 -0.441 -0.293 -0.098 0.270 0.242 -0.271 -0.649 -1.627 -0.855 -1.177 -1.867 -2.381 -2.529 -2.692 -3.003 -3.166 -3.139 -2.896 -3.118 -4.320 -4.269 -5.684 -7.728 -7.754 -6.019 -5.818 -6.787 -7.535 -9.444 -8.647 -8.576 -8.290 -7.673 -6.607 -5.744 -5.907 -6.758 -6.472 -3.946 -2.819 -2.109 -1.424 -0.180 0.971 2.006 2.698 0.754 -0.386 2.873 4.227 4.912 5.772 6.480 7.046
3.414 3.764 3.512 3.061 2.417 2.161 2.381 2.088 1.863 1.391 1.116 0.874 0.932 1.173 1.248 1.486 1.684 1.636 1.485 1.620 1.686 1.453 1.040 0.173 -0.305 -0.231 -0.361 -0.758 -1.293 -1.147 -1.119 -0.747 -0.513 -1.303 -3.061 -4.954 -7.573 -6.644 -6.072 -7.031 -9.172 -8.366 -6.034 -4.990 -5.354 -6.118 -5.314 -5.703 -6.335 -6.945 -6.063 -4.958 -4.585 -6.107 -7.179 -4.509 -3.653 -2.223 -1.789 -0.746 0.601 1.778 2.518 2.459 3.263 4.227 4.804 5.370 5.952 6.457 6.914
5.812 5.437 5.342 4.677 4.287 3.405 2.970 3.707 2.891 2.671 1.735 2.380 3.233 3.545 3.784 3.940 4.224 4.451 4.373 4.099 3.680 3.537 3.381 2.044 1.270 1.815 1.919 0.818 0.306 0.342 -0.496 -0.715 -0.277 -0.390 -1.123 -4.589 -8.386 -6.561 -3.842 -6.426 -7.433 -5.082 -3.521 -4.143 -6.231 -4.922 -3.297 -3.095 -4.296 -5.056 -3.238 -3.764 -3.636 -3.643 -3.279 -3.615 -4.613 -1.568 -1.379 -0.818 0.144 1.031 1.648 2.343 3.317 3.986 4.590 5.108 5.473 5.887 6.302
8.033 7.271 6.585 4.265 3.294 2.944 4.159 5.693 6.462 5.845 3.654 4.040 6.292 6.678 6.867 7.477 7.907 7.824 7.268 6.959 6.156 6.367 6.224 4.864 3.900 4.443 4.933 4.519 4.566 4.058 3.809 4.195 3.411 1.731 1.208 2.697 1.234 -3.161 -2.991 -3.897 -4.585 -4.076 -1.778 -1.845 -1.882 -1.899 -2.469 -2.059 -3.459 -2.048 -0.630 -2.009 -2.523 -1.448 -1.714 -3.549 -0.888 0.785 0.100 -0.192 -0.118 0.362 1.059 1.902 2.768 3.481 3.984 4.322 4.514 4.977 5.550
9.401 8.119 9.219 8.311 10.484 9.523 9.850 8.578 6.584 7.549 7.729 8.267 8.654 9.224 9.470 9.965 10.338 7.689 6.757 8.154 8.933 8.991 8.609 7.855 7.502 8.311 8.673 8.647 8.167 7.032 5.666 4.339 1.801 0.229 -0.651 0.057 2.974 3.133 2.386 2.074 2.070 1.900 1.528 2.056 2.645 1.657 0.285 -1.104 -0.192 1.939 0.889 -0.355 -1.325 0.194 -0.480 0.814 2.768 2.747 1.510 0.602 0.287 0.681 1.397 2.122 2.696 3.081 3.346 3.685 3.843 4.320 5.216
8.959 10.720 12.670 13.121 12.661 12.969 11.958 12.047 11.791 8.730 9.834 10.931 11.383 10.079 9.006 10.151 9.705 7.759 5.175 7.148 10.113 11.352 11.998 11.751 12.001 11.901 12.156 11.327 10.468 5.765 0.507 -2.541 0.018 4.814 6.609 6.465 7.365 8.283 6.803 3.643 5.138 6.171 5.307 4.912 3.760 2.394 1.410 1.741 2.697 3.285 1.789 0.167 0.201 3.489 3.696 4.909 6.071 5.456 4.552 3.096 2.917 3.147 3.558 3.874 4.064 4.231 4.453 4.771 5.140 5.514 5.879
11.717 14.363 14.650 14.796 14.541 14.664 14.574 14.418 14.874 12.752 13.977 14.203 11.819 9.650 9.937 8.120 8.632 7.735 5.047 6.895 11.005 13.427 14.990 13.793 14.298 14.641 14.842 12.025 7.109 -1.823 -7.393 2.385 9.673 9.736 9.600 7.337 3.169 2.051 1.355 -4.395 -3.558 3.035 6.665 6.771 6.211 5.066 5.591 8.183 6.104 4.614 4.036 4.507 6.365 7.566 8.073 8.812 8.683 8.206 8.495 7.856 7.630 7.538 7.379 7.287 7.284 7.371 7.465 7.649 7.834 8.016 8.152
14.730 14.762 14.692 14.618 15.167 16.059 15.648 16.300 16.352 15.883 15.696 16.035 15.520 14.881 14.676 15.528 16.066 16.593 14.194 8.429 7.627 11.011 12.149 12.477 11.219 14.477 12.883 9.685 7.321 -1.761 -5.554 -9.097 -5.650 -1.894 -4.036 -8.628 -9.190 -7.301 -2.436 -1.254 -3.039 0.111 5.025 7.070 8.459 8.026 8.730 9.156 6.899 6.559 7.243 7.798 8.985 10.740 11.518 10.830 9.620 11.963 12.470 12.342 12.028 11.989 11.772 11.588 11.479 11.515 11.505 11.460 11.495 11.518 11.561
13.700 14.038 16.073 18.734 18.744 18.490 17.660 17.420 17.404 17.295 17.163 17.059 17.409 17.719 18.151 15.879 17.001 18.790 20.542 15.787 9.695 11.444 15.767 17.088 14.248 15.034 9.282 5.306 6.040 14.303 10.701 -3.046 -9.981 -9.302 -7.143 -7.214 -7.245 -7.100 -5.580 -4.632 -4.140 -1.442 3.546 9.079 10.893 11.027 11.850 10.807 9.903 9.086 10.589 11.517 12.931 13.152 13.760 14.357 15.126 15.678 15.892 15.799 15.428 15.470 15.426 15.270 15.196 15.173 15.126 15.099 15.048 14.990 14.949
17.764 17.790 19.041 19.803 19.375 18.805 19.508 19.655 19.204 19.937 19.648 19.034 19.162 19.225 19.026 17.922 18.928 20.080 21.929 22.938 20.822 11.304 13.180 15.015 18.860 19.294 18.696 14.909 14.175 21.742 20.984 15.426 0.003 -6.928 -5.863 -5.135 -4.640 -4.539 -4.696 -3.405 -1.541 1.016 9.157 14.704 12.687 12.455 13.047 12.422 13.014 13.057 14.122 15.572 16.706 16.773 17.813 17.956 17.960 18.178 18.229 18.185 18.063 17.879 18.223 18.215 18.116 18.089 18.069 18.034 17.973 17.918 17.821
20.618 20.139 19.867 20.306 20.133 19.670 19.655 19.975 20.661 21.170 20.412 20.341 20.498 20.565 20.382 19.423 20.504 20.674 21.770 22.733 23.541 20.799 16.861 16.086 19.960 18.487 20.266 17.760 21.377 23.584 23.979 22.439 20.719 14.707 4.393 -1.529 -1.502 -0.542 4.743 6.105 3.242 5.392 12.613 15.458 14.282 14.496 14.890 15.223 14.925 15.166 16.688 18.672 19.520 19.990 20.135 20.295 20.369 20.280 20.236 20.278 20.301 20.167 20.430 20.517 20.423 20.369 20.350 20.343 20.260 20.199 20.064
21.180 22.294 21.458 19.913 20.234 20.760 20.621 20.907 21.432 21.303 20.781 20.129 20.521 21.855 23.495 23.475 21.956 21.700 22.711 22.805 24.106 23.695 23.629 24.467 23.638 22.616 22.532 22.843 24.015 25.014 23.774 24.019 23.957 23.140 22.583 20.100 17.633 16.509 17.841 17.779 11.867 12.419 12.943 15.698 16.182 16.267 16.843 17.003 17.406 18.453 20.196 21.230 21.572 21.715 21.992 22.319 22.362 22.241 22.167 22.207 22.201 22.277 22.435 22.444 22.318 22.266 22.244 22.266 22.152 22.066 21.963
22.610 22.731 21.759 18.655 19.384 19.666 19.835 20.948 20.835 20.354 21.163 19.970 21.951 23.175 24.512 23.684 24.891 23.772 23.090 22.980 24.299 25.241 24.954 24.956 24.871 23.787 23.597 23.742 24.554 25.674 25.049 24.962 24.347 23.005 22.234 22.293 21.544 20.915 19.537 20.779 16.831 16.157 16.665 19.172 19.607 18.996 19.526 19.871 20.912 20.635 23.115 23.441 23.418 23.405 23.588 23.889 24.029 24.002 23.987 23.949 23.914 23.969 24.082 24.046 23.905 23.787 23.767 23.737 23.645 23.549 23.481
24.169 23.637 22.928 22.816 21.674 22.159 22.252 20.569 18.959 21.274 21.360 21.222 22.736 24.176 25.473 25.080 25.609 23.175 23.435 24.029 24.898 25.089 25.879 26.928 25.770 23.730 23.880 24.010 24.350 25.040 24.685 24.603 24.393 24.152 23.622 23.501 23.681 23.442 21.336 21.448 19.494 19.515 19.394 21.646 21.119 21.965 22.398 22.943 23.951 24.488 24.785 24.823 24.900 24.998 25.074 25.171 25.284 25.365 25.398 25.364 25.337 25.391 25.392 25.350 25.266 25.198 25.171 25.107 25.064 24.930 24.866
25.228 24.906 24.496 24.447 22.290 23.041 23.977 24.590 24.671 23.886 22.175 22.690 23.822 25.373 26.481 25.887 25.592 24.543 20.743 23.809 25.043 25.418 25.007 25.569 24.169 24.273 24.629 24.969 25.163 25.498 23.659 24.776 25.233 24.445 24.346 25.364 25.078 25.060 24.046 23.360 22.549 22.764 21.546 22.722 22.775 23.616 24.794 25.221 25.732 25.747 26.030 25.959 26.069 26.214 26.235 26.172 26.268 26.452 26.294 26.262 26.347 26.328 26.300 26.258 26.235 26.145 26.078 26.031 25.969 25.824 25.791
26.234 26.345 25.551 25.026 24.736 24.509 25.042 26.075 26.650 25.476 22.849 22.722 24.408 25.346 26.106 25.912 24.039 26.274 21.203 23.064 22.923 24.224 24.043 24.435 24.545 24.773 25.119 25.495 25.677 25.926 24.182 24.912 25.697 26.293 26.353 26.163 25.758 25.489 25.358 25.408 24.443 24.839 24.823 23.461 24.476 25.289 25.855 26.296 26.495 25.080 26.419 26.444 26.830 26.915 26.815 26.798 26.890 27.034 26.899 26.844 26.923 26.908 26.821 26.732 26.622 26.532 26.442 26.366 26.286 26.211 26.130
25.906 25.885 25.663 24.348 24.326 25.745 26.350 26.626 26.640 24.689 22.444 23.356 24.370 25.122 24.577 21.113 17.221 25.504 23.383 23.494 25.070 25.294 25.030 25.010 25.140 25.345 25.633 26.001 26.119 26.201 25.563 23.618 25.130 26.792 26.687 26.523 26.288 26.017 25.946 26.123 24.931 25.430 25.289 24.822 24.515 26.073 26.425 26.663 26.832 26.407 26.541 26.772 27.115 27.270 27.153 27.162 27.237 27.238 27.023 27.024 27.092 27.055 26.934 26.815 26.671 26.585 26.495 26.456 26.424 26.380 26.275
25.850 25.993 25.503 24.133 23.084 25.294 25.962 26.266 25.557 25.038 24.187 24.684 24.399 24.160 23.722 18.980 15.137 23.974 24.912 25.350 25.040 25.517 25.198 25.435 25.755 25.954 26.202 26.442 26.408 26.472 26.352 24.435 26.261 26.793 27.081 26.834 26.621 26.338 26.195 26.262 25.621 25.521 24.875 25.043 25.126 26.480 26.710 26.807 26.806 26.429 26.378 26.840 27.295 27.294 27.170 27.156 27.216 27.230 27.114 27.090 27.062 27.061 26.972 26.837 26.689 26.641 26.617 26.656 26.703 26.599 26.389
