data-raw/tempfiles/14_grid_data_14000BP.asc
ncols 144
nrows 72
xllcorner -180
yllcorner -90
cellsize 2.5
nodata_value -9999
[rows 32 to 63 of 72, columns 0 to 70 of 144]
26.254 25.951 25.899 25.841 25.755 25.667 25.637 25.547 25.470 25.316 25.185 25.069 24.966 24.853 24.768 24.687 24.647 24.589 24.536 24.541 24.605 24.663 24.762 24.947 25.152 25.322 25.462 25.593 25.778 25.969 26.018 26.040 26.088 26.198 26.333 26.285 26.252 26.237 25.077 25.262 25.507 25.369 25.584 23.973 26.094 26.667 26.121 25.264 25.474 25.628 25.673 25.679 25.682 25.532 25.437 25.221 25.100 24.845 24.789 24.708 24.683 24.725 24.764 24.779 25.096 25.614 25.671 24.085 23.227 24.179 24.904
26.401 26.161 26.068 26.003 25.927 25.858 25.803 25.783 25.802 25.705 25.545 25.441 25.354 25.246 25.178 25.126 25.118 25.049 24.968 24.910 24.910 24.904 24.886 24.987 25.125 25.258 25.351 25.430 25.508 25.554 25.584 25.639 25.730 25.827 25.875 25.905 25.989 26.098 26.171 26.024 25.078 21.782 20.353 23.501 25.308 22.105 23.200 22.767 23.991 25.371 25.531 25.737 25.800 25.758 25.719 25.585 25.465 25.229 25.129 25.158 25.230 25.289 25.306 25.310 25.531 25.897 26.389 25.420 24.167 24.320 24.722
26.404 26.322 26.251 26.245 26.155 26.082 26.100 26.141 26.221 26.176 25.910 25.697 25.656 25.548 25.374 25.414 25.342 25.168 25.156 25.057 24.894 24.886 24.832 24.812 24.906 24.950 25.001 25.107 25.110 25.106 25.084 25.093 25.172 25.286 25.382 25.466 25.564 25.499 25.404 25.275 24.712 21.221 21.937 24.400 24.028 21.897 21.969 24.079 24.035 24.444 24.638 25.065 25.805 25.792 25.929 25.885 25.675 25.451 25.332 25.430 25.551 25.519 25.423 25.309 25.358 25.486 25.788 25.796 25.531 25.339 25.510
26.449 26.467 26.410 26.346 26.243 26.129 26.077 26.160 26.255 26.133 25.840 25.615 25.448 25.348 25.236 25.190 25.089 24.862 24.726 24.653 24.490 24.358 24.270 24.212 24.161 24.195 24.183 24.259 24.320 24.235 24.152 24.091 24.071 24.000 24.044 24.161 24.306 24.267 24.331 24.283 21.695 20.858 23.588 23.839 24.131 23.697 23.737 24.160 23.409 24.062 24.424 24.445 25.625 25.885 26.079 26.021 25.896 25.729 25.612 25.648 25.609 25.468 25.281 25.089 24.963 24.956 25.130 25.238 25.349 25.334 25.371
26.674 26.618 26.615 26.570 26.446 26.310 26.222 26.234 26.240 26.120 25.916 25.733 25.568 25.445 25.394 25.304 25.124 24.927 24.772 24.629 24.525 24.377 24.205 24.048 23.930 23.841 23.803 23.840 23.886 23.849 23.730 23.560 23.453 23.279 23.193 23.118 23.282 23.077 23.018 22.994 18.142 23.700 24.416 24.673 24.807 24.611 24.220 24.012 23.587 23.931 24.720 25.457 25.646 25.685 26.009 26.154 26.052 25.951 25.818 25.804 25.719 25.533 25.296 25.039 24.823 24.732 24.700 24.729 24.862 24.923 24.866
26.919 26.758 26.851 26.793 26.623 26.508 26.412 26.379 26.352 26.171 26.016 25.916 25.766 25.700 25.733 25.537 25.348 25.223 25.031 24.886 24.815 24.634 24.526 24.437 24.239 24.151 24.110 23.964 23.946 23.977 23.806 23.677 23.581 23.343 23.220 23.093 23.012 22.729 22.228 22.535 20.377 24.092 24.848 25.306 24.845 23.768 24.384 24.852 25.044 24.255 23.923 24.703 25.261 24.902 26.720 26.862 26.445 26.314 26.001 25.928 25.893 25.684 25.442 25.174 24.967 24.854 24.737 24.656 24.663 24.697 24.610
27.029 26.795 26.992 27.018 26.769 26.600 26.586 26.527 26.444 26.295 26.171 26.090 26.034 25.971 25.901 25.711 25.552 25.383 25.267 25.124 24.978 24.862 24.720 24.645 24.558 24.415 24.307 24.166 24.078 23.966 23.785 23.590 23.465 23.297 23.096 22.895 22.769 22.601 22.118 22.207 19.249 22.739 24.569 25.755 25.470 24.275 24.518 24.560 25.060 24.186 23.318 23.734 24.912 25.270 25.915 26.266 26.807 25.830 25.874 25.965 25.899 25.689 25.439 25.190 24.971 24.820 24.609 24.296 24.120 24.081 24.004
27.049 26.835 27.098 27.166 26.903 26.754 26.744 26.722 26.580 26.335 26.183 26.125 26.124 26.112 25.985 25.778 25.614 25.501 25.420 25.286 25.126 24.943 24.767 24.649 24.558 24.442 24.321 24.180 23.973 23.734 23.495 23.242 22.988 22.722 22.411 22.150 22.057 22.035 21.683 20.915 18.154 18.240 23.882 23.575 24.367 24.449 24.707 24.407 24.226 23.754 23.627 24.054 25.226 25.061 25.526 25.209 24.954 23.641 25.673 25.802 25.708 25.478 25.171 24.885 24.614 24.355 24.043 23.595 23.167 23.090 23.071
26.820 26.584 26.802 26.942 26.784 26.729 26.695 26.604 26.451 26.237 26.125 26.125 26.197 26.195 26.041 25.864 25.687 25.516 25.438 25.275 25.084 24.900 24.703 24.512 24.417 24.265 24.093 23.968 23.694 23.414 23.139 22.765 22.343 22.005 21.621 21.338 21.160 21.069 20.881 20.630 19.692 13.202 19.770 23.030 23.771 24.404 24.059 24.087 23.752 24.061 24.193 24.581 24.695 23.192 24.172 22.735 23.763 24.889 25.597 25.479 25.259 25.011 24.683 24.342 23.974 23.625 23.294 22.866 22.475 22.122 21.979
26.346 26.146 26.265 26.268 26.265 26.239 26.228 26.172 26.051 25.926 25.942 26.028 26.107 26.110 25.977 25.812 25.630 25.373 25.146 25.002 24.849 24.638 24.452 24.264 24.054 23.848 23.613 23.386 23.180 22.906 22.574 22.219 21.778 21.366 20.908 20.373 20.025 19.964 20.081 19.988 19.578 17.186 10.516 11.005 20.074 24.118 23.578 23.340 22.974 24.030 24.037 24.497 23.254 22.081 22.882 21.431 23.827 25.380 25.366 25.050 24.718 24.407 24.045 23.653 23.262 23.016 22.741 22.329 21.842 21.435 21.168
25.665 25.556 25.608 25.508 25.412 25.443 25.527 25.575 25.508 25.464 25.535 25.636 25.681 25.669 25.600 25.495 25.302 24.974 24.728 24.552 24.418 24.216 24.013 23.780 23.583 23.343 23.084 22.820 22.536 22.289 22.026 21.667 21.144 20.623 20.318 19.729 19.580 19.488 19.326 19.204 18.997 19.216 16.872 10.240 9.755 18.944 22.816 22.827 23.731 24.560 23.497 23.235 21.486 21.412 21.548 21.409 23.945 25.133 25.010 24.642 24.300 23.930 23.531 23.085 22.646 22.521 22.328 21.912 21.513 21.053 20.687
24.593 24.476 24.493 24.406 24.291 24.352 24.535 24.626 24.610 24.584 24.590 24.587 24.615 24.695 24.715 24.766 24.668 24.357 24.077 23.886 23.774 23.633 23.452 23.305 23.127 22.906 22.683 22.399 22.118 21.862 21.315 20.811 20.256 20.297 20.182 19.826 19.382 19.237 18.926 18.788 18.569 18.515 18.583 18.048 8.504 10.446 19.360 22.989 23.659 24.126 22.980 22.307 21.649 20.659 20.705 22.419 23.867 24.582 24.460 24.163 23.861 23.526 23.136 22.688 22.228 22.139 22.071 21.641 21.325 20.947 20.584
23.269 23.090 23.019 22.950 22.929 23.038 23.157 23.203 23.230 23.234 23.233 23.209 23.290 23.423 23.540 23.656 23.647 23.396 23.120 22.977 22.908 22.865 22.753 22.629 22.487 22.337 22.169 21.961 21.705 21.398 20.645 20.179 20.009 20.073 19.849 19.535 19.194 18.954 18.649 18.314 18.048 17.847 17.484 17.829 10.529 6.759 18.585 22.908 23.274 22.154 22.494 22.527 21.298 19.636 19.903 22.608 23.725 23.982 23.697 23.465 23.219 22.944 22.678 22.349 21.866 21.753 21.652 21.394 21.139 20.835 20.400
21.749 21.619 21.546 21.511 21.515 21.561 21.601 21.594 21.639 21.700 21.692 21.735 21.860 21.976 22.047 22.153 22.147 22.031 21.914 21.838 21.815 21.818 21.775 21.689 21.562 21.490 21.405 21.377 21.191 20.632 20.125 19.838 19.785 19.632 19.349 19.020 18.750 18.566 18.293 17.976 17.670 17.294 16.840 17.462 9.930 5.916 20.098 22.293 21.933 21.225 20.994 19.923 19.690 20.769 22.218 22.947 23.003 22.913 22.650 22.475 22.386 22.230 22.050 21.850 21.539 21.320 21.239 21.004 20.778 20.546 20.139
20.145 20.089 20.056 20.068 20.064 20.055 20.060 20.014 20.001 20.052 20.112 20.173 20.276 20.345 20.375 20.458 20.453 20.411 20.442 20.436 20.431 20.458 20.441 20.391 20.363 20.307 20.422 20.479 20.139 19.492 19.691 19.386 19.218 18.921 18.651 18.320 18.106 17.903 17.702 17.341 17.181 16.718 16.178 16.775 4.507 9.515 20.051 20.980 20.753 20.179 19.311 17.556 19.882 21.198 21.737 21.796 21.572 21.421 21.255 21.188 21.184 21.133 21.016 20.919 20.759 20.513 20.372 20.200 19.953 19.749 19.454
18.654 18.670 18.666 18.647 18.576 18.578 18.553 18.507 18.491 18.482 18.520 18.561 18.625 18.654 18.673 18.733 18.728 18.773 18.812 18.814 18.840 18.840 18.827 18.856 18.878 18.908 19.231 19.189 18.593 18.485 18.496 18.352 18.118 17.798 17.644 17.352 17.186 16.961 16.729 16.445 16.428 16.043 15.538 14.713 6.816 16.910 19.574 19.395 19.086 19.187 18.283 17.730 19.487 20.508 20.563 20.276 20.029 19.898 19.781 19.756 19.727 19.726 19.676 19.613 19.543 19.375 19.174 18.995 18.900 18.814 18.583
17.352 17.366 17.328 17.240 17.161 17.104 17.039 17.004 16.989 16.991 16.979 16.984 17.014 17.044 17.046 17.068 17.078 17.122 17.187 17.177 17.145 17.125 17.113 17.119 17.152 17.377 17.789 17.505 17.209 17.185 17.030 16.856 16.730 16.536 16.413 16.163 16.013 15.826 15.681 15.582 15.535 15.169 14.635 11.858 11.576 18.272 17.909 18.090 17.848 17.378 17.424 18.686 19.039 19.322 19.117 18.753 18.497 18.328 18.245 18.257 18.200 18.150 18.126 18.122 18.084 17.955 17.842 17.626 17.359 17.091 17.212
15.922 16.010 15.944 15.820 15.691 15.619 15.566 15.505 15.466 15.472 15.451 15.403 15.375 15.380 15.364 15.414 15.423 15.456 15.476 15.418 15.324 15.302 15.233 15.215 15.365 15.611 15.830 15.446 15.010 15.103 15.138 15.051 15.063 14.924 14.863 14.744 14.615 14.488 14.423 14.378 14.309 14.037 13.491 11.122 11.169 16.145 16.801 16.366 16.415 16.142 16.638 17.126 17.779 17.878 17.724 17.525 17.281 17.041 16.867 16.738 16.619 16.507 16.392 16.389 16.347 16.243 16.229 16.008 15.799 15.515 15.395
14.495 14.582 14.485 14.385 14.242 14.141 14.042 13.974 13.936 13.918 13.877 13.838 13.749 13.724 13.736 13.780 13.791 13.789 13.781 13.723 13.635 13.533 13.415 13.548 13.345 13.597 13.437 13.285 13.136 12.800 13.012 13.155 13.173 13.233 13.120 13.127 13.181 13.122 13.034 12.970 13.012 12.662 12.292 9.766 11.924 15.608 15.059 14.311 14.806 14.850 15.131 15.734 16.325 16.284 16.140 16.044 15.864 15.602 15.364 15.122 14.895 14.691 14.547 14.443 14.387 14.302 14.207 13.982 13.766 13.603 13.504
13.156 13.303 13.117 12.988 12.794 12.657 12.529 12.427 12.364 12.307 12.276 12.221 12.150 12.077 12.031 12.053 12.091 12.105 12.111 12.075 11.973 11.852 11.817 11.759 11.327 11.278 11.309 11.232 11.134 10.676 11.172 11.351 11.390 11.455 11.478 11.561 11.632 11.724 11.800 11.803 11.805 11.647 10.922 8.245 13.348 14.838 14.464 14.194 13.649 12.585 13.111 14.096 14.387 14.196 14.012 13.907 13.760 13.574 13.416 13.211 12.935 12.706 12.502 12.341 12.182 12.060 11.954 11.789 11.558 11.303 11.098
11.522 11.688 11.508 11.364 11.169 10.988 10.840 10.692 10.591 10.517 10.448 10.409 10.344 10.283 10.221 10.190 10.210 10.229 10.214 10.204 10.123 10.007 9.900 9.661 9.582 9.421 9.581 9.294 9.357 9.244 9.606 9.660 9.659 9.681 9.699 9.842 9.926 10.099 10.330 10.423 10.432 10.391 9.540 7.093 9.324 12.445 13.397 12.417 11.095 10.378 10.935 11.890 11.889 11.460 11.204 10.982 10.827 10.729 10.665 10.582 10.462 10.278 10.130 9.924 9.720 9.541 9.485 9.393 9.086 8.729 8.496
9.612 9.889 9.856 9.741 9.565 9.339 9.182 9.014 8.879 8.787 8.720 8.619 8.542 8.474 8.421 8.354 8.318 8.291 8.262 8.261 8.220 8.183 8.132 7.881 7.792 7.746 7.596 7.555 7.696 7.918 8.071 8.096 8.014 7.953 7.996 8.105 8.269 8.486 8.763 8.893 9.043 9.104 7.838 5.763 9.469 11.700 10.798 9.571 8.630 8.519 9.192 9.569 9.371 8.832 8.440 8.163 7.944 7.750 7.670 7.567 7.487 7.444 7.406 7.357 7.214 6.955 6.808 6.726 6.574 6.338 6.344
7.622 7.971 8.089 8.061 7.935 7.750 7.592 7.412 7.253 7.116 7.004 6.890 6.800 6.722 6.647 6.561 6.514 6.458 6.415 6.395 6.423 6.417 6.418 6.212 6.299 6.064 5.930 6.107 6.381 6.492 6.461 6.401 6.333 6.371 6.470 6.521 6.656 6.883 7.100 7.273 7.469 7.466 4.270 4.309 8.382 9.245 8.646 7.591 6.691 6.520 7.001 7.186 6.955 6.475 6.157 5.910 5.577 5.239 4.961 4.706 4.557 4.534 4.606 4.721 4.726 4.485 4.221 4.047 3.937 3.916 3.971
6.189 6.494 6.669 6.636 6.507 6.365 6.212 6.081 5.925 5.778 5.674 5.573 5.445 5.331 5.211 5.129 5.099 5.050 4.995 4.981 4.947 4.859 4.838 4.495 4.441 4.408 4.546 4.844 4.871 4.902 4.856 4.860 4.898 4.936 5.063 5.122 5.159 5.364 5.635 5.872 6.052 5.813 1.223 3.687 7.605 7.890 6.925 6.146 5.263 4.812 4.654 4.476 4.275 3.940 3.630 3.413 3.089 2.767 2.518 2.288 2.097 2.117 2.241 2.433 2.562 2.470 2.191 1.911 1.671 1.577 1.663
4.698 4.913 4.992 4.905 4.752 4.648 4.550 4.459 4.394 4.310 4.201 4.097 3.986 3.874 3.822 3.769 3.709 3.667 3.636 3.605 3.544 3.166 2.926 2.937 2.720 2.591 3.023 3.203 3.197 3.269 3.263 3.328 3.423 3.449 3.478 3.570 3.703 3.880 4.115 4.346 4.510 4.702 2.239 3.958 5.650 5.376 4.919 4.423 3.912 2.983 2.267 1.867 1.582 1.209 0.815 0.529 0.337 0.214 0.080 -0.043 -0.088 -0.011 0.169 0.411 0.510 0.483 0.275 -0.045 -0.390 -0.547 -0.631
3.060 3.157 3.130 3.002 2.784 2.630 2.547 2.460 2.423 2.346 2.223 2.085 1.939 1.897 1.939 1.950 1.935 1.907 1.870 1.869 1.731 1.555 1.517 1.265 1.113 1.249 1.390 1.451 1.524 1.610 1.669 1.704 1.614 1.664 1.724 1.797 1.930 2.079 2.236 2.331 2.688 3.100 2.752 2.106 2.503 3.098 2.880 2.370 1.928 1.106 0.342 -0.108 -0.477 -0.874 -1.269 -1.490 -1.570 -1.696 -1.694 -1.910 -1.988 -1.895 -1.717 -1.522 -1.448 -1.451 -1.616 -1.847 -2.225 -2.479 -2.698
0.981 0.880 0.761 0.595 0.394 0.216 0.106 -0.013 -0.150 -0.267 -0.457 -0.694 -0.905 -0.956 -0.860 -0.710 -0.607 -0.604 -0.715 -0.819 -0.881 -0.875 -0.821 -0.784 -0.812 -0.785 -0.738 -0.667 -0.607 -0.572 -0.528 -0.543 -0.625 -0.641 -0.614 -0.577 -0.461 -0.319 -0.144 0.072 0.417 0.876 1.077 1.128 1.022 0.749 0.012 -0.722 -1.236 -1.765 -2.181 -2.456 -2.691 -2.858 -3.069 -3.130 -3.106 -3.149 -3.328 -3.645 -3.898 -3.949 -3.663 -3.444 -3.430 -3.534 -3.720 -3.973 -4.262 -4.547 -4.821
-1.717 -2.043 -2.054 -2.123 -2.300 -2.434 -2.543 -2.759 -2.936 -3.171 -3.406 -3.645 -3.881 -3.963 -3.912 -3.799 -3.771 -3.851 -3.847 -3.831 -3.718 -3.607 -3.421 -3.353 -3.330 -3.287 -3.225 -3.101 -3.103 -3.110 -3.078 -3.071 -3.107 -3.037 -2.981 -2.914 -2.761 -2.537 -2.279 -2.044 -1.782 -1.654 -1.484 -1.451 -1.752 -2.222 -3.093 -3.735 -4.300 -4.774 -5.111 -5.362 -5.528 -5.533 -5.669 -5.697 -5.716 -5.833 -6.010 -6.181 -6.387 -6.391 -5.948 -5.819 -5.991 -6.257 -6.540 -6.743 -6.842 -6.913 -6.912
-4.650 -4.976 -4.944 -5.002 -5.106 -5.208 -5.371 -5.612 -5.812 -5.962 -6.453 -6.651 -7.015 -7.217 -7.328 -7.442 -7.193 -6.814 -6.632 -6.559 -6.455 -6.308 -6.043 -5.855 -5.760 -5.624 -5.568 -5.552 -5.632 -5.617 -5.597 -5.577 -5.500 -5.386 -5.295 -5.116 -4.896 -4.604 -4.321 -4.146 -4.013 -4.178 -4.302 -4.510 -5.023 -5.568 -6.107 -6.611 -7.285 -7.833 -8.338 -8.768 -9.238 -9.519 -9.461 -8.763 -8.688 -8.639 -8.643 -8.711 -8.812 -8.762 -8.605 -8.606 -8.709 -8.891 -8.967 -8.976 -8.981 -8.898 -8.768
-8.170 -8.315 -8.244 -8.187 -8.281 -8.444 -8.680 -8.992 -9.119 -9.240 -9.494 -9.745 -9.971 -10.030 -9.964 -9.781 -9.573 -9.424 -9.248 -9.104 -8.948 -8.575 -8.181 -8.006 -7.874 -7.764 -7.740 -7.755 -7.716 -7.665 -7.600 -7.448 -7.282 -7.169 -7.042 -6.851 -6.635 -6.418 -6.307 -6.316 -6.403 -6.726 -7.009 -7.557 -8.240 -8.624 -9.573 -11.423 -11.956 -11.531 -11.777 -12.349 -12.956 -13.357 -12.938 -11.747 -11.090 -10.999 -10.929 -10.911 -10.991 -11.028 -11.044 -11.290 -11.542 -11.503 -11.292 -11.237 -11.199 -11.090 -10.840
-12.600 -12.217 -12.031 -11.873 -11.812 -11.817 -11.876 -11.997 -12.080 -12.133 -12.307 -12.403 -12.382 -12.289 -12.171 -12.136 -12.137 -11.971 -11.730 -11.577 -11.460 -11.376 -11.330 -11.257 -11.074 -10.846 -10.752 -10.719 -10.645 -10.406 -10.146 -9.908 -9.671 -9.552 -9.464 -9.400 -9.348 -9.267 -9.385 -9.446 -9.678 -9.962 -10.103 -10.521 -11.286 -14.308 -15.455 -15.060 -13.617 -14.409 -14.903 -15.361 -15.574 -15.804 -15.674 -15.131 -14.500 -14.222 -13.699 -13.482 -13.510 -13.522 -13.588 -13.896 -14.082 -14.240 -13.963 -13.838 -13.806 -13.550 -13.333
-16.578 -15.674 -15.283 -14.958 -14.772 -14.578 -14.509 -14.549 -14.560 -14.591 -14.661 -14.670 -14.614 -14.572 -14.471 -14.373 -14.222 -14.066 -13.979 -14.032 -14.128 -14.214 -14.221 -14.146 -13.915 -13.719 -13.706 -13.769 -13.660 -13.413 -13.167 -12.906 -12.638 -12.527 -12.475 -12.564 -12.621 -12.778 -12.980 -13.012 -13.114 -13.438 -13.752 -14.877 -15.489 -18.667 -18.476 -17.353 -16.329 -17.018 -17.203 -17.376 -17.803 -18.190 -18.247 -18.251 -18.171 -17.910 -17.305 -17.037 -16.889 -16.668 -16.469 -16.436 -16.402 -16.482 -16.508 -16.503 -16.369 -16.356 -16.121
