data-raw/tempfiles/15_grid_data_15000BP.asc
ncols 144
nrows 72
xllcorner -180
yllcorner -90
cellsize 2.5
nodata_value -9999
[rows 0 to 31 of 72, columns 71 to 141 of 144]
-26.551 -26.699 -26.787 -26.949 -26.896 -26.857 -26.341 -26.107 -25.888 -25.938 -26.017 -25.934 -25.884 -25.942 -25.904 -25.894 -25.858 -25.812 -25.746 -25.719 -25.718 -25.728 -25.703 -25.719 -25.628 -25.641 -25.643 -25.542 -25.597 -25.613 -25.730 -25.708 -25.744 -25.664 -25.789 -25.851 -25.931 -25.967 -26.013 -26.027 -26.046 -26.083 -26.069 -26.116 -26.145 -26.177 -26.204 -26.227 -26.272 -26.323 -26.362 -26.330 -26.323 -26.290 -26.322 -26.333 -26.342 -26.397 -26.427 -26.447 -26.456 -26.444 -26.411 -26.424 -26.432 -26.454 -26.409 -26.353 -26.358 -26.333 -26.318
-25.308 -25.239 -25.160 -25.058 -24.955 -24.943 -24.916 -24.908 -24.963 -25.008 -25.138 -25.176 -25.157 -25.285 -25.379 -25.453 -25.535 -25.567 -25.595 -25.680 -25.748 -25.809 -25.888 -25.950 -25.997 -25.993 -26.019 -26.017 -26.039 -26.046 -26.041 -26.009 -26.037 -26.044 -26.071 -26.049 -26.027 -26.014 -26.008 -26.011 -26.005 -26.018 -25.998 -25.976 -25.965 -25.937 -25.879 -25.837 -25.804 -25.776 -25.753 -25.667 -25.645 -25.576 -25.519 -25.524 -25.500 -25.470 -25.444 -25.415 -25.388 -25.330 -25.268 -25.231 -25.228 -25.208 -25.170 -25.159 -25.161 -25.155 -25.157
-24.086 -23.863 -23.594 -23.431 -23.394 -23.376 -23.312 -23.403 -23.542 -23.672 -23.936 -24.299 -24.398 -24.641 -25.018 -25.214 -25.433 -25.649 -25.816 -26.004 -26.177 -26.262 -26.322 -26.347 -26.417 -26.420 -26.446 -26.458 -26.481 -26.511 -26.506 -26.477 -26.420 -26.380 -26.328 -26.280 -26.214 -26.151 -26.070 -26.006 -25.898 -25.785 -25.696 -25.604 -25.534 -25.462 -25.369 -25.286 -25.183 -25.117 -25.075 -24.984 -24.959 -24.917 -24.807 -24.748 -24.711 -24.596 -24.518 -24.465 -24.396 -24.315 -24.267 -24.187 -24.108 -23.998 -23.921 -23.810 -23.570 -23.479 -23.452
-20.712 -19.912 -19.198 -18.711 -18.708 -18.830 -19.647 -20.203 -21.144 -21.777 -22.498 -22.985 -23.322 -23.787 -24.290 -24.722 -25.139 -25.401 -25.678 -25.940 -26.155 -26.333 -26.458 -26.546 -26.839 -26.936 -27.094 -27.432 -27.527 -27.679 -27.526 -27.499 -27.537 -27.721 -27.553 -27.403 -27.362 -27.515 -28.807 -27.914 -26.485 -26.005 -25.993 -25.904 -25.811 -25.598 -25.393 -25.193 -24.967 -24.807 -24.694 -24.562 -24.423 -24.255 -24.137 -24.058 -23.944 -23.829 -23.751 -23.629 -23.465 -23.339 -23.203 -22.979 -22.745 -22.476 -22.374 -22.417 -22.505 -22.599 -22.630
-15.155 -13.766 -12.680 -12.147 -12.579 -14.300 -17.194 -19.928 -21.061 -21.416 -22.188 -22.404 -22.807 -23.372 -23.854 -24.451 -24.936 -25.236 -25.542 -25.684 -25.802 -25.899 -25.829 -25.813 -25.962 -26.097 -26.091 -26.357 -26.675 -26.904 -26.995 -27.150 -27.379 -27.777 -28.020 -27.933 -27.839 -27.866 -28.588 -28.968 -28.012 -28.636 -28.228 -26.557 -26.133 -26.182 -25.968 -25.667 -25.466 -25.226 -24.991 -24.819 -24.575 -24.285 -24.181 -24.069 -23.956 -23.848 -23.728 -23.648 -23.477 -23.299 -23.143 -22.943 -22.647 -22.258 -21.903 -21.723 -21.832 -21.888 -21.863
-10.340 -9.361 -8.781 -8.625 -8.815 -9.408 -10.379 -12.424 -14.565 -17.330 -18.879 -19.605 -20.242 -20.972 -21.891 -22.732 -23.343 -23.681 -23.919 -24.128 -24.354 -24.529 -24.465 -24.609 -25.018 -25.092 -25.264 -25.313 -25.173 -25.227 -25.569 -25.979 -26.369 -26.763 -27.003 -27.092 -27.224 -27.357 -27.756 -27.815 -27.838 -28.528 -28.932 -28.336 -28.416 -28.306 -26.624 -25.952 -25.877 -25.700 -25.387 -25.022 -24.802 -24.557 -24.306 -24.305 -25.056 -24.703 -24.328 -23.633 -23.519 -23.392 -23.105 -22.857 -22.467 -21.957 -21.122 -20.793 -20.773 -20.706 -20.519
-7.814 -6.965 -6.463 -6.430 -6.532 -6.883 -7.259 -7.745 -8.914 -11.434 -13.249 -14.042 -14.938 -15.869 -16.942 -18.064 -19.056 -19.660 -20.117 -20.690 -21.368 -22.219 -23.743 -25.089 -24.239 -23.486 -22.950 -22.690 -22.792 -23.016 -22.954 -23.311 -23.716 -24.753 -25.453 -25.530 -26.025 -26.322 -26.523 -26.453 -26.227 -25.829 -25.591 -25.491 -25.531 -25.652 -25.396 -25.435 -25.148 -24.689 -24.406 -24.354 -23.796 -23.428 -23.418 -23.387 -23.480 -23.713 -23.401 -23.084 -23.030 -22.813 -22.557 -22.391 -22.130 -21.817 -21.207 -20.459 -19.800 -19.297 -18.944
-4.555 -3.603 -3.084 -2.913 -2.810 -3.016 -3.076 -3.346 -3.941 -6.088 -8.444 -9.930 -11.301 -11.406 -12.221 -13.401 -14.537 -15.637 -16.671 -17.671 -18.755 -19.972 -21.808 -21.856 -21.342 -20.917 -20.356 -20.121 -21.352 -21.355 -20.263 -21.214 -22.011 -22.097 -22.063 -21.859 -21.723 -21.922 -22.148 -22.174 -22.228 -22.345 -22.583 -22.976 -23.150 -22.856 -22.523 -22.315 -22.178 -22.432 -22.693 -23.031 -22.568 -21.647 -22.203 -22.073 -21.909 -22.297 -22.093 -22.046 -22.081 -21.609 -21.119 -20.929 -20.706 -19.706 -19.196 -18.661 -17.841 -17.037 -16.558
-2.507 -1.583 -0.960 -0.657 -0.509 -0.531 -1.038 -4.299 -8.113 -9.699 -10.131 -10.508 -11.117 -11.338 -11.587 -11.725 -11.641 -12.743 -14.295 -15.148 -15.974 -16.337 -16.744 -17.028 -17.165 -17.597 -17.764 -17.084 -17.195 -17.577 -16.651 -17.295 -17.742 -18.071 -17.981 -17.801 -18.280 -19.486 -20.732 -21.135 -20.746 -19.677 -19.128 -19.587 -20.106 -19.872 -19.104 -18.594 -18.771 -18.613 -18.317 -19.161 -20.238 -19.430 -19.532 -19.523 -20.711 -20.336 -19.119 -18.850 -19.156 -18.732 -18.012 -17.201 -16.863 -16.539 -16.753 -16.719 -15.675 -15.217 -15.685
-1.345 -0.428 0.130 0.317 0.139 -0.770 -5.935 -8.710 -9.447 -8.976 -9.179 -9.903 -10.453 -10.468 -10.474 -10.689 -10.893 -11.203 -11.166 -11.480 -12.257 -12.419 -12.703 -12.629 -13.046 -13.631 -13.683 -13.611 -13.626 -13.893 -14.380 -15.013 -14.993 -14.692 -14.701 -14.430 -15.012 -15.867 -16.655 -17.591 -17.642 -17.179 -16.701 -16.700 -16.849 -16.965 -16.865 -16.432 -16.181 -15.864 -15.385 -16.665 -17.606 -16.642 -16.856 -16.973 -17.964 -17.747 -17.242 -17.115 -15.854 -14.876 -15.192 -14.781 -14.679 -14.387 -13.894 -13.732 -13.184 -12.119 -10.921
-0.673 0.038 0.538 -0.133 -2.051 -5.230 -8.247 -8.780 -8.909 -8.671 -9.151 -9.659 -9.812 -9.491 -9.216 -9.256 -8.906 -8.566 -8.600 -8.782 -9.019 -9.034 -8.819 -8.908 -10.363 -10.008 -9.829 -10.184 -10.751 -11.467 -12.141 -12.519 -12.598 -12.289 -12.169 -12.255 -13.096 -13.933 -13.991 -14.271 -14.344 -14.341 -14.246 -14.258 -14.400 -14.663 -14.566 -14.056 -13.822 -13.449 -13.004 -13.110 -13.902 -14.268 -14.554 -14.668 -15.759 -15.757 -15.599 -15.440 -14.838 -14.052 -13.663 -13.231 -13.179 -11.875 -11.009 -10.170 -9.026 -8.064 -7.093
-0.317 0.097 -0.075 -5.566 -9.041 -8.537 -9.160 -8.802 -8.237 -9.296 -10.164 -9.794 -9.249 -8.490 -7.956 -7.731 -7.595 -7.156 -6.812 -6.542 -6.422 -6.395 -6.290 -6.420 -7.410 -6.527 -6.878 -7.457 -8.233 -9.029 -9.817 -10.126 -10.250 -10.626 -10.874 -10.878 -10.794 -11.358 -12.069 -12.474 -12.355 -12.335 -12.545 -12.448 -12.409 -12.463 -12.076 -11.723 -11.690 -11.747 -11.549 -11.557 -11.730 -11.886 -12.146 -12.519 -13.095 -12.072 -11.585 -11.189 -11.268 -11.393 -11.191 -8.315 -5.765 -6.000 -5.619 -5.004 -4.606 -3.540 -0.342
-0.589 -0.718 -1.249 -4.752 -5.863 -5.680 -7.306 -7.468 -7.082 -7.206 -7.707 -8.114 -7.337 -6.936 -6.726 -6.400 -5.840 -5.507 -5.115 -4.657 -4.474 -4.657 -4.304 -4.240 -4.935 -4.043 -4.487 -5.479 -6.308 -7.186 -7.758 -8.211 -8.429 -8.588 -8.830 -8.892 -8.812 -9.026 -9.882 -10.263 -10.151 -10.193 -10.773 -11.049 -10.821 -11.065 -11.846 -12.144 -11.020 -10.854 -10.980 -11.121 -10.891 -10.569 -10.076 -10.093 -9.314 -5.670 -4.142 -3.885 -3.505 -3.693 -3.842 -2.269 -3.105 -4.614 -1.111 0.949 2.076 3.088 3.906
-0.252 -0.316 -1.022 -1.778 -2.825 -3.713 -5.177 -4.816 -4.722 -5.145 -5.852 -5.981 -5.600 -5.274 -4.955 -4.265 -3.779 -3.358 -2.776 -2.555 -2.484 -2.278 -2.189 -2.258 -3.147 -2.746 -3.342 -4.239 -4.939 -5.783 -6.340 -6.806 -6.913 -6.863 -6.633 -6.395 -6.543 -6.736 -7.281 -7.568 -7.875 -8.568 -9.061 -9.512 -10.896 -12.553 -12.678 -12.621 -12.730 -11.360 -10.801 -10.497 -10.807 -11.153 -9.423 -7.819 -5.518 -3.613 -2.810 -2.045 -1.267 -0.451 0.204 -1.791 -4.088 -2.617 1.458 2.816 3.597 4.495 5.307
0.274 0.830 0.526 0.312 -0.160 -0.619 -0.759 -1.214 -1.677 -2.351 -3.140 -3.392 -3.173 -2.941 -2.568 -2.187 -1.762 -1.427 -1.207 -0.983 -0.618 -0.657 -1.201 -1.629 -2.668 -1.953 -2.343 -3.124 -3.729 -3.959 -4.183 -4.518 -4.669 -4.618 -4.354 -4.563 -5.782 -5.777 -7.264 -9.392 -9.462 -7.737 -7.490 -8.409 -9.099 -11.000 -10.197 -10.108 -9.828 -9.227 -8.191 -7.372 -7.582 -8.483 -8.237 -5.731 -4.586 -3.725 -2.908 -1.579 -0.333 0.774 1.511 -0.487 -1.638 1.674 3.061 3.774 4.649 5.391 6.003
2.185 2.687 2.542 2.110 1.419 1.060 1.175 0.780 0.529 0.049 -0.186 -0.315 -0.149 0.175 0.314 0.505 0.746 0.730 0.585 0.718 0.745 0.463 0.002 -0.932 -1.459 -1.435 -1.619 -2.075 -2.678 -2.598 -2.620 -2.269 -2.030 -2.792 -4.542 -6.446 -9.102 -8.223 -7.721 -8.653 -10.779 -9.925 -7.534 -6.466 -6.817 -7.621 -6.836 -7.242 -7.902 -8.519 -7.667 -6.590 -6.247 -7.802 -8.889 -6.215 -5.320 -3.711 -3.147 -2.022 -0.579 0.679 1.473 1.442 2.230 3.207 3.785 4.361 4.951 5.480 5.965
4.605 4.303 4.298 3.672 3.263 2.321 1.861 2.600 1.817 1.639 0.766 1.489 2.429 2.783 3.042 3.139 3.356 3.575 3.429 3.119 2.642 2.458 2.216 0.799 -0.031 0.474 0.546 -0.579 -1.134 -1.136 -2.000 -2.240 -1.797 -1.904 -2.640 -6.127 -9.948 -8.130 -5.455 -7.973 -8.908 -6.471 -4.859 -5.493 -7.612 -6.384 -4.796 -4.621 -5.834 -6.578 -4.764 -5.297 -5.189 -5.208 -4.823 -5.138 -6.080 -2.865 -2.567 -1.941 -0.905 0.049 0.720 1.454 2.451 3.127 3.727 4.238 4.608 5.033 5.464
6.938 6.233 5.502 3.224 2.260 1.870 3.126 4.708 5.543 5.010 2.888 3.338 5.651 6.051 6.197 6.758 7.123 6.965 6.274 5.873 5.020 5.224 5.016 3.537 2.510 3.005 3.464 3.057 3.095 2.565 2.321 2.712 1.927 0.247 -0.292 1.160 -0.309 -4.686 -4.470 -5.297 -5.910 -5.322 -2.998 -3.082 -3.194 -3.291 -3.890 -3.476 -4.832 -3.360 -1.890 -3.245 -3.774 -2.721 -2.953 -4.753 -2.039 -0.220 -0.815 -1.101 -0.987 -0.469 0.261 1.133 2.025 2.759 3.263 3.597 3.787 4.249 4.827
8.532 7.320 8.374 7.458 9.678 8.768 9.186 7.971 6.041 7.039 7.246 7.787 8.072 8.623 8.820 9.244 9.541 6.813 5.767 7.065 7.797 7.842 7.421 6.578 6.151 6.889 7.200 7.139 6.665 5.536 4.193 2.899 0.402 -1.142 -2.013 -1.319 1.607 1.786 1.078 0.790 0.798 0.609 0.180 0.722 1.325 0.420 -0.861 -2.154 -1.110 1.165 0.257 -0.944 -1.964 -0.511 -1.244 0.040 1.998 1.992 0.819 -0.064 -0.363 0.036 0.751 1.478 2.062 2.463 2.734 3.066 3.216 3.678 4.571
8.207 10.092 12.011 12.477 12.048 12.435 11.507 11.666 11.448 8.402 9.510 10.577 10.972 9.560 8.416 9.432 8.864 6.823 4.131 6.020 8.937 10.155 10.791 10.482 10.660 10.471 10.656 9.804 8.947 4.262 -0.972 -3.974 -1.348 3.552 5.422 5.310 6.254 7.183 5.728 2.551 4.039 5.004 4.075 3.650 2.600 1.396 0.748 1.322 2.501 3.171 1.798 0.006 -0.022 3.149 3.266 4.436 5.556 4.909 3.981 2.528 2.355 2.596 2.984 3.285 3.463 3.624 3.831 4.154 4.512 4.877 5.249
11.190 13.812 14.097 14.284 14.071 14.249 14.217 14.099 14.565 12.452 13.664 13.854 11.478 9.260 9.443 7.445 7.774 6.724 3.927 5.695 9.758 12.149 13.694 12.480 12.926 13.193 13.302 10.491 5.605 -3.294 -8.834 0.981 8.325 8.540 8.536 6.390 2.307 1.246 0.557 -5.231 -4.437 2.126 5.674 5.735 5.314 4.430 5.402 8.521 6.678 5.227 4.599 4.660 6.261 7.354 7.763 8.442 8.282 7.766 8.005 7.299 7.074 6.985 6.819 6.715 6.688 6.742 6.808 6.980 7.162 7.355 7.502
14.329 14.338 14.269 14.204 14.773 15.685 15.314 16.001 16.060 15.601 15.403 15.711 15.151 14.466 14.169 14.888 15.215 15.524 13.028 7.186 6.319 9.664 10.774 11.078 9.750 12.980 11.375 8.223 5.926 -3.080 -6.817 -10.323 -6.818 -2.983 -5.017 -9.510 -9.984 -7.967 -3.003 -1.745 -3.593 -0.531 4.331 6.183 7.462 7.820 9.147 10.230 7.945 7.380 7.660 7.938 8.884 10.549 11.244 10.495 9.248 11.570 12.055 11.896 11.569 11.525 11.299 11.097 10.965 10.971 10.943 10.892 10.936 10.975 11.025
13.328 13.678 15.725 18.341 18.370 18.117 17.315 17.122 17.117 16.998 16.850 16.721 17.029 17.263 17.600 15.189 16.185 17.773 19.441 14.631 8.479 10.133 14.406 15.699 12.811 13.568 7.865 3.965 4.831 13.225 9.852 -3.978 -10.906 -10.262 -7.998 -7.996 -7.919 -7.624 -5.958 -4.995 -4.487 -1.897 3.015 8.601 10.232 10.901 12.286 11.831 10.840 9.831 10.815 11.552 12.800 12.976 13.530 14.083 14.827 15.366 15.568 15.475 15.105 15.149 15.101 14.939 14.839 14.795 14.742 14.715 14.682 14.644 14.600
17.389 17.435 18.729 19.422 18.969 18.422 19.148 19.327 18.913 19.611 19.277 18.631 18.735 18.733 18.422 17.162 18.051 19.134 20.935 21.927 19.798 10.154 11.947 13.741 17.558 17.992 17.457 13.812 13.264 20.996 20.572 15.091 -0.518 -7.504 -6.516 -5.707 -5.120 -4.887 -4.868 -3.623 -1.827 0.683 8.718 14.314 12.534 12.621 13.497 12.964 13.400 13.243 14.089 15.491 16.587 16.619 17.635 17.761 17.760 17.972 18.021 17.980 17.870 17.700 18.059 18.054 17.948 17.905 17.882 17.858 17.823 17.782 17.685
20.213 19.764 19.547 20.002 19.818 19.377 19.362 19.683 20.362 20.789 19.947 19.796 19.965 19.993 19.703 18.600 19.564 19.677 20.772 21.761 22.598 19.810 15.828 15.051 18.915 17.442 19.285 17.090 21.045 23.593 23.895 22.402 20.689 15.284 4.767 -1.580 -1.567 -0.613 4.744 6.142 3.166 5.197 12.383 15.226 14.181 14.543 15.094 15.456 15.030 15.159 16.631 18.568 19.416 19.882 20.011 20.163 20.236 20.151 20.111 20.159 20.189 20.072 20.355 20.458 20.370 20.313 20.297 20.297 20.234 20.183 20.049
20.706 21.852 21.064 19.532 19.867 20.406 20.253 20.543 21.035 20.823 20.226 19.488 19.858 21.242 22.827 22.698 21.047 20.723 21.729 21.874 23.236 22.805 22.757 23.641 22.904 21.899 21.858 22.378 23.899 25.346 24.335 24.341 24.160 23.454 23.324 20.411 18.121 16.712 17.924 17.919 11.919 12.322 12.845 15.581 16.118 16.337 16.914 17.056 17.394 18.351 20.116 21.140 21.469 21.612 21.865 22.193 22.239 22.139 22.082 22.131 22.130 22.224 22.401 22.434 22.327 22.279 22.255 22.275 22.167 22.084 21.985
22.117 22.228 21.279 18.175 18.890 19.168 19.316 20.410 20.281 19.725 20.471 19.260 21.233 22.511 23.918 23.026 24.148 22.927 22.224 22.170 23.575 24.527 24.225 24.300 24.366 23.374 23.227 23.475 24.515 25.975 25.847 25.762 24.763 23.113 22.355 22.575 22.206 21.545 19.625 20.908 16.930 16.096 16.646 19.170 19.574 19.097 19.656 19.862 20.859 20.549 23.036 23.361 23.325 23.293 23.446 23.739 23.892 23.903 23.916 23.896 23.867 23.933 24.065 24.055 23.934 23.827 23.801 23.755 23.648 23.547 23.477
23.713 23.138 22.408 22.307 21.125 21.551 21.635 19.923 18.274 20.521 20.538 20.378 22.041 23.604 25.020 24.549 25.050 22.633 22.809 23.471 24.466 24.847 25.573 26.499 25.397 23.439 23.643 23.854 24.358 25.327 25.453 25.388 24.812 24.457 23.909 23.926 23.850 23.635 21.359 21.505 19.543 19.469 19.420 21.726 21.215 22.041 22.508 23.016 23.957 24.449 24.722 24.744 24.807 24.881 24.939 25.040 25.180 25.303 25.366 25.352 25.337 25.403 25.419 25.387 25.312 25.248 25.205 25.117 25.044 24.895 24.828
24.933 24.556 24.142 24.053 21.863 22.531 23.405 24.006 24.068 23.308 21.521 22.018 23.310 24.993 26.242 25.583 25.202 24.229 20.617 23.719 25.056 25.241 24.870 25.268 23.900 24.042 24.428 24.803 25.138 25.726 24.428 25.530 25.595 24.682 24.598 25.744 25.357 25.137 24.068 23.378 22.610 22.778 21.585 22.797 22.880 23.730 24.878 25.282 25.710 25.687 25.937 25.873 25.986 26.118 26.138 26.078 26.204 26.413 26.276 26.258 26.356 26.347 26.328 26.282 26.259 26.165 26.092 26.028 25.937 25.780 25.742
25.991 26.111 25.386 24.892 24.601 24.304 24.744 25.738 26.321 25.234 22.588 22.415 24.243 25.338 26.202 25.986 23.857 26.033 21.253 23.301 23.289 24.198 23.798 24.154 24.312 24.572 24.916 25.287 25.557 26.018 24.865 25.758 26.043 26.473 26.519 26.392 26.019 25.694 25.491 25.493 24.510 24.921 24.911 23.531 24.526 25.389 25.945 26.325 26.427 24.950 26.274 26.327 26.736 26.840 26.749 26.743 26.856 27.009 26.877 26.819 26.905 26.897 26.815 26.713 26.592 26.495 26.410 26.330 26.240 26.158 26.076
25.486 25.460 25.305 24.415 24.579 26.088 26.573 26.805 26.841 24.977 22.662 23.428 24.540 25.426 25.046 22.018 17.685 25.149 23.187 23.378 24.884 25.139 24.777 24.778 24.944 25.163 25.427 25.781 25.965 26.213 25.875 24.195 25.657 27.012 26.860 26.779 26.568 26.267 26.125 26.259 25.008 25.463 25.377 24.875 24.494 26.171 26.530 26.695 26.780 26.294 26.406 26.661 27.023 27.192 27.080 27.097 27.182 27.181 26.961 26.951 27.022 26.986 26.864 26.729 26.574 26.485 26.412 26.379 26.348 26.303 26.199
25.662 25.752 25.298 24.102 23.321 25.669 26.265 26.592 25.937 25.633 24.710 25.015 24.844 24.637 24.254 19.548 15.773 23.758 24.499 25.057 24.669 25.233 24.935 25.237 25.581 25.794 26.015 26.249 26.246 26.419 26.435 24.646 26.534 26.961 27.201 27.044 26.866 26.572 26.372 26.422 25.733 25.572 24.970 25.158 25.176 26.570 26.829 26.862 26.786 26.358 26.287 26.740 27.194 27.191 27.066 27.063 27.132 27.151 27.032 26.997 26.967 26.962 26.872 26.731 26.571 26.524 26.508 26.550 26.601 26.494 26.285
