data-raw/tempfiles/15_grid_data_15000BP.asc
ncols 144
nrows 72
xllcorner -180
yllcorner -90
cellsize 2.5
nodata_value -9999
[rows 32 to 63 of 72, columns 71 to 141 of 144]
25.674 24.942 24.705 25.053 24.401 24.896 24.895 25.436 25.964 25.831 24.689 24.985 25.522 25.446 23.651 17.525 15.977 19.816 21.245 23.504 24.312 24.925 25.117 25.493 25.846 26.066 26.306 26.565 26.633 26.676 26.690 26.011 26.691 26.837 27.154 27.036 26.933 26.728 26.632 26.640 26.071 25.731 25.518 25.567 26.460 26.738 26.867 26.973 26.819 26.693 25.749 26.007 26.844 26.885 26.818 26.800 26.903 26.990 26.973 26.811 26.841 26.962 26.851 26.684 26.642 26.655 26.668 26.728 26.817 26.646 26.381
25.132 25.327 25.056 24.717 23.839 22.045 22.069 23.522 24.681 24.402 24.360 24.699 24.784 25.280 25.683 20.973 17.889 22.546 24.995 25.608 25.857 25.014 25.419 25.675 25.921 26.055 26.217 26.419 26.548 26.656 26.701 26.763 26.631 26.111 26.983 26.968 26.985 26.886 26.777 26.294 26.313 24.420 25.139 25.658 26.365 26.451 26.672 25.393 26.204 26.551 26.062 26.093 26.691 26.686 26.650 26.638 26.679 26.639 26.381 26.556 26.895 26.840 26.800 26.658 26.708 26.775 26.743 26.718 26.764 26.657 26.474
25.597 25.557 25.481 25.006 23.934 22.705 22.103 22.944 23.808 23.493 23.038 23.260 23.142 24.210 25.503 27.089 22.887 24.986 25.927 26.336 25.267 25.365 25.568 25.725 25.894 25.998 26.160 26.320 26.481 26.557 26.570 26.519 26.521 26.564 26.668 26.734 26.808 26.808 26.711 24.914 24.672 24.289 24.213 24.774 25.208 25.309 25.102 23.821 26.071 26.477 26.454 26.420 26.538 26.566 26.480 26.160 26.107 26.427 26.647 26.825 26.930 26.870 26.773 26.627 26.637 26.714 26.650 26.633 26.716 26.784 26.730
25.465 25.410 25.331 25.198 24.960 23.015 22.699 23.511 23.810 23.628 23.236 22.587 21.389 21.821 23.502 23.026 24.986 26.957 26.447 25.612 25.358 25.343 25.484 25.678 25.856 25.981 26.131 26.259 26.376 26.478 26.499 26.431 26.377 26.374 26.441 26.518 26.586 26.524 26.390 26.267 24.784 24.610 24.125 23.953 23.825 24.198 23.515 23.661 25.772 25.460 25.914 26.330 26.086 26.448 26.362 26.566 26.556 26.684 26.738 26.795 26.902 26.930 26.740 26.559 26.529 26.581 26.584 26.639 26.774 26.927 26.942
24.859 24.811 24.767 24.688 24.825 23.569 23.000 23.934 23.839 23.722 23.267 22.305 20.231 20.487 22.241 20.753 24.890 26.499 25.542 25.546 25.458 25.415 25.485 25.661 25.809 25.879 25.953 26.047 26.201 26.309 26.298 26.233 26.201 26.243 26.283 26.281 26.259 26.227 26.165 26.065 25.590 23.883 24.142 23.763 23.638 24.077 24.619 25.244 25.380 24.464 26.159 26.504 26.324 25.739 24.916 26.062 26.062 26.438 26.561 26.603 26.798 26.932 26.832 26.620 26.542 26.608 26.613 26.678 26.767 26.880 27.018
24.622 24.515 24.469 24.449 24.751 23.629 22.882 23.761 24.047 23.812 23.431 22.923 20.787 21.703 23.667 23.134 24.745 25.705 25.837 25.832 25.529 25.437 25.453 25.587 25.695 25.732 25.765 25.798 25.924 26.133 26.164 26.077 26.034 26.072 26.095 26.096 26.023 26.048 26.079 25.960 26.013 25.291 24.183 24.371 24.006 24.419 24.893 25.511 25.735 25.045 26.607 26.219 26.175 26.309 25.422 22.218 21.491 23.343 25.175 26.394 26.772 26.305 26.629 26.599 26.464 26.528 26.567 26.576 26.638 26.757 26.910
24.205 23.972 23.824 23.878 24.048 23.859 23.395 22.788 22.694 23.301 23.315 23.466 22.655 22.445 22.597 22.784 24.925 25.619 25.810 25.811 25.570 25.391 25.411 25.514 25.608 25.656 25.667 25.671 25.788 25.977 26.049 25.981 25.956 25.894 25.948 26.001 25.981 25.999 26.035 26.091 26.324 26.264 25.719 25.043 24.299 24.548 25.050 26.014 26.684 27.052 26.940 26.764 26.715 26.680 26.508 26.021 25.302 23.302 19.259 21.317 25.436 25.490 26.509 26.216 26.359 26.390 26.459 26.464 26.480 26.566 26.715
23.618 23.275 23.011 23.057 23.247 23.593 23.934 22.152 21.861 22.033 22.144 22.743 21.745 21.245 20.746 21.016 23.760 25.346 25.591 25.711 25.526 25.406 25.451 25.510 25.558 25.579 25.555 25.571 25.735 25.896 25.950 25.818 25.851 25.847 25.833 25.904 25.967 26.007 26.024 26.102 26.238 26.316 26.340 26.130 25.844 25.734 25.690 26.293 26.585 26.801 26.735 26.588 27.006 26.932 26.547 25.894 25.034 24.265 23.853 23.109 23.709 26.032 26.385 26.335 26.180 25.984 26.330 26.329 26.341 26.374 26.475
22.835 22.623 22.338 22.044 22.057 22.466 21.688 19.380 20.794 21.669 21.714 21.189 21.639 21.021 20.361 21.578 22.717 25.413 25.899 25.816 25.506 25.421 25.485 25.526 25.485 25.433 25.428 25.443 25.581 25.668 25.700 25.446 25.625 25.670 25.723 25.769 25.829 25.890 25.926 25.951 25.954 25.966 25.917 26.110 26.218 26.402 26.675 26.751 27.020 27.148 27.125 27.100 26.913 27.127 26.692 26.359 25.775 25.264 24.352 25.083 24.980 25.707 26.104 26.190 26.092 25.998 26.103 26.054 26.036 26.095 26.219
22.206 22.132 21.882 21.381 20.909 21.228 21.951 19.342 20.268 21.586 22.351 21.772 21.132 21.915 20.964 21.737 22.769 25.494 25.720 25.537 23.563 25.107 25.584 25.468 25.316 25.230 25.197 25.200 25.245 25.263 25.208 25.050 25.222 25.322 25.388 25.442 25.457 25.481 25.508 25.530 25.419 25.422 25.501 25.570 25.641 25.819 26.115 26.418 26.787 26.983 27.036 26.859 27.115 27.502 26.873 26.870 26.518 26.231 25.078 25.158 25.386 25.605 25.790 25.849 25.751 25.758 25.701 25.498 25.524 25.684 25.893
21.878 21.800 21.565 20.929 19.981 21.786 23.675 22.707 21.529 22.411 23.272 21.989 22.013 22.263 23.575 23.368 24.555 25.570 25.313 25.175 21.724 24.740 25.429 25.251 25.042 24.931 24.844 24.799 24.751 24.688 24.552 24.627 24.664 24.696 24.675 24.670 24.680 24.664 24.646 24.683 24.581 24.581 24.643 24.659 24.909 25.173 25.531 25.966 26.389 26.480 26.931 26.249 27.471 27.427 26.878 26.545 26.222 26.507 25.257 24.160 24.981 25.072 25.177 25.168 25.104 25.130 25.070 24.766 24.702 24.956 25.261
21.670 21.457 21.340 20.785 19.705 19.756 22.469 22.186 21.540 22.428 23.122 22.484 21.086 19.734 22.326 24.547 25.120 25.212 24.449 21.306 21.124 24.858 25.248 24.932 24.511 24.374 24.268 24.207 24.095 24.003 23.817 23.882 23.895 23.745 23.659 23.684 23.605 23.591 23.531 23.520 23.418 23.471 23.371 23.675 23.921 24.331 24.846 25.434 25.511 26.175 26.639 26.530 25.836 26.115 26.075 26.132 26.098 26.477 23.959 23.095 24.307 24.282 24.332 24.245 24.161 24.218 24.250 24.044 23.795 23.971 24.305
21.380 21.090 20.876 20.592 19.902 18.575 20.741 20.372 19.748 21.662 22.854 22.346 21.665 23.158 24.115 24.338 24.858 24.526 23.964 21.027 22.706 24.411 24.773 24.306 24.019 23.648 23.506 23.390 23.282 23.146 23.056 22.922 22.816 22.692 22.576 22.524 22.428 22.357 22.177 22.233 22.115 22.127 22.129 22.486 22.726 23.162 23.945 25.321 24.923 24.985 24.935 24.611 24.221 23.689 23.408 23.964 24.572 25.047 24.065 23.520 22.907 23.255 23.459 23.301 23.165 23.212 23.135 22.771 22.945 22.999 23.220
20.997 20.745 20.378 19.915 19.642 18.392 18.436 20.721 20.326 20.865 21.210 21.151 21.003 23.119 25.220 24.090 24.096 23.923 23.615 21.641 23.725 23.971 23.960 23.669 23.289 22.908 22.704 22.555 22.484 22.328 22.033 21.873 21.702 21.576 21.443 21.367 21.293 21.104 20.859 20.939 20.642 20.625 20.727 21.154 21.594 22.017 23.613 23.384 22.692 23.121 23.778 23.377 22.408 21.429 21.283 23.000 23.785 23.934 23.356 22.227 21.794 21.862 22.553 22.498 22.267 22.218 22.294 22.253 22.073 22.030 22.083
20.411 20.230 19.968 19.638 19.515 18.683 17.799 20.554 20.435 20.913 19.674 18.483 17.832 20.322 23.776 23.195 23.080 23.050 23.457 23.180 23.107 22.737 22.639 22.493 22.116 21.809 21.577 21.455 21.409 21.228 20.817 20.725 20.623 20.459 20.286 19.980 19.740 19.569 19.571 19.493 18.949 19.062 19.216 19.757 20.267 20.781 22.188 22.033 21.542 21.635 21.743 21.150 19.508 19.562 21.092 22.313 22.730 22.424 21.887 20.966 20.061 19.932 21.177 21.612 21.289 21.145 21.020 20.921 20.780 20.765 20.855
19.554 19.318 19.191 19.148 19.032 18.664 17.682 19.554 20.040 19.845 18.357 17.478 15.602 20.384 22.504 22.140 22.060 21.917 21.916 21.796 21.617 21.119 20.598 20.214 20.323 20.038 20.034 19.706 19.878 19.827 19.649 19.362 19.094 18.379 17.277 16.673 16.594 16.641 17.071 17.187 16.865 17.075 17.951 18.525 18.928 19.558 20.525 20.597 19.703 19.995 19.963 20.427 19.598 19.456 20.130 21.250 21.317 21.375 21.182 20.441 19.925 17.408 19.772 20.707 20.356 20.008 19.773 19.492 19.386 19.444 19.547
18.281 18.155 18.235 18.298 18.233 18.197 17.983 17.658 19.132 18.166 17.514 16.586 17.884 21.073 21.052 20.637 20.546 20.364 20.241 20.111 19.725 18.657 18.631 18.535 18.689 18.633 18.430 17.959 17.667 18.186 18.043 17.381 15.908 15.183 15.085 15.054 14.995 14.950 14.870 14.944 15.044 15.264 16.238 17.073 17.377 18.043 19.021 19.174 18.563 18.756 19.590 20.329 19.708 19.261 19.189 19.361 18.844 19.427 19.142 18.579 17.700 15.736 19.404 19.737 19.461 19.109 18.771 18.451 18.235 18.125 18.181
16.435 16.383 16.568 16.868 16.893 17.063 17.266 17.254 17.888 18.486 19.009 19.540 19.510 19.463 19.246 18.842 18.759 18.610 18.461 17.790 17.063 17.045 17.223 17.095 16.739 16.716 16.112 15.603 15.559 16.117 15.642 14.222 13.426 13.354 13.369 13.219 13.101 13.057 13.105 13.142 13.240 13.499 14.082 14.914 15.520 16.336 17.388 17.630 17.710 17.773 17.669 16.676 16.507 16.525 17.175 18.253 17.866 18.264 17.803 16.620 14.937 17.336 18.821 18.713 18.427 18.102 17.722 17.422 17.053 16.782 16.681
14.651 14.645 14.590 14.659 14.869 15.271 15.764 16.387 16.963 17.493 17.768 18.031 17.907 17.697 17.420 17.314 17.160 16.892 16.551 15.848 15.561 15.584 15.417 15.235 15.075 15.272 15.054 14.658 14.327 13.308 12.711 12.136 12.329 12.564 12.104 11.462 11.341 11.443 11.826 11.864 11.741 12.057 12.592 12.997 13.545 14.130 14.865 15.301 15.304 15.022 14.865 14.854 14.934 15.088 15.258 15.593 15.984 16.162 15.573 14.350 13.228 16.326 17.308 17.333 17.163 16.843 16.475 16.195 15.876 15.615 15.135
12.204 12.402 12.376 12.473 12.652 13.113 13.795 14.583 15.354 15.552 15.681 15.465 15.204 15.070 14.995 14.691 14.593 14.413 14.177 14.243 14.306 14.195 14.271 14.164 14.286 14.272 14.158 13.691 13.110 12.148 11.436 12.114 12.610 12.490 12.252 11.787 11.189 10.975 10.839 10.203 10.316 10.877 11.266 11.407 11.638 11.893 12.350 12.821 12.799 12.768 12.807 12.879 13.081 13.260 13.373 13.736 14.115 14.617 14.652 14.085 14.566 14.977 15.348 15.447 15.328 15.036 14.768 14.692 14.710 14.703 13.752
9.759 9.860 9.927 9.994 10.070 10.456 10.940 11.654 12.230 12.192 12.259 12.176 12.145 12.237 12.042 11.992 11.875 11.648 11.455 11.559 11.595 11.502 11.885 12.217 12.665 12.876 12.825 12.495 12.197 11.721 11.155 10.615 10.629 10.911 10.893 10.589 10.438 10.350 10.154 9.872 10.014 10.077 9.966 9.926 9.915 9.951 10.063 10.300 10.536 10.812 10.908 10.829 10.957 11.349 11.496 11.797 12.214 12.613 12.763 11.907 12.788 13.342 13.488 13.475 13.424 13.254 13.220 13.277 13.497 12.094 11.696
7.827 7.619 7.624 7.412 7.629 7.750 8.086 8.311 8.420 8.688 8.770 8.878 9.019 9.155 9.033 8.902 8.887 8.632 8.542 8.548 8.505 8.455 8.806 9.444 10.111 10.626 10.863 10.582 10.307 10.313 10.179 9.983 9.538 9.181 8.944 8.763 8.847 8.769 8.562 8.540 8.594 8.653 8.620 8.692 8.777 8.772 8.767 8.754 8.946 9.322 9.430 9.425 9.470 9.657 9.762 10.017 10.440 10.742 11.124 11.391 11.590 11.632 11.551 11.507 11.561 11.595 11.785 11.600 9.095 8.744 11.190
5.598 5.529 5.402 5.048 4.879 4.889 5.118 5.419 5.623 5.668 5.583 5.764 6.186 6.333 6.319 6.241 6.352 6.450 6.420 6.331 6.163 6.085 6.245 6.583 7.094 7.560 7.788 7.650 7.560 7.614 7.700 7.747 7.568 7.351 7.339 7.452 7.265 6.703 6.587 6.419 6.337 6.487 6.776 6.842 6.933 7.091 7.182 7.333 7.330 7.607 7.988 8.096 8.180 8.358 8.422 8.396 8.768 9.059 9.260 9.544 9.628 9.657 9.631 9.681 9.815 10.070 10.429 9.825 8.499 10.145 10.255
3.374 3.373 3.369 3.252 3.126 3.034 3.035 3.147 3.151 3.202 3.168 3.399 3.800 4.033 4.164 4.184 4.236 4.429 4.539 4.563 4.512 4.457 4.374 4.413 4.658 4.947 5.185 5.191 5.037 5.157 4.956 4.825 4.805 4.798 4.923 4.836 4.630 4.825 5.029 4.585 4.347 4.558 4.729 4.687 4.577 4.849 5.161 5.387 5.529 5.660 6.128 6.387 6.548 6.706 6.821 6.845 6.882 7.196 7.291 7.439 7.640 7.768 7.851 7.995 8.166 8.464 8.734 8.914 8.842 8.598 8.432
1.072 1.164 1.156 1.078 0.970 0.882 0.925 0.969 0.995 0.997 1.066 1.249 1.539 1.855 2.072 2.212 2.386 2.457 2.506 2.588 2.633 2.672 2.581 2.514 2.656 2.824 3.114 3.238 3.188 3.123 2.753 2.452 2.301 2.305 2.372 2.508 2.557 2.786 2.867 2.614 2.313 2.365 2.529 2.617 2.619 2.600 2.849 3.088 3.372 3.615 3.967 4.386 4.665 4.671 4.591 4.833 4.907 5.006 5.108 5.228 5.502 5.769 5.984 6.128 6.371 6.650 6.893 7.072 7.155 7.045 6.860
-1.146 -1.074 -1.039 -1.061 -1.156 -1.200 -1.115 -0.994 -0.935 -0.860 -0.728 -0.510 -0.184 0.139 0.378 0.579 0.648 0.673 0.624 0.595 0.725 0.817 0.771 0.774 0.859 1.118 1.293 1.318 1.190 0.985 0.557 0.164 -0.123 -0.149 0.087 0.409 0.542 0.750 0.675 0.496 0.483 0.663 0.656 0.594 0.588 0.505 0.797 1.139 1.434 1.723 2.014 2.321 2.494 2.571 2.616 2.810 2.790 2.741 2.768 2.909 3.182 3.544 3.851 3.927 4.025 4.532 4.940 5.278 5.429 5.371 5.225
-3.131 -3.111 -3.104 -3.113 -3.114 -3.012 -2.870 -2.651 -2.520 -2.375 -2.008 -1.655 -1.344 -1.088 -0.937 -0.715 -0.703 -0.712 -0.706 -0.881 -0.946 -1.010 -1.144 -1.175 -1.212 -1.088 -1.020 -1.032 -1.121 -1.339 -1.687 -2.063 -2.319 -2.334 -2.164 -1.851 -1.648 -1.564 -1.533 -1.548 -1.612 -1.617 -1.591 -1.496 -1.411 -1.346 -1.167 -0.891 -0.697 -0.398 -0.207 -0.018 0.073 0.264 0.531 0.664 0.758 0.680 0.552 0.640 0.823 1.137 1.563 1.732 1.704 2.059 2.785 3.289 3.616 3.694 3.637
-4.902 -4.882 -4.869 -4.964 -4.884 -4.608 -4.396 -4.211 -3.968 -3.574 -3.229 -2.947 -2.609 -2.621 -2.636 -2.487 -2.567 -2.585 -2.672 -2.938 -3.111 -3.308 -3.623 -3.903 -3.989 -3.838 -3.822 -3.723 -3.905 -4.262 -4.617 -4.947 -5.079 -5.048 -4.921 -4.447 -4.137 -4.162 -4.340 -4.305 -4.182 -4.079 -3.869 -3.707 -3.480 -3.270 -3.084 -2.950 -2.693 -2.548 -2.412 -2.222 -2.080 -1.979 -1.732 -1.681 -1.723 -1.517 -1.550 -1.686 -1.537 -1.378 -1.137 -0.745 -0.631 -0.430 0.212 0.759 1.145 1.371 1.395
-6.341 -6.185 -6.082 -6.343 -6.350 -6.026 -5.860 -5.607 -5.358 -5.222 -5.040 -4.787 -4.660 -4.698 -4.618 -4.635 -4.642 -4.774 -5.057 -5.349 -5.757 -6.340 -6.883 -7.304 -7.582 -7.492 -7.555 -7.530 -7.689 -7.759 -7.845 -7.890 -7.770 -7.740 -7.769 -7.702 -7.533 -7.516 -7.527 -7.475 -7.281 -7.018 -6.663 -6.373 -6.134 -5.876 -5.559 -5.441 -5.163 -5.019 -4.823 -4.616 -4.438 -4.361 -4.395 -4.476 -4.614 -4.535 -4.541 -4.622 -4.589 -4.546 -4.410 -3.872 -3.554 -3.393 -2.977 -2.658 -2.376 -2.077 -1.676
-7.899 -7.742 -7.559 -7.474 -7.533 -7.640 -7.745 -7.671 -7.572 -7.468 -7.381 -7.313 -7.354 -7.381 -7.409 -7.646 -7.640 -7.923 -8.446 -8.774 -9.465 -10.150 -10.620 -11.228 -11.732 -11.661 -11.958 -12.099 -12.152 -12.105 -11.958 -11.872 -11.732 -11.616 -11.707 -11.955 -11.990 -11.905 -11.840 -11.854 -11.739 -11.473 -10.969 -10.488 -10.098 -9.878 -9.755 -9.672 -9.269 -8.845 -8.659 -8.641 -8.562 -8.565 -8.750 -8.893 -9.074 -9.075 -9.015 -9.114 -9.044 -8.886 -8.813 -8.542 -8.462 -8.277 -7.835 -7.438 -7.069 -6.672 -6.312
-10.407 -9.962 -9.900 -9.864 -9.749 -10.017 -10.465 -10.503 -10.489 -10.327 -10.318 -10.335 -10.313 -10.283 -10.288 -10.242 -10.448 -10.908 -11.319 -12.314 -13.544 -17.185 -20.313 -17.806 -16.239 -16.451 -16.627 -16.210 -16.033 -16.166 -15.640 -15.703 -15.063 -14.605 -16.049 -17.278 -17.547 -17.474 -17.737 -19.704 -19.181 -19.396 -19.544 -17.221 -15.073 -16.431 -16.767 -14.881 -13.765 -14.226 -15.147 -15.702 -15.395 -17.460 -18.404 -17.801 -17.630 -16.137 -14.847 -14.021 -13.589 -13.560 -13.374 -12.961 -12.914 -12.466 -12.156 -11.391 -11.275 -10.999 -10.543
-13.895 -13.463 -12.838 -12.540 -12.257 -12.392 -13.117 -13.181 -12.911 -12.804 -12.835 -12.747 -12.643 -13.229 -14.707 -14.016 -13.412 -16.706 -21.815 -24.428 -25.933 -29.189 -31.499 -30.856 -30.309 -29.153 -27.515 -24.455 -22.205 -20.134 -17.878 -16.939 -19.613 -23.381 -25.749 -27.490 -28.501 -29.786 -30.929 -31.509 -31.190 -31.227 -31.882 -31.424 -29.747 -27.955 -26.728 -25.999 -25.889 -26.960 -28.635 -29.395 -29.576 -30.597 -32.122 -32.515 -31.632 -29.069 -25.923 -23.529 -22.533 -21.313 -20.996 -19.716 -18.055 -16.539 -16.498 -15.735 -15.137 -14.785 -14.624
