data-raw/tempfiles/15_grid_data_15000BP.asc
ncols 144
nrows 72
xllcorner -180
yllcorner -90
cellsize 2.5
nodata_value -9999
[rows 32 to 63 of 72, columns 0 to 70 of 144]
26.136 25.838 25.787 25.730 25.643 25.562 25.544 25.471 25.405 25.260 25.137 25.036 24.945 24.842 24.754 24.671 24.631 24.579 24.528 24.535 24.601 24.654 24.756 24.935 25.134 25.304 25.432 25.545 25.701 25.870 25.900 25.896 25.887 25.944 26.025 25.974 25.988 26.095 24.968 25.237 25.685 25.862 26.118 24.154 26.042 26.438 25.719 24.629 24.619 24.731 24.768 24.821 24.896 24.836 24.827 24.698 24.631 24.407 24.362 24.311 24.354 24.492 24.611 24.684 25.020 25.543 25.665 24.273 23.402 24.421 25.289
26.278 26.046 25.960 25.897 25.819 25.748 25.698 25.686 25.713 25.626 25.475 25.384 25.309 25.211 25.146 25.103 25.106 25.054 24.983 24.930 24.930 24.913 24.879 24.952 25.066 25.175 25.245 25.288 25.326 25.373 25.398 25.441 25.467 25.512 25.525 25.586 25.713 25.915 26.146 26.130 25.456 23.158 22.273 25.483 26.846 23.355 24.191 23.226 23.920 24.805 24.789 24.971 25.130 25.202 25.259 25.196 25.097 24.870 24.769 24.827 24.950 25.078 25.150 25.208 25.480 25.910 26.428 25.494 24.203 24.345 24.780
26.263 26.196 26.140 26.144 26.057 25.986 26.011 26.064 26.165 26.135 25.885 25.683 25.647 25.550 25.386 25.446 25.401 25.255 25.256 25.160 24.979 24.939 24.844 24.768 24.829 24.838 24.860 24.926 24.882 24.869 24.855 24.864 24.901 24.976 25.055 25.179 25.311 25.306 25.336 25.316 24.951 21.941 23.806 26.717 25.964 23.585 23.414 25.179 24.576 24.345 24.366 24.543 25.269 25.349 25.588 25.616 25.411 25.181 25.053 25.194 25.365 25.392 25.331 25.253 25.349 25.537 25.880 25.884 25.614 25.386 25.560
26.285 26.324 26.287 26.240 26.150 26.045 26.008 26.112 26.238 26.149 25.884 25.674 25.519 25.425 25.331 25.318 25.263 25.081 24.977 24.905 24.723 24.545 24.381 24.253 24.147 24.141 24.104 24.137 24.141 24.035 23.942 23.882 23.828 23.730 23.777 23.926 24.090 24.068 24.199 24.239 21.819 21.321 24.484 25.646 25.707 24.959 24.939 25.289 24.182 24.272 24.396 24.255 25.195 25.523 25.824 25.852 25.741 25.568 25.436 25.515 25.537 25.458 25.295 25.124 25.029 25.070 25.275 25.386 25.501 25.478 25.519
26.496 26.462 26.477 26.450 26.343 26.225 26.157 26.199 26.247 26.168 26.006 25.854 25.713 25.613 25.593 25.547 25.429 25.299 25.198 25.091 24.982 24.796 24.557 24.315 24.134 24.002 23.930 23.925 23.911 23.815 23.662 23.458 23.308 23.104 23.005 22.930 23.085 22.846 22.781 22.758 18.077 24.806 25.714 25.749 25.830 25.379 24.796 24.896 24.362 24.283 24.533 25.010 25.130 25.296 25.768 26.045 26.005 25.927 25.790 25.790 25.758 25.643 25.435 25.195 24.996 24.938 24.931 24.963 25.081 25.117 25.025
26.760 26.622 26.727 26.682 26.528 26.430 26.351 26.343 26.344 26.200 26.084 26.018 25.906 25.871 25.937 25.787 25.652 25.586 25.460 25.357 25.297 25.106 24.944 24.783 24.530 24.395 24.325 24.161 24.093 24.083 23.893 23.737 23.615 23.337 23.195 23.061 22.972 22.641 22.088 22.315 20.219 24.838 25.942 25.896 25.438 24.161 24.541 25.036 25.308 24.269 23.804 24.099 24.444 24.024 26.111 26.460 26.372 26.351 26.062 25.998 25.999 25.852 25.655 25.421 25.235 25.155 25.071 25.003 25.002 25.002 24.864
26.896 26.681 26.888 26.927 26.691 26.535 26.534 26.489 26.423 26.295 26.197 26.148 26.128 26.105 26.071 25.918 25.801 25.681 25.610 25.510 25.383 25.268 25.106 24.991 24.870 24.699 24.587 24.444 24.339 24.213 24.032 23.848 23.716 23.527 23.300 23.098 22.973 22.772 22.205 22.165 19.089 23.164 25.269 25.888 25.641 24.372 24.377 24.280 24.741 23.706 22.925 23.192 23.926 24.172 24.947 25.587 26.521 25.875 26.010 26.113 26.060 25.897 25.704 25.505 25.328 25.218 25.053 24.777 24.617 24.563 24.436
26.928 26.728 27.006 27.087 26.838 26.697 26.696 26.684 26.554 26.323 26.186 26.152 26.183 26.210 26.120 25.948 25.819 25.741 25.693 25.582 25.434 25.262 25.092 24.982 24.895 24.793 24.711 24.601 24.418 24.187 23.963 23.739 23.494 23.217 22.887 22.639 22.566 22.542 22.082 21.139 18.178 18.179 23.876 23.417 24.292 24.335 24.338 23.740 23.473 23.065 22.923 23.286 24.279 24.164 24.826 24.826 24.620 23.580 25.942 26.069 25.963 25.744 25.505 25.282 25.066 24.855 24.602 24.220 23.848 23.791 23.761
26.705 26.475 26.711 26.868 26.721 26.673 26.654 26.576 26.445 26.246 26.147 26.165 26.260 26.293 26.176 26.036 25.897 25.771 25.723 25.586 25.413 25.245 25.077 24.925 24.857 24.751 24.638 24.559 24.330 24.059 23.795 23.445 23.034 22.692 22.289 22.011 21.866 21.784 21.484 21.027 19.823 13.145 19.622 22.800 23.542 24.275 23.819 23.594 23.028 23.362 23.619 23.980 24.030 22.541 23.760 22.653 23.901 25.071 26.031 25.939 25.691 25.445 25.175 24.898 24.589 24.284 24.007 23.655 23.336 23.032 22.914
26.273 26.076 26.209 26.224 26.232 26.212 26.213 26.177 26.084 25.981 26.012 26.109 26.207 26.233 26.131 26.000 25.858 25.648 25.464 25.354 25.228 25.051 24.905 24.769 24.609 24.459 24.292 24.131 23.977 23.719 23.397 23.053 22.622 22.205 21.726 21.187 20.855 20.821 20.858 20.583 19.870 17.232 10.424 10.870 19.915 23.984 23.540 23.197 22.680 23.593 23.687 24.245 23.006 21.880 22.841 21.671 24.248 25.954 26.005 25.705 25.368 25.056 24.751 24.420 24.082 23.867 23.635 23.288 22.874 22.529 22.312
25.688 25.582 25.648 25.557 25.467 25.498 25.589 25.655 25.613 25.588 25.672 25.779 25.835 25.839 25.790 25.705 25.539 25.248 25.046 24.915 24.826 24.670 24.522 24.343 24.198 24.012 23.820 23.630 23.415 23.209 22.970 22.626 22.119 21.601 21.278 20.670 20.519 20.437 20.249 20.017 19.596 19.512 16.952 10.228 9.735 18.934 22.841 22.994 23.920 24.698 23.495 23.251 21.609 21.695 22.026 22.094 24.514 25.747 25.752 25.431 25.121 24.791 24.457 24.073 23.683 23.572 23.408 23.035 22.688 22.284 21.978
24.753 24.641 24.663 24.578 24.466 24.525 24.708 24.810 24.804 24.787 24.796 24.789 24.824 24.912 24.938 24.994 24.901 24.601 24.359 24.204 24.134 24.044 23.915 23.820 23.705 23.538 23.386 23.189 22.990 22.805 22.307 21.841 21.332 21.400 21.295 20.930 20.458 20.309 19.993 19.827 19.498 19.235 18.993 18.252 8.541 10.505 19.458 23.226 24.041 24.524 23.264 22.515 21.900 20.986 21.255 23.160 24.562 25.226 25.189 24.956 24.715 24.441 24.124 23.742 23.328 23.258 23.221 22.829 22.556 22.222 21.908
23.566 23.389 23.322 23.256 23.233 23.339 23.458 23.509 23.540 23.544 23.532 23.500 23.579 23.716 23.833 23.942 23.920 23.668 23.405 23.286 23.247 23.234 23.164 23.087 23.003 22.912 22.814 22.679 22.513 22.281 21.593 21.190 21.085 21.213 21.038 20.734 20.375 20.110 19.795 19.462 19.186 18.838 18.199 18.197 10.526 6.832 18.774 23.252 23.761 22.704 22.910 22.880 21.636 20.000 20.362 23.261 24.371 24.605 24.373 24.191 24.003 23.804 23.610 23.346 22.915 22.838 22.784 22.577 22.365 22.093 21.692
22.163 22.034 21.967 21.936 21.942 21.989 22.030 22.029 22.079 22.137 22.119 22.154 22.275 22.392 22.460 22.557 22.535 22.413 22.301 22.237 22.220 22.229 22.193 22.138 22.058 22.047 22.023 22.049 21.918 21.413 20.963 20.735 20.757 20.689 20.490 20.213 19.946 19.730 19.437 19.125 18.828 18.367 17.681 17.906 9.661 5.658 20.419 22.803 22.581 21.972 21.494 20.310 20.130 21.238 22.735 23.535 23.609 23.516 23.268 23.120 23.070 22.968 22.843 22.699 22.443 22.294 22.289 22.137 21.968 21.764 21.368
20.694 20.640 20.631 20.654 20.662 20.657 20.657 20.617 20.610 20.658 20.715 20.770 20.864 20.934 20.961 21.031 21.015 20.971 20.999 21.002 20.992 21.000 20.970 20.926 20.921 20.909 21.051 21.132 20.819 20.210 20.465 20.218 20.122 19.918 19.746 19.494 19.320 19.109 18.893 18.525 18.363 17.826 17.145 17.453 4.790 9.594 20.653 21.660 21.463 20.923 19.986 18.046 20.360 21.741 22.320 22.418 22.219 22.060 21.897 21.838 21.842 21.818 21.727 21.676 21.573 21.416 21.366 21.292 21.110 20.941 20.656
19.326 19.336 19.374 19.384 19.333 19.341 19.314 19.263 19.250 19.241 19.277 19.313 19.373 19.401 19.414 19.464 19.446 19.486 19.527 19.537 19.554 19.536 19.494 19.513 19.541 19.592 19.923 19.888 19.293 19.224 19.292 19.208 19.046 18.807 18.751 18.558 18.460 18.258 18.031 17.732 17.693 17.234 16.606 15.595 7.363 17.201 20.224 20.170 19.854 19.880 18.978 18.367 20.039 21.103 21.209 20.953 20.727 20.602 20.477 20.447 20.412 20.408 20.366 20.330 20.308 20.226 20.119 20.040 20.017 19.981 19.766
18.136 18.120 18.133 18.084 18.031 17.983 17.915 17.872 17.852 17.848 17.832 17.831 17.859 17.891 17.890 17.904 17.900 17.933 17.998 17.993 17.960 17.929 17.897 17.892 17.926 18.159 18.571 18.290 18.003 18.033 17.945 17.849 17.787 17.662 17.620 17.465 17.399 17.274 17.156 17.051 16.966 16.507 15.856 12.908 12.326 18.662 18.011 18.538 18.484 18.012 18.129 19.403 19.728 20.014 19.830 19.486 19.248 19.086 19.001 19.003 18.931 18.865 18.839 18.853 18.852 18.789 18.750 18.614 18.414 18.203 18.367
16.869 16.874 16.793 16.697 16.584 16.518 16.471 16.400 16.351 16.352 16.317 16.260 16.238 16.249 16.245 16.299 16.299 16.322 16.341 16.290 16.211 16.197 16.128 16.116 16.274 16.537 16.773 16.397 15.982 16.128 16.219 16.205 16.267 16.170 16.165 16.115 16.067 16.012 16.001 15.958 15.854 15.493 14.843 12.335 12.014 16.725 17.102 16.680 17.035 16.910 17.452 17.967 18.607 18.702 18.548 18.344 18.088 17.845 17.655 17.501 17.369 17.238 17.131 17.151 17.135 17.053 17.083 16.900 16.741 16.522 16.452
15.622 15.587 15.442 15.319 15.175 15.073 14.977 14.908 14.862 14.829 14.769 14.711 14.616 14.602 14.630 14.685 14.697 14.688 14.680 14.631 14.563 14.481 14.382 14.531 14.351 14.632 14.497 14.367 14.246 13.948 14.208 14.409 14.466 14.564 14.482 14.533 14.643 14.650 14.615 14.570 14.584 14.147 13.622 11.002 12.861 16.274 15.616 14.876 15.508 15.804 16.139 16.752 17.322 17.280 17.135 17.020 16.819 16.530 16.262 15.987 15.732 15.512 15.384 15.311 15.287 15.218 15.134 14.909 14.714 14.571 14.519
14.446 14.492 14.241 14.065 13.845 13.696 13.567 13.470 13.406 13.330 13.269 13.180 13.085 13.004 12.965 12.993 13.034 13.045 13.049 13.022 12.939 12.837 12.820 12.781 12.375 12.361 12.428 12.378 12.302 11.864 12.390 12.605 12.684 12.788 12.844 12.962 13.068 13.196 13.309 13.327 13.311 13.100 12.212 9.295 14.259 15.609 15.143 15.044 14.676 13.778 14.331 15.305 15.581 15.393 15.216 15.113 14.951 14.739 14.543 14.298 13.989 13.742 13.554 13.428 13.314 13.211 13.113 12.946 12.703 12.426 12.197
13.136 13.232 12.983 12.766 12.534 12.321 12.157 12.013 11.911 11.808 11.701 11.604 11.489 11.398 11.316 11.273 11.283 11.289 11.262 11.248 11.167 11.058 10.956 10.723 10.667 10.535 10.732 10.479 10.563 10.467 10.854 10.937 10.984 11.048 11.106 11.280 11.383 11.574 11.818 11.918 11.914 11.835 10.863 8.225 10.360 13.475 14.470 13.628 12.482 11.897 12.457 13.357 13.309 12.866 12.627 12.428 12.288 12.184 12.101 12.000 11.850 11.653 11.532 11.344 11.185 11.034 10.978 10.891 10.571 10.151 9.856
11.478 11.723 11.630 11.459 11.235 10.977 10.808 10.638 10.505 10.391 10.275 10.113 9.975 9.855 9.769 9.672 9.609 9.559 9.503 9.482 9.428 9.378 9.316 9.059 8.973 8.946 8.825 8.810 8.972 9.208 9.374 9.423 9.377 9.351 9.435 9.567 9.749 9.971 10.252 10.382 10.519 10.551 9.189 6.980 10.640 12.925 12.189 11.137 10.358 10.350 11.008 11.327 11.044 10.478 10.102 9.864 9.691 9.524 9.445 9.344 9.243 9.177 9.140 9.081 8.950 8.692 8.546 8.463 8.290 8.011 7.934
9.640 9.974 10.037 9.962 9.799 9.600 9.446 9.280 9.130 8.977 8.825 8.655 8.510 8.385 8.271 8.153 8.075 7.984 7.909 7.858 7.860 7.833 7.811 7.587 7.664 7.430 7.307 7.496 7.780 7.896 7.872 7.821 7.767 7.821 7.933 7.995 8.138 8.369 8.592 8.766 8.955 8.930 5.656 5.569 9.653 10.618 10.209 9.377 8.661 8.603 9.069 9.191 8.888 8.372 8.064 7.868 7.602 7.312 7.064 6.816 6.644 6.580 6.602 6.660 6.601 6.309 6.020 5.833 5.700 5.646 5.650
8.195 8.432 8.556 8.508 8.357 8.235 8.118 8.010 7.867 7.712 7.566 7.415 7.248 7.093 6.946 6.846 6.788 6.710 6.631 6.588 6.537 6.441 6.405 6.050 5.987 5.943 6.074 6.370 6.388 6.407 6.363 6.362 6.396 6.444 6.563 6.619 6.665 6.867 7.145 7.387 7.560 7.271 2.655 5.054 9.011 9.418 8.649 8.078 7.412 7.098 6.977 6.740 6.464 6.099 5.783 5.607 5.325 5.024 4.784 4.517 4.271 4.211 4.217 4.315 4.332 4.166 3.853 3.551 3.303 3.210 3.283
6.808 6.917 6.939 6.825 6.676 6.608 6.546 6.494 6.427 6.316 6.162 6.000 5.848 5.710 5.635 5.573 5.502 5.436 5.393 5.351 5.287 4.925 4.695 4.710 4.497 4.362 4.783 4.955 4.934 4.995 4.993 5.058 5.162 5.192 5.212 5.297 5.409 5.574 5.796 6.003 6.162 6.326 3.866 5.584 7.331 7.162 6.897 6.630 6.325 5.545 4.873 4.406 4.022 3.578 3.131 2.847 2.628 2.472 2.303 2.101 1.979 1.952 2.011 2.151 2.128 2.018 1.764 1.431 1.093 0.965 0.913
5.411 5.417 5.341 5.192 4.991 4.874 4.820 4.749 4.684 4.555 4.357 4.151 3.955 3.881 3.910 3.914 3.895 3.857 3.814 3.815 3.700 3.560 3.565 3.343 3.213 3.362 3.497 3.553 3.622 3.708 3.783 3.849 3.790 3.860 3.932 3.996 4.094 4.192 4.301 4.343 4.643 5.039 4.727 4.174 4.634 5.322 5.234 4.963 4.717 4.035 3.270 2.717 2.183 1.650 1.147 0.831 0.647 0.421 0.310 -0.013 -0.188 -0.190 -0.095 0.028 0.042 -0.024 -0.228 -0.470 -0.824 -1.032 -1.183
3.888 3.734 3.575 3.363 3.174 3.003 2.884 2.758 2.562 2.378 2.117 1.814 1.554 1.482 1.570 1.717 1.826 1.827 1.716 1.627 1.598 1.646 1.761 1.845 1.846 1.905 1.959 2.024 2.099 2.153 2.212 2.251 2.219 2.216 2.268 2.301 2.350 2.419 2.508 2.641 2.921 3.347 3.557 3.689 3.674 3.518 2.929 2.396 1.960 1.463 0.854 0.386 -0.091 -0.452 -0.789 -0.973 -1.058 -1.197 -1.488 -1.896 -2.227 -2.353 -2.120 -1.942 -1.957 -2.083 -2.277 -2.521 -2.778 -3.016 -3.226
1.770 1.408 1.343 1.219 1.023 0.866 0.724 0.473 0.253 -0.027 -0.316 -0.571 -0.825 -0.911 -0.837 -0.723 -0.684 -0.747 -0.749 -0.720 -0.568 -0.434 -0.195 -0.077 -0.044 0.023 0.089 0.188 0.186 0.185 0.210 0.251 0.243 0.318 0.379 0.426 0.533 0.664 0.836 1.004 1.198 1.300 1.470 1.543 1.318 0.939 0.177 -0.436 -1.046 -1.622 -2.197 -2.655 -3.088 -3.261 -3.513 -3.639 -3.739 -3.927 -4.179 -4.408 -4.661 -4.704 -4.277 -4.164 -4.337 -4.588 -4.859 -5.029 -5.087 -5.120 -5.064
-0.698 -1.085 -1.130 -1.259 -1.429 -1.591 -1.799 -2.081 -2.300 -2.447 -2.916 -3.073 -3.393 -3.544 -3.611 -3.693 -3.422 -3.034 -2.849 -2.769 -2.656 -2.498 -2.214 -2.011 -1.917 -1.797 -1.771 -1.794 -1.921 -1.941 -1.955 -1.970 -1.913 -1.822 -1.769 -1.628 -1.452 -1.225 -0.993 -0.853 -0.741 -0.897 -1.007 -1.197 -1.664 -2.180 -2.713 -3.398 -4.307 -5.151 -5.872 -6.451 -7.021 -7.359 -7.339 -6.668 -6.615 -6.593 -6.626 -6.718 -6.839 -6.791 -6.625 -6.614 -6.695 -6.843 -6.882 -6.849 -6.814 -6.690 -6.518
-4.333 -4.570 -4.612 -4.611 -4.791 -4.989 -5.234 -5.552 -5.624 -5.686 -5.866 -6.017 -6.156 -6.133 -5.995 -5.770 -5.537 -5.380 -5.217 -5.091 -4.969 -4.622 -4.256 -4.115 -4.010 -3.947 -3.978 -4.041 -4.068 -4.085 -4.070 -3.984 -3.871 -3.789 -3.710 -3.544 -3.331 -3.130 -2.994 -2.972 -3.023 -3.280 -3.518 -4.033 -4.681 -5.161 -6.257 -8.510 -9.350 -9.234 -9.590 -10.206 -10.769 -11.077 -10.599 -9.340 -8.633 -8.536 -8.449 -8.446 -8.564 -8.605 -8.640 -8.889 -9.108 -9.034 -8.785 -8.671 -8.582 -8.433 -8.119
-9.068 -8.736 -8.595 -8.491 -8.492 -8.518 -8.572 -8.661 -8.674 -8.646 -8.717 -8.712 -8.603 -8.425 -8.254 -8.192 -8.184 -8.051 -7.850 -7.744 -7.704 -7.671 -7.685 -7.678 -7.527 -7.354 -7.311 -7.318 -7.301 -7.133 -6.923 -6.747 -6.558 -6.457 -6.394 -6.308 -6.218 -6.095 -6.127 -6.125 -6.279 -6.496 -6.612 -7.011 -7.849 -11.095 -12.505 -12.481 -11.351 -12.407 -12.938 -13.356 -13.428 -13.494 -13.222 -12.556 -11.844 -11.544 -11.010 -10.837 -10.922 -10.980 -11.107 -11.429 -11.613 -11.765 -11.415 -11.250 -11.195 -10.881 -10.612
-13.401 -12.413 -11.979 -11.648 -11.467 -11.278 -11.208 -11.224 -11.186 -11.164 -11.167 -11.113 -11.014 -10.941 -10.834 -10.757 -10.649 -10.566 -10.556 -10.700 -10.883 -11.042 -11.120 -11.101 -10.913 -10.751 -10.757 -10.846 -10.765 -10.557 -10.334 -10.106 -9.860 -9.754 -9.679 -9.707 -9.689 -9.746 -9.845 -9.796 -9.827 -10.133 -10.467 -11.651 -12.433 -15.899 -16.163 -15.304 -14.474 -15.258 -15.403 -15.473 -15.746 -15.961 -15.870 -15.750 -15.602 -15.332 -14.765 -14.585 -14.528 -14.401 -14.280 -14.285 -14.270 -14.358 -14.342 -14.278 -14.156 -14.131 -13.864
