data-raw/tempfiles/15_grid_data_15000BP.asc
ncols 144
nrows 72
xllcorner -180
yllcorner -90
cellsize 2.5
nodata_value -9999
[rows 0 to 31 of 72, columns 0 to 70 of 144]
-26.090 -26.300 -26.378 -26.424 -26.398 -26.368 -26.400 -26.437 -26.473 -26.583 -26.639 -26.656 -26.708 -26.736 -26.734 -26.798 -26.810 -26.850 -26.947 -26.866 -26.891 -26.867 -26.936 -27.015 -27.039 -26.827 -26.649 -26.694 -26.774 -26.613 -26.632 -26.500 -26.576 -26.814 -27.034 -27.240 -27.002 -27.123 -27.274 -27.193 -27.244 -27.335 -27.308 -27.406 -27.408 -27.430 -27.424 -27.565 -27.443 -27.444 -27.371 -27.325 -27.169 -27.024 -26.854 -26.906 -26.758 -26.632 -26.610 -26.609 -26.608 -26.588 -26.606 -26.618 -26.499 -26.740 -26.504 -26.343 -26.358 -26.392 -26.434
-25.063 -25.215 -25.251 -25.273 -25.268 -25.210 -25.136 -25.070 -25.009 -24.995 -24.975 -24.947 -25.008 -25.058 -25.160 -25.299 -25.442 -25.604 -25.833 -25.977 -26.131 -26.222 -26.458 -26.679 -26.870 -26.973 -27.039 -27.240 -27.510 -27.709 -27.857 -27.909 -28.081 -28.197 -28.250 -28.256 -28.033 -27.972 -27.997 -27.879 -27.794 -27.789 -27.701 -27.705 -27.676 -27.669 -27.647 -27.682 -27.743 -27.759 -27.720 -27.718 -27.613 -27.512 -27.379 -27.332 -27.206 -27.060 -27.001 -26.939 -26.841 -26.737 -26.649 -26.490 -26.280 -26.210 -26.125 -25.955 -25.791 -25.592 -25.427
-23.207 -23.200 -23.299 -23.410 -23.532 -23.478 -23.495 -23.599 -23.713 -23.833 -23.934 -24.010 -24.072 -24.148 -24.310 -24.436 -24.599 -24.719 -24.932 -25.159 -25.402 -25.623 -25.873 -26.239 -26.607 -26.985 -27.262 -27.666 -28.183 -28.614 -28.960 -29.244 -29.689 -29.911 -30.056 -30.051 -29.791 -29.324 -29.591 -29.907 -29.615 -29.623 -29.560 -29.446 -29.248 -28.938 -28.591 -28.514 -28.607 -28.632 -28.544 -28.440 -28.507 -28.778 -29.079 -29.716 -30.486 -30.769 -30.803 -30.783 -30.050 -29.114 -27.439 -26.558 -26.304 -26.280 -26.155 -25.794 -25.310 -24.858 -24.440
-22.645 -22.574 -22.666 -22.770 -22.892 -23.029 -23.052 -23.129 -23.219 -23.249 -23.309 -23.417 -23.431 -23.577 -23.806 -23.968 -24.211 -24.454 -24.757 -25.154 -25.483 -25.919 -26.358 -26.759 -27.183 -27.662 -28.135 -28.614 -29.217 -30.082 -30.473 -30.766 -31.404 -32.235 -35.014 -35.233 -35.401 -34.546 -34.830 -35.290 -34.972 -34.942 -34.941 -34.074 -32.233 -31.122 -30.913 -31.963 -32.180 -32.224 -32.233 -32.181 -32.518 -33.139 -33.539 -34.068 -34.148 -33.660 -33.545 -33.419 -32.907 -32.409 -31.679 -30.107 -29.482 -26.616 -24.868 -23.987 -23.115 -22.295 -21.531
-21.788 -21.644 -21.646 -21.671 -21.628 -21.683 -21.753 -21.884 -21.989 -22.022 -22.049 -22.139 -22.293 -22.505 -22.802 -23.082 -23.377 -23.749 -24.252 -24.841 -25.343 -25.958 -26.440 -26.877 -27.233 -27.672 -28.459 -29.512 -29.622 -30.180 -31.480 -32.105 -31.547 -32.663 -35.243 -35.691 -34.639 -33.496 -33.986 -35.817 -34.445 -31.472 -29.206 -29.066 -29.930 -30.068 -31.191 -32.216 -33.165 -34.029 -34.999 -35.840 -36.639 -37.430 -37.944 -38.014 -37.579 -36.615 -35.224 -33.407 -31.251 -29.163 -27.697 -26.532 -24.527 -22.948 -21.589 -21.150 -19.888 -18.494 -16.908
-20.076 -19.963 -19.903 -19.868 -19.873 -19.872 -19.899 -19.955 -20.057 -20.134 -20.193 -20.225 -20.390 -20.551 -20.878 -21.205 -21.639 -22.064 -22.634 -23.236 -23.611 -24.010 -24.430 -25.066 -25.958 -26.170 -26.738 -26.927 -27.446 -27.683 -28.393 -29.799 -30.370 -30.385 -30.894 -31.490 -32.706 -34.595 -35.068 -34.499 -31.106 -28.698 -27.905 -27.529 -27.854 -27.160 -26.397 -26.356 -27.288 -28.830 -31.177 -33.699 -35.399 -36.776 -37.633 -37.960 -37.737 -37.102 -36.219 -34.919 -32.796 -29.788 -27.124 -24.485 -20.658 -19.282 -18.241 -17.014 -15.341 -13.540 -11.754
-18.488 -18.270 -18.031 -17.742 -17.524 -17.173 -17.171 -17.195 -17.567 -17.444 -17.354 -17.255 -17.370 -17.463 -17.544 -17.528 -17.544 -17.640 -17.967 -18.350 -18.448 -18.440 -20.088 -20.628 -21.526 -21.496 -21.135 -21.667 -22.056 -22.754 -22.927 -24.640 -26.481 -26.512 -29.232 -29.323 -30.150 -30.970 -31.926 -32.072 -31.184 -29.423 -28.554 -27.831 -27.122 -26.016 -24.843 -23.665 -21.530 -21.586 -24.085 -28.551 -31.800 -34.286 -35.904 -37.076 -37.763 -37.689 -36.604 -33.928 -30.541 -27.047 -24.681 -21.658 -17.709 -15.493 -13.962 -12.336 -10.984 -9.993 -8.890
-15.656 -14.649 -14.080 -13.764 -13.286 -12.925 -12.662 -12.809 -13.364 -13.537 -13.034 -12.312 -11.964 -12.017 -11.963 -12.499 -12.450 -12.332 -12.247 -12.549 -12.494 -12.665 -14.121 -14.452 -14.399 -16.008 -16.599 -17.754 -18.492 -18.962 -19.001 -19.955 -21.944 -23.895 -25.576 -24.994 -27.622 -30.042 -31.476 -32.262 -31.907 -32.058 -31.594 -30.120 -27.408 -25.788 -24.661 -22.816 -21.035 -18.719 -19.073 -21.628 -26.031 -30.391 -32.948 -34.767 -36.068 -36.201 -34.033 -29.730 -26.028 -23.420 -21.080 -17.061 -14.305 -12.113 -10.592 -9.166 -8.082 -6.896 -5.695
-12.640 -10.381 -9.153 -8.480 -7.744 -7.258 -8.099 -9.518 -8.882 -8.632 -8.527 -8.252 -8.022 -7.566 -7.005 -6.906 -6.706 -6.213 -6.207 -6.388 -7.223 -8.471 -10.008 -11.451 -11.251 -11.431 -13.072 -15.004 -15.790 -16.260 -16.985 -17.287 -18.109 -19.401 -21.376 -23.271 -24.163 -25.700 -28.154 -28.221 -28.932 -29.723 -29.878 -30.633 -28.965 -26.214 -24.152 -22.122 -20.129 -17.590 -16.147 -16.666 -21.530 -27.006 -30.507 -32.306 -32.993 -31.437 -25.963 -22.937 -20.076 -16.231 -12.807 -10.695 -9.334 -8.248 -7.361 -6.693 -5.940 -4.870 -3.659
-7.957 -6.656 -5.838 -4.426 -2.659 -1.697 -1.762 -1.840 -1.031 0.065 0.118 0.262 0.394 0.895 0.921 -0.059 -2.008 -2.341 -2.392 -2.818 -3.819 -5.310 -7.380 -9.644 -11.535 -12.723 -14.428 -15.866 -16.669 -17.414 -17.739 -18.314 -18.800 -19.653 -21.066 -22.713 -23.873 -25.068 -27.059 -27.678 -28.859 -29.451 -29.312 -28.664 -26.968 -25.808 -24.771 -20.399 -17.068 -13.827 -13.335 -17.011 -21.850 -26.732 -29.086 -26.531 -22.114 -19.835 -14.256 -10.441 -8.894 -7.590 -7.610 -8.395 -9.141 -8.223 -5.937 -4.821 -4.390 -3.574 -2.551
-2.046 -0.589 -0.740 -0.319 0.829 1.919 2.506 2.824 4.056 5.172 4.971 3.918 3.613 3.051 2.096 1.950 1.234 -0.242 -2.005 -4.482 -6.795 -6.969 -7.198 -9.221 -11.529 -13.881 -16.497 -18.167 -18.920 -19.240 -19.284 -19.339 -19.346 -19.705 -20.468 -21.203 -22.050 -23.930 -25.907 -27.006 -27.944 -28.367 -28.174 -28.276 -28.114 -25.747 -20.950 -17.358 -14.038 -11.022 -9.730 -12.332 -21.024 -27.994 -27.364 -17.373 -11.463 -10.488 -9.809 -8.509 -7.146 -6.022 -5.646 -6.471 -8.423 -7.170 -4.623 -3.622 -3.118 -2.442 -1.624
1.800 2.556 3.081 3.169 2.725 3.297 3.928 4.276 4.930 6.162 4.489 6.462 5.625 5.117 3.222 -0.357 -0.723 0.255 -1.197 -3.632 -6.144 -8.562 -9.131 -10.707 -13.410 -15.254 -17.513 -19.198 -21.117 -21.764 -21.979 -22.079 -21.667 -21.273 -21.211 -21.414 -22.330 -23.805 -25.461 -26.929 -28.027 -29.701 -30.010 -28.572 -26.403 -23.219 -18.973 -15.624 -12.438 -10.107 -9.078 -9.042 -13.622 -18.128 -19.012 -11.207 -10.067 -9.256 -7.992 -7.050 -6.031 -5.291 -4.635 -4.176 -3.723 -3.386 -3.108 -2.659 -2.113 -1.536 -0.892
5.245 5.616 5.487 5.696 5.530 5.819 6.380 6.472 7.026 7.253 8.852 11.086 11.526 12.120 11.916 10.667 7.692 3.912 1.005 -2.307 -4.919 -7.707 -8.888 -10.701 -13.539 -16.373 -18.497 -19.907 -22.023 -23.358 -23.938 -23.985 -23.856 -22.999 -22.567 -22.755 -23.508 -24.725 -26.101 -27.332 -28.165 -29.367 -29.684 -28.851 -26.496 -24.164 -21.915 -16.911 -13.434 -10.923 -9.661 -8.992 -8.885 -8.722 -9.254 -8.811 -8.352 -7.704 -6.567 -5.576 -4.643 -3.846 -3.094 -2.681 -2.408 -2.104 -1.828 -1.499 -1.219 -1.137 -1.049
6.889 7.330 7.508 7.587 7.955 8.283 8.814 8.998 9.157 10.028 10.867 11.706 12.101 12.025 12.121 11.937 11.409 10.079 7.782 2.193 -2.422 -6.010 -8.263 -9.694 -11.778 -14.418 -16.996 -19.174 -21.424 -23.304 -24.500 -24.853 -24.925 -24.405 -23.628 -23.691 -24.439 -25.111 -26.268 -27.512 -28.023 -28.127 -29.098 -28.580 -26.861 -25.195 -23.033 -19.130 -15.685 -13.095 -10.973 -9.349 -7.957 -6.929 -6.409 -6.095 -5.816 -5.212 -4.307 -3.421 -2.531 -1.772 -1.106 -0.505 -0.302 -0.150 -0.007 0.086 0.046 -0.399 -1.518
7.366 7.823 8.120 8.335 8.559 8.873 9.288 9.703 10.259 10.815 11.248 11.539 11.669 11.877 12.060 12.047 11.724 10.962 9.986 8.271 3.105 -1.841 -4.580 -9.113 -12.276 -12.869 -14.235 -17.028 -19.307 -21.218 -22.876 -24.142 -25.651 -25.537 -25.457 -25.070 -24.745 -24.515 -24.685 -26.865 -27.302 -27.293 -28.186 -28.840 -28.142 -26.453 -24.006 -20.395 -17.432 -15.039 -12.979 -10.062 -7.485 -5.495 -4.205 -3.498 -3.149 -2.757 -2.156 -1.356 -0.520 0.198 0.831 1.339 1.679 1.863 1.865 1.561 0.479 0.523 0.144
6.843 7.313 7.581 7.936 8.190 8.479 8.755 9.081 9.467 10.047 10.573 10.882 11.057 11.197 11.354 11.534 11.527 11.442 10.639 9.700 7.761 1.249 -3.482 -5.313 -8.840 -12.169 -10.177 -11.443 -14.238 -16.864 -19.903 -22.159 -22.968 -23.953 -24.758 -25.060 -25.151 -24.801 -24.469 -25.166 -25.859 -26.119 -26.776 -26.603 -25.322 -23.861 -21.999 -19.598 -17.280 -14.661 -13.263 -10.492 -7.746 -5.086 -2.848 -1.272 -0.444 -0.003 0.408 1.090 1.769 2.300 2.822 3.224 3.570 3.829 3.874 3.607 2.930 2.745 2.036
6.123 6.609 6.919 7.250 7.487 7.680 7.923 8.232 8.571 9.081 9.615 9.978 10.289 10.524 10.742 11.023 11.254 11.466 11.448 10.897 9.985 7.890 5.210 0.135 -1.586 -4.048 -5.836 -5.458 -7.615 -10.346 -13.396 -16.525 -18.897 -19.879 -20.909 -22.266 -23.102 -23.574 -24.178 -24.664 -25.008 -25.144 -24.802 -23.499 -21.128 -19.018 -17.331 -15.846 -14.574 -12.436 -10.936 -9.767 -7.630 -5.028 -2.174 0.180 1.642 2.304 2.675 3.207 3.727 4.123 4.520 4.871 5.190 5.499 5.755 5.880 5.654 5.320 4.809
5.580 6.126 6.455 6.784 7.074 7.297 7.480 7.695 7.980 8.355 8.789 9.176 9.440 9.726 10.017 10.422 10.868 11.319 11.784 12.041 11.785 10.740 9.309 5.906 5.852 2.213 -1.571 -2.733 -2.468 -3.448 -6.415 -8.899 -12.030 -14.263 -15.135 -16.336 -17.287 -18.575 -20.274 -21.188 -21.904 -21.604 -20.985 -20.462 -18.219 -15.722 -13.079 -11.652 -10.303 -9.180 -8.629 -7.709 -6.022 -3.616 -0.797 1.572 2.914 3.614 4.173 4.624 5.111 5.494 5.765 6.059 6.356 6.786 7.201 7.562 7.756 7.759 7.423
5.760 6.244 6.631 6.969 7.292 7.509 7.673 7.856 8.132 8.423 8.751 9.173 9.447 9.690 9.909 10.280 10.826 11.443 12.163 12.661 12.561 11.943 10.442 6.473 5.609 4.994 1.707 -0.747 -1.435 -1.448 -1.823 -3.016 -5.757 -8.811 -10.155 -10.712 -11.616 -12.694 -13.210 -14.134 -14.842 -14.821 -15.190 -14.665 -14.022 -12.592 -10.623 -8.672 -6.733 -5.296 -4.187 -3.626 -2.426 -0.360 1.846 3.376 4.157 4.637 5.175 5.598 6.020 6.367 6.649 7.021 7.514 8.134 8.540 8.894 8.702 7.680 8.240
6.860 7.098 7.428 7.828 8.129 8.349 8.462 8.611 8.815 9.075 9.408 9.748 10.037 10.234 10.444 10.826 11.340 12.038 12.676 13.270 13.219 12.434 11.058 7.866 7.402 5.465 6.040 2.082 1.205 -1.136 1.496 0.448 -1.343 -3.388 -4.980 -5.570 -5.979 -6.498 -6.591 -6.469 -7.594 -6.695 -7.552 -8.043 -7.924 -6.382 -4.203 -2.133 -0.484 0.668 1.440 1.831 2.468 3.548 4.542 5.277 5.716 6.006 6.432 6.760 7.069 7.331 7.816 8.297 9.074 9.734 10.232 10.474 9.732 8.279 7.747
8.937 8.809 9.072 9.282 9.490 9.687 9.814 9.961 10.113 10.318 10.599 10.908 11.189 11.417 11.716 12.135 12.613 13.205 13.721 14.091 14.002 13.117 12.957 12.060 7.102 6.115 5.518 4.028 2.945 -1.613 3.593 4.388 2.981 1.157 -0.076 -0.908 -0.669 -0.545 -0.100 0.005 1.131 3.677 2.507 1.101 1.993 2.807 3.547 4.664 5.551 6.174 6.680 6.940 7.093 7.392 7.659 7.892 8.094 8.208 8.341 8.408 8.398 8.679 9.430 10.366 11.260 11.813 12.194 12.305 12.837 12.465 10.886
12.010 11.651 11.675 11.652 11.662 11.645 11.692 11.761 11.902 12.090 12.329 12.586 12.824 13.109 13.462 13.847 14.295 14.747 15.102 15.331 15.235 14.326 12.932 13.998 11.635 13.370 10.249 6.927 5.600 3.131 6.300 7.860 6.364 5.044 2.683 2.826 3.193 3.047 3.730 5.525 8.685 9.080 10.420 10.810 10.995 11.135 10.906 10.905 11.083 11.315 11.429 11.517 11.537 11.451 11.401 11.367 11.245 11.206 11.216 11.238 11.196 11.440 12.060 12.905 13.579 13.903 14.071 14.041 14.247 14.402 13.460
15.023 14.556 14.428 14.362 14.165 14.067 14.025 14.008 14.169 14.281 14.476 14.743 14.855 15.142 15.485 15.760 16.093 16.423 16.613 16.667 16.433 15.611 14.310 13.577 14.308 15.940 17.162 12.026 7.640 9.435 9.990 11.048 11.028 9.104 7.786 7.663 7.159 7.676 9.182 11.400 13.320 14.869 15.870 16.355 16.348 16.770 16.408 16.203 16.105 16.044 15.972 15.803 15.664 15.502 15.238 14.930 14.745 14.577 14.451 14.494 14.528 14.809 15.211 15.614 15.875 15.795 15.786 15.649 15.625 14.333 13.428
17.814 17.387 17.157 16.983 16.721 16.553 16.554 16.592 16.687 16.824 16.993 17.237 17.367 17.526 17.738 17.852 17.986 18.123 18.134 18.026 17.673 16.957 15.975 15.179 14.715 15.968 19.436 16.229 13.247 14.060 13.729 13.964 13.759 12.877 12.323 11.671 12.279 12.592 13.188 14.955 17.330 18.689 19.077 19.284 19.502 20.222 20.207 20.155 20.057 19.891 19.639 19.386 19.050 18.791 18.471 18.123 17.866 17.704 17.602 17.597 17.703 17.756 17.847 17.730 17.611 17.335 17.042 16.657 15.697 14.166 17.306
20.084 19.750 19.436 19.172 18.952 18.876 18.878 18.930 19.042 19.190 19.390 19.580 19.673 19.768 19.796 19.741 19.691 19.663 19.517 19.255 18.730 18.021 17.154 16.493 15.964 15.793 18.994 19.250 13.513 13.524 15.842 16.636 17.460 16.054 15.787 15.811 16.566 16.781 17.290 17.922 20.144 21.289 21.537 21.809 21.416 22.388 22.639 22.523 22.365 22.095 21.727 21.358 21.145 20.916 20.606 20.301 20.095 19.947 19.823 19.690 19.625 19.486 19.350 19.165 18.830 18.373 18.142 18.422 18.819 20.037 20.092
21.996 21.699 21.457 21.236 21.111 21.098 21.083 21.146 21.281 21.424 21.578 21.643 21.680 21.630 21.475 21.298 21.126 20.971 20.680 20.197 19.519 18.686 17.913 17.273 16.917 16.599 18.469 20.395 18.198 13.290 17.880 18.339 20.238 19.932 19.653 19.944 20.497 20.870 20.949 20.703 22.434 23.257 23.390 23.674 22.723 23.184 23.955 23.857 23.708 23.386 22.978 22.555 22.418 22.250 22.051 21.845 21.592 21.420 21.223 20.960 20.881 20.636 20.267 20.199 19.565 19.032 19.793 20.109 20.047 20.687 20.526
23.479 23.278 23.152 23.088 23.047 23.064 23.082 23.162 23.338 23.505 23.413 23.221 23.066 22.870 22.651 22.387 22.142 21.886 21.458 20.916 20.095 19.176 18.352 17.809 17.577 17.664 18.452 20.725 21.562 17.609 15.063 16.077 19.933 21.834 22.263 22.612 23.054 23.434 23.331 23.301 24.013 24.565 24.779 24.792 24.093 23.624 24.618 24.688 24.463 24.093 23.787 23.439 23.213 23.049 22.961 22.753 22.495 22.253 21.938 21.617 21.400 20.967 20.541 20.235 19.285 20.009 21.751 22.094 22.241 22.410 22.147
24.902 24.685 24.586 24.572 24.573 24.590 24.665 24.737 24.884 24.751 24.606 24.245 23.979 23.772 23.526 23.286 22.966 22.593 22.114 21.478 20.658 19.822 19.088 18.687 18.665 19.056 19.860 21.046 22.263 21.649 16.684 15.078 17.844 21.771 23.125 23.823 23.789 24.200 24.210 24.155 24.341 24.523 25.247 25.177 24.485 24.092 24.918 25.081 24.944 24.531 24.265 24.024 23.730 23.307 23.075 22.994 22.802 22.519 22.202 21.932 21.726 21.394 21.195 20.749 19.877 22.406 23.996 23.633 23.522 23.498 23.671
25.631 25.404 25.367 25.390 25.396 25.338 25.339 25.346 25.383 24.845 24.796 24.587 24.325 24.089 23.874 23.623 23.267 22.888 22.460 21.893 21.263 20.687 20.218 20.022 20.106 20.774 21.603 22.635 23.500 23.786 21.077 18.939 16.815 20.585 23.855 24.206 23.318 24.738 24.850 24.998 25.214 25.023 25.447 23.295 24.112 24.340 25.145 25.168 25.015 24.837 24.438 24.151 23.886 23.486 23.237 23.077 22.951 22.654 22.369 22.195 22.048 21.773 21.555 21.315 20.950 23.902 27.112 25.759 25.144 24.378 24.493
25.865 25.719 25.684 25.628 25.562 25.445 25.336 25.234 25.140 25.006 24.813 24.544 24.341 24.123 23.928 23.639 23.319 23.026 22.695 22.349 22.058 21.847 21.708 21.821 22.123 22.689 23.366 24.081 24.696 25.201 25.835 25.635 24.068 22.321 23.563 21.154 23.232 23.851 24.747 25.132 25.323 25.393 25.227 24.383 24.424 25.138 25.351 24.954 24.828 24.716 24.405 24.208 23.803 23.520 23.249 22.976 22.910 22.754 22.590 22.525 22.531 22.448 22.331 22.360 22.383 25.593 27.724 27.680 26.606 25.190 25.061
25.899 25.745 25.690 25.619 25.527 25.395 25.257 25.117 24.943 24.822 24.680 24.507 24.338 24.157 24.003 23.732 23.521 23.354 23.187 23.083 23.036 23.063 23.221 23.471 23.816 24.211 24.651 25.132 25.643 26.007 26.450 26.602 26.532 26.213 26.232 24.523 23.828 22.775 24.483 25.519 25.646 25.460 24.874 24.798 25.521 25.710 25.443 24.923 24.633 24.553 24.450 24.358 24.099 23.771 23.613 23.326 23.329 23.303 23.179 23.095 23.158 23.258 23.247 23.274 23.322 25.494 26.858 26.651 25.764 25.589 25.503
26.014 25.768 25.688 25.602 25.490 25.414 25.338 25.265 25.144 24.932 24.790 24.684 24.505 24.395 24.309 24.083 23.995 23.940 23.807 23.831 23.917 23.961 24.206 24.432 24.677 24.988 25.285 25.516 25.894 26.211 26.369 26.399 26.304 26.309 26.509 26.559 26.563 25.557 24.888 26.198 26.232 25.663 24.838 26.266 24.906 25.175 25.226 24.988 24.845 24.704 24.632 24.571 24.456 24.224 24.103 23.874 23.880 23.849 23.749 23.690 23.709 23.840 23.913 23.931 24.239 24.979 24.450 24.726 24.997 25.096 25.554
