data-raw/tempfiles/16_grid_data_16000BP.asc
ncols 144
nrows 72
xllcorner -180
yllcorner -90
cellsize 2.5
nodata_value -9999
[rows 0 to 31 of 72, columns 0 to 70 of 144]
-29.810 -30.009 -30.045 -30.076 -30.010 -29.931 -29.953 -29.962 -29.969 -30.111 -30.204 -30.202 -30.255 -30.264 -30.278 -30.367 -30.415 -30.519 -30.680 -30.561 -30.608 -30.553 -30.667 -30.755 -30.732 -30.502 -30.245 -30.174 -30.184 -29.960 -30.032 -29.949 -30.014 -30.264 -30.421 -30.568 -30.246 -30.335 -30.390 -30.205 -30.230 -30.236 -30.171 -30.201 -30.125 -30.121 -30.088 -30.165 -30.064 -30.034 -29.931 -29.891 -29.728 -29.574 -29.440 -29.494 -29.383 -29.330 -29.345 -29.378 -29.441 -29.480 -29.540 -29.642 -29.618 -29.910 -29.750 -29.602 -29.700 -29.831 -29.908
-28.255 -28.389 -28.401 -28.409 -28.381 -28.294 -28.201 -28.113 -28.033 -28.038 -28.054 -28.023 -28.082 -28.124 -28.241 -28.412 -28.592 -28.798 -29.087 -29.229 -29.405 -29.506 -29.776 -30.031 -30.214 -30.313 -30.375 -30.527 -30.763 -30.936 -31.058 -31.092 -31.193 -31.259 -31.245 -31.190 -30.888 -30.788 -30.741 -30.556 -30.445 -30.391 -30.267 -30.231 -30.154 -30.116 -30.078 -30.067 -30.117 -30.119 -30.057 -30.044 -29.939 -29.831 -29.708 -29.666 -29.560 -29.442 -29.405 -29.359 -29.292 -29.229 -29.164 -29.049 -28.907 -28.889 -28.893 -28.790 -28.713 -28.610 -28.502
-25.693 -25.650 -25.769 -25.892 -26.032 -25.932 -25.917 -26.004 -26.107 -26.246 -26.395 -26.483 -26.553 -26.647 -26.880 -27.071 -27.305 -27.478 -27.776 -28.121 -28.442 -28.702 -28.971 -29.384 -29.760 -30.106 -30.372 -30.732 -31.139 -31.535 -31.820 -32.037 -32.337 -32.466 -32.567 -32.458 -32.084 -31.481 -31.705 -31.966 -31.599 -31.555 -31.456 -31.311 -31.085 -30.745 -30.361 -30.221 -30.284 -30.313 -30.243 -30.140 -30.205 -30.487 -30.798 -31.448 -32.222 -32.511 -32.556 -32.553 -31.838 -30.924 -29.243 -28.371 -28.153 -28.209 -28.206 -28.001 -27.704 -27.411 -27.147
-24.779 -24.676 -24.783 -24.873 -25.009 -25.152 -25.142 -25.211 -25.300 -25.323 -25.418 -25.554 -25.561 -25.717 -25.959 -26.168 -26.453 -26.697 -27.054 -27.517 -27.870 -28.399 -28.850 -29.337 -29.831 -30.333 -30.951 -31.513 -32.153 -33.067 -33.279 -33.417 -33.864 -34.525 -37.225 -37.377 -37.478 -36.569 -36.831 -37.295 -36.953 -36.943 -36.913 -36.061 -34.231 -33.081 -32.877 -33.917 -34.058 -34.124 -34.124 -34.029 -34.379 -34.999 -35.355 -35.895 -35.957 -35.411 -35.287 -35.140 -34.593 -34.099 -33.357 -31.737 -31.126 -28.314 -26.682 -25.974 -25.198 -24.470 -23.806
-23.741 -23.587 -23.585 -23.605 -23.538 -23.599 -23.657 -23.776 -23.880 -23.918 -23.946 -24.054 -24.208 -24.410 -24.723 -25.017 -25.318 -25.699 -26.239 -26.847 -27.391 -28.054 -28.548 -29.003 -29.340 -29.810 -30.678 -31.864 -32.149 -32.743 -33.978 -34.368 -33.668 -34.698 -37.181 -37.624 -36.586 -35.504 -36.158 -38.144 -36.820 -33.862 -31.554 -31.417 -32.235 -32.338 -33.458 -34.450 -35.362 -36.206 -37.138 -37.944 -38.718 -39.482 -39.973 -40.011 -39.533 -38.524 -37.077 -35.214 -33.020 -30.894 -29.388 -28.173 -26.142 -24.610 -23.290 -22.984 -21.698 -20.287 -18.707
-21.980 -21.858 -21.771 -21.716 -21.704 -21.673 -21.669 -21.696 -21.783 -21.853 -21.924 -21.949 -22.106 -22.252 -22.614 -22.973 -23.436 -23.879 -24.519 -25.221 -25.643 -26.083 -26.575 -27.064 -27.809 -27.856 -28.308 -28.503 -29.092 -29.317 -29.951 -31.209 -31.812 -31.877 -32.469 -33.166 -34.473 -36.487 -37.332 -37.121 -34.052 -31.618 -30.751 -30.256 -30.454 -29.693 -28.839 -28.736 -29.570 -31.024 -33.305 -35.777 -37.441 -38.785 -39.623 -39.932 -39.674 -39.001 -38.075 -36.744 -34.592 -31.550 -28.842 -26.140 -22.248 -20.966 -19.945 -18.669 -16.848 -14.926 -13.042
-20.440 -20.174 -19.843 -19.471 -19.186 -18.728 -18.663 -18.633 -18.991 -18.813 -18.676 -18.556 -18.683 -18.775 -18.850 -18.876 -18.919 -19.060 -19.490 -19.992 -20.104 -20.005 -21.527 -21.925 -22.730 -22.549 -22.086 -22.587 -22.992 -23.719 -23.910 -25.594 -27.505 -27.626 -30.462 -30.662 -31.621 -32.573 -33.689 -34.149 -33.532 -31.890 -31.118 -30.410 -29.839 -28.854 -27.795 -26.460 -24.094 -23.852 -26.108 -30.460 -33.638 -36.086 -37.713 -38.897 -39.619 -39.550 -38.464 -35.817 -32.430 -28.935 -26.544 -23.475 -19.485 -17.297 -15.725 -13.986 -12.523 -11.410 -10.242
-17.560 -16.421 -15.686 -15.244 -14.641 -14.149 -13.775 -13.840 -14.325 -14.471 -13.887 -13.148 -12.783 -12.869 -12.811 -13.383 -13.377 -13.284 -13.281 -13.731 -13.680 -13.856 -15.069 -15.284 -15.165 -16.735 -17.298 -18.426 -19.175 -19.677 -19.723 -20.729 -22.766 -24.772 -26.535 -26.031 -28.751 -31.299 -32.851 -33.810 -33.636 -33.986 -33.677 -32.400 -29.884 -28.477 -27.702 -25.923 -24.063 -21.311 -21.147 -23.441 -27.724 -32.038 -34.582 -36.439 -37.792 -37.973 -35.846 -31.606 -27.917 -25.326 -22.960 -18.915 -16.132 -13.920 -12.370 -10.784 -9.605 -8.344 -7.118
-14.289 -11.903 -10.413 -9.530 -8.623 -8.021 -8.764 -10.091 -9.325 -9.016 -8.904 -8.658 -8.437 -7.976 -7.447 -7.388 -7.285 -6.832 -6.897 -7.166 -7.998 -9.281 -10.884 -12.289 -12.075 -12.295 -13.974 -15.925 -16.733 -17.205 -17.919 -18.192 -18.979 -20.240 -22.193 -24.090 -25.004 -26.602 -29.160 -29.378 -30.288 -31.317 -31.714 -32.708 -31.245 -28.622 -26.721 -24.990 -23.166 -20.659 -18.457 -18.495 -23.202 -28.618 -32.102 -33.910 -34.635 -33.120 -27.691 -24.755 -21.911 -18.019 -14.556 -12.408 -11.013 -9.862 -8.914 -8.173 -7.363 -6.246 -5.010
-9.128 -7.622 -6.607 -4.994 -3.039 -1.952 -1.952 -1.966 -1.138 -0.018 0.016 0.130 0.214 0.667 0.456 -0.516 -2.492 -3.137 -3.323 -3.897 -5.026 -6.531 -8.696 -10.982 -12.834 -14.038 -15.702 -17.118 -17.909 -18.620 -18.918 -19.447 -19.866 -20.633 -21.948 -23.476 -24.562 -25.717 -27.755 -28.501 -29.865 -30.681 -30.831 -30.524 -29.417 -28.256 -27.118 -22.765 -19.462 -16.163 -15.530 -18.851 -23.552 -28.330 -30.664 -28.106 -23.742 -21.499 -15.953 -12.168 -10.624 -9.253 -9.208 -9.936 -10.618 -9.640 -7.293 -6.100 -5.601 -4.747 -3.690
-2.912 -1.194 -1.165 -0.575 0.724 1.897 2.532 2.869 4.064 5.154 4.902 3.812 3.440 2.812 1.642 1.268 0.584 -1.203 -3.259 -5.937 -8.418 -8.666 -8.951 -10.975 -13.244 -15.555 -18.094 -19.724 -20.424 -20.719 -20.744 -20.756 -20.717 -20.986 -21.616 -22.195 -22.870 -24.612 -26.539 -27.679 -28.764 -29.378 -29.413 -29.837 -30.154 -28.126 -23.090 -19.460 -16.067 -12.837 -11.497 -14.091 -22.793 -29.715 -29.068 -19.073 -13.187 -12.212 -11.542 -10.226 -8.836 -7.638 -7.201 -7.974 -9.859 -8.558 -5.953 -4.879 -4.295 -3.536 -2.670
1.180 2.097 2.767 2.976 2.622 3.229 3.866 4.183 4.782 5.959 4.236 6.196 5.298 4.678 2.699 -1.061 -1.675 -0.941 -2.663 -5.334 -8.028 -10.545 -11.129 -12.687 -15.341 -17.094 -19.278 -20.916 -22.818 -23.471 -23.687 -23.787 -23.360 -22.909 -22.744 -22.792 -23.526 -24.805 -26.313 -27.736 -28.881 -30.697 -31.176 -29.929 -27.962 -24.967 -20.800 -17.492 -14.276 -11.860 -10.769 -10.796 -15.514 -20.044 -20.948 -13.187 -12.031 -11.177 -9.841 -8.836 -7.763 -6.965 -6.269 -5.788 -5.321 -4.968 -4.657 -4.148 -3.510 -2.817 -2.065
4.660 5.140 5.071 5.353 5.209 5.525 6.103 6.177 6.709 6.897 8.457 10.674 11.072 11.582 11.339 9.988 6.831 2.890 -0.291 -3.864 -6.637 -9.572 -10.814 -12.702 -15.588 -18.415 -20.560 -21.955 -24.071 -25.418 -25.971 -26.001 -25.811 -24.896 -24.376 -24.440 -25.033 -26.075 -27.306 -28.459 -29.311 -30.579 -30.998 -30.277 -28.047 -25.817 -23.636 -18.647 -15.160 -12.619 -11.543 -11.024 -11.127 -10.927 -11.441 -11.001 -10.519 -9.815 -8.596 -7.542 -6.554 -5.721 -4.967 -4.571 -4.345 -4.094 -3.824 -3.474 -3.131 -2.883 -2.630
6.170 6.682 6.921 7.073 7.442 7.816 8.368 8.562 8.707 9.559 10.375 11.190 11.557 11.422 11.494 11.252 10.613 9.149 6.703 0.849 -3.939 -7.733 -10.138 -11.753 -13.991 -16.752 -19.413 -21.595 -23.829 -25.629 -26.753 -27.033 -27.018 -26.431 -25.566 -25.518 -26.155 -26.684 -27.726 -28.906 -29.425 -29.589 -30.665 -30.226 -28.613 -27.013 -24.883 -20.980 -17.503 -14.880 -12.932 -11.549 -10.408 -9.364 -8.795 -8.439 -8.133 -7.484 -6.508 -5.575 -4.650 -3.872 -3.228 -2.663 -2.538 -2.471 -2.391 -2.309 -2.273 -2.596 -3.492
6.416 6.932 7.296 7.587 7.897 8.294 8.766 9.207 9.747 10.285 10.703 10.952 11.048 11.229 11.393 11.339 10.935 10.048 8.944 7.095 1.768 -3.416 -6.467 -11.303 -14.758 -15.604 -17.156 -19.979 -22.157 -23.868 -25.306 -26.398 -27.795 -27.588 -27.431 -26.947 -26.521 -26.190 -26.279 -28.406 -28.845 -28.900 -29.915 -30.729 -30.155 -28.547 -26.132 -22.501 -19.504 -17.079 -15.106 -12.355 -9.968 -7.963 -6.629 -5.897 -5.523 -5.104 -4.470 -3.651 -2.804 -2.091 -1.484 -1.018 -0.745 -0.638 -0.722 -1.096 -2.100 -1.904 -2.108
5.736 6.269 6.620 7.050 7.390 7.755 8.098 8.465 8.868 9.430 9.933 10.194 10.328 10.438 10.581 10.745 10.695 10.532 9.616 8.543 6.402 -0.345 -5.418 -7.657 -11.601 -15.379 -13.871 -15.215 -17.918 -20.240 -22.876 -24.718 -25.330 -26.206 -26.869 -27.121 -27.101 -26.678 -26.221 -26.825 -27.475 -27.770 -28.537 -28.533 -27.421 -26.075 -24.282 -21.913 -19.593 -16.975 -15.617 -12.920 -10.267 -7.532 -5.219 -3.592 -2.738 -2.295 -1.889 -1.240 -0.571 -0.053 0.471 0.856 1.173 1.390 1.365 1.011 0.204 0.182 -0.247
4.888 5.448 5.837 6.239 6.549 6.801 7.097 7.447 7.806 8.318 8.825 9.145 9.425 9.633 9.852 10.132 10.354 10.525 10.447 9.794 8.743 6.424 3.459 -1.927 -4.083 -7.026 -9.217 -9.154 -11.268 -13.835 -16.830 -19.577 -22.090 -23.004 -23.893 -25.014 -25.427 -25.738 -26.152 -26.461 -26.693 -26.791 -26.512 -25.354 -23.156 -21.182 -19.580 -18.121 -16.917 -14.813 -13.381 -12.212 -10.081 -7.382 -4.430 -1.999 -0.503 0.161 0.506 0.996 1.486 1.867 2.283 2.633 2.954 3.252 3.464 3.525 3.155 2.695 2.434
4.247 4.871 5.274 5.665 6.004 6.264 6.478 6.719 7.021 7.396 7.810 8.163 8.403 8.684 8.992 9.419 9.879 10.325 10.775 11.003 10.700 9.535 7.906 4.351 4.030 0.007 -4.038 -5.411 -5.253 -6.299 -9.474 -12.253 -15.898 -18.366 -19.256 -20.028 -20.441 -21.064 -22.489 -23.195 -23.707 -23.297 -22.665 -22.217 -20.136 -17.763 -15.188 -13.766 -12.453 -11.418 -10.975 -10.063 -8.281 -5.773 -2.862 -0.426 0.956 1.666 2.206 2.615 3.079 3.461 3.757 4.066 4.366 4.799 5.199 5.529 5.652 5.528 5.057
4.341 4.905 5.372 5.762 6.118 6.350 6.528 6.723 7.012 7.303 7.616 8.011 8.260 8.491 8.718 9.126 9.713 10.382 11.137 11.667 11.587 10.953 9.396 5.378 4.415 3.646 0.107 -2.573 -3.483 -3.828 -4.720 -6.574 -9.498 -12.566 -13.611 -13.788 -14.405 -15.175 -15.536 -16.338 -16.929 -16.757 -17.060 -16.578 -15.989 -14.645 -12.723 -10.808 -8.864 -7.455 -6.313 -5.744 -4.460 -2.328 -0.041 1.551 2.383 2.882 3.418 3.827 4.233 4.586 4.879 5.253 5.740 6.357 6.752 7.094 6.930 5.929 6.474
5.387 5.686 6.080 6.536 6.859 7.085 7.204 7.353 7.560 7.827 8.152 8.476 8.752 8.937 9.156 9.578 10.149 10.921 11.631 12.293 12.298 11.544 10.194 7.029 6.469 4.489 4.987 0.841 -0.288 -2.960 -0.763 -2.539 -4.442 -6.391 -7.453 -7.538 -7.786 -8.340 -8.555 -8.508 -9.623 -8.649 -9.384 -9.886 -9.938 -8.452 -6.288 -4.194 -2.490 -1.302 -0.457 -0.007 0.706 1.840 2.891 3.673 4.155 4.454 4.875 5.180 5.481 5.743 6.213 6.699 7.460 8.131 8.657 8.924 8.324 6.992 6.560
7.503 7.401 7.697 7.938 8.162 8.363 8.488 8.630 8.783 8.992 9.279 9.592 9.875 10.106 10.424 10.887 11.431 12.108 12.701 13.142 13.115 12.267 12.134 11.312 6.293 5.121 4.577 3.033 1.755 -3.086 1.771 2.264 0.847 -0.751 -1.577 -1.857 -1.407 -1.494 -1.487 -1.571 -0.537 1.996 0.907 -0.396 0.222 0.869 1.589 2.794 3.790 4.538 5.141 5.469 5.670 6.010 6.314 6.578 6.802 6.902 6.996 7.016 6.978 7.249 7.963 8.878 9.767 10.339 10.768 10.968 11.717 11.564 10.173
10.820 10.449 10.448 10.416 10.416 10.381 10.412 10.460 10.589 10.785 11.044 11.336 11.600 11.914 12.307 12.746 13.270 13.805 14.223 14.500 14.421 13.520 12.118 13.186 10.798 12.413 9.234 5.911 4.495 1.840 4.631 5.837 4.540 3.560 1.667 2.134 2.703 2.374 2.212 3.927 7.355 7.825 9.209 9.656 9.727 9.730 9.490 9.570 9.853 10.206 10.389 10.535 10.593 10.536 10.497 10.466 10.298 10.203 10.130 10.078 9.981 10.188 10.789 11.606 12.271 12.585 12.797 12.855 13.215 13.577 12.817
14.085 13.584 13.411 13.314 13.091 12.982 12.923 12.886 13.038 13.147 13.370 13.684 13.835 14.166 14.557 14.880 15.285 15.684 15.914 15.989 15.742 14.896 13.557 12.793 13.476 15.031 16.202 11.008 6.578 8.238 8.517 9.190 9.294 7.677 6.813 6.932 6.572 7.017 8.123 9.980 12.310 14.007 15.089 15.626 15.582 15.925 15.570 15.434 15.403 15.427 15.401 15.255 15.131 14.979 14.695 14.358 14.100 13.855 13.627 13.601 13.563 13.791 14.154 14.511 14.755 14.659 14.683 14.627 14.732 13.597 12.851
17.095 16.631 16.352 16.141 15.854 15.687 15.695 15.739 15.831 15.975 16.169 16.459 16.636 16.836 17.085 17.239 17.420 17.601 17.631 17.511 17.118 16.357 15.323 14.476 13.948 15.130 18.567 15.330 12.272 12.992 12.447 12.384 12.231 11.532 11.219 10.759 11.462 11.750 12.363 14.125 16.670 18.160 18.643 18.921 19.137 19.846 19.844 19.834 19.776 19.638 19.388 19.131 18.787 18.510 18.152 17.741 17.392 17.151 16.976 16.914 16.964 16.962 16.995 16.826 16.660 16.371 16.120 15.821 14.982 13.575 16.830
19.518 19.158 18.806 18.509 18.270 18.209 18.236 18.320 18.460 18.630 18.865 19.099 19.231 19.359 19.398 19.356 19.322 19.308 19.162 18.874 18.297 17.535 16.615 15.898 15.291 15.032 18.164 18.448 12.748 12.696 14.864 15.457 16.214 14.894 14.758 14.939 15.789 16.040 16.634 17.326 19.644 20.910 21.230 21.548 21.177 22.162 22.435 22.341 22.191 21.907 21.513 21.122 20.881 20.619 20.259 19.880 19.608 19.402 19.236 19.079 18.966 18.772 18.567 18.341 17.977 17.550 17.393 17.803 18.344 19.664 19.798
21.563 21.257 20.993 20.746 20.610 20.614 20.632 20.738 20.910 21.082 21.273 21.371 21.438 21.405 21.245 21.064 20.882 20.722 20.416 19.895 19.159 18.266 17.439 16.744 16.317 15.910 17.726 19.653 17.542 12.624 17.102 17.399 19.274 19.018 18.825 19.238 19.869 20.285 20.411 20.224 22.008 22.891 23.093 23.402 22.472 22.952 23.743 23.641 23.493 23.139 22.701 22.257 22.089 21.881 21.635 21.362 21.054 20.840 20.619 20.323 20.212 19.919 19.501 19.432 18.798 18.319 19.144 19.580 19.609 20.327 20.205
23.160 22.962 22.830 22.756 22.709 22.741 22.788 22.907 23.116 23.310 23.243 23.074 22.934 22.740 22.506 22.223 21.957 21.684 21.229 20.643 19.757 18.772 17.893 17.301 17.012 17.029 17.786 20.077 20.975 17.061 14.449 15.288 19.117 21.084 21.633 22.085 22.600 23.010 22.902 22.880 23.608 24.183 24.426 24.453 23.773 23.312 24.313 24.369 24.127 23.730 23.408 23.041 22.797 22.599 22.473 22.217 21.924 21.651 21.314 20.960 20.708 20.234 19.792 19.504 18.611 19.397 21.187 21.586 21.769 21.946 21.664
24.685 24.476 24.379 24.366 24.367 24.389 24.480 24.573 24.736 24.619 24.488 24.140 23.881 23.672 23.410 23.147 22.799 22.397 21.883 21.196 20.301 19.395 18.597 18.150 18.093 18.454 19.264 20.488 21.778 21.257 16.296 14.602 17.102 21.038 22.511 23.323 23.357 23.793 23.796 23.734 23.920 24.124 24.872 24.825 24.131 23.724 24.528 24.669 24.526 24.108 23.844 23.586 23.267 22.806 22.547 22.446 22.248 21.945 21.607 21.303 21.082 20.747 20.592 20.183 19.362 21.904 23.500 23.102 22.997 22.940 23.054
25.440 25.215 25.184 25.217 25.225 25.169 25.179 25.193 25.232 24.701 24.652 24.440 24.181 23.935 23.700 23.430 23.044 22.632 22.174 21.555 20.860 20.222 19.692 19.461 19.534 20.199 21.060 22.143 23.078 23.410 20.715 18.524 16.201 19.905 23.268 23.691 22.877 24.324 24.447 24.595 24.810 24.632 25.057 22.919 23.719 23.928 24.702 24.716 24.561 24.393 23.996 23.694 23.402 22.969 22.700 22.535 22.412 22.109 21.811 21.626 21.485 21.237 21.088 20.899 20.580 23.548 26.788 25.409 24.719 23.889 23.925
25.654 25.503 25.471 25.419 25.357 25.243 25.136 25.035 24.938 24.800 24.601 24.322 24.107 23.874 23.660 23.350 23.006 22.687 22.328 21.946 21.608 21.350 21.169 21.264 21.567 22.156 22.874 23.641 24.322 24.849 25.468 25.189 23.494 21.699 23.046 20.672 22.786 23.433 24.349 24.742 24.944 25.015 24.841 23.980 23.995 24.689 24.880 24.486 24.368 24.275 23.964 23.754 23.318 23.009 22.725 22.455 22.395 22.238 22.067 22.004 22.035 22.008 21.967 22.054 22.108 25.313 27.466 27.515 26.391 24.921 24.708
25.650 25.488 25.427 25.354 25.260 25.131 24.992 24.850 24.675 24.550 24.400 24.215 24.031 23.832 23.663 23.375 23.146 22.964 22.780 22.658 22.591 22.595 22.735 22.988 23.345 23.767 24.231 24.745 25.294 25.690 26.138 26.267 26.172 25.813 25.851 24.138 23.451 22.413 24.121 25.152 25.267 25.053 24.442 24.340 25.056 25.243 24.980 24.473 24.187 24.112 23.996 23.894 23.620 23.288 23.125 22.840 22.835 22.809 22.683 22.614 22.703 22.851 22.898 22.976 23.048 25.191 26.516 26.303 25.621 25.530 25.504
25.739 25.487 25.400 25.306 25.190 25.113 25.035 24.960 24.838 24.623 24.478 24.366 24.173 24.050 23.954 23.713 23.615 23.549 23.406 23.425 23.508 23.541 23.785 24.023 24.285 24.626 24.939 25.185 25.582 25.925 26.098 26.128 26.023 26.016 26.204 26.233 26.216 25.201 24.522 25.812 25.816 25.201 24.358 25.759 24.429 24.711 24.782 24.541 24.391 24.242 24.153 24.088 23.970 23.749 23.633 23.410 23.411 23.381 23.284 23.237 23.270 23.433 23.542 23.608 23.939 24.669 24.120 24.351 24.687 24.944 25.502
