data-raw/tempfiles/16_grid_data_16000BP.asc
ncols 144
nrows 72
xllcorner -180
yllcorner -90
cellsize 2.5
nodata_value -9999
[rows 0 to 31 of 72, columns 71 to 141 of 144]
-30.128 -30.334 -30.465 -30.700 -30.662 -30.648 -30.083 -29.890 -29.637 -29.724 -29.908 -29.748 -29.573 -29.653 -29.573 -29.578 -29.497 -29.375 -29.334 -29.245 -29.184 -29.348 -29.440 -29.539 -29.372 -29.421 -29.492 -29.329 -29.363 -29.362 -29.591 -29.554 -29.611 -29.382 -29.541 -29.632 -29.824 -29.916 -30.034 -30.086 -30.083 -30.120 -30.131 -30.187 -30.232 -30.276 -30.306 -30.350 -30.394 -30.461 -30.513 -30.454 -30.443 -30.409 -30.443 -30.462 -30.478 -30.539 -30.581 -30.612 -30.645 -30.652 -30.615 -30.626 -30.600 -30.633 -30.528 -30.373 -30.323 -30.223 -30.162
-28.445 -28.420 -28.364 -28.298 -28.217 -28.228 -28.226 -28.297 -28.388 -28.479 -28.716 -28.773 -28.762 -28.956 -29.085 -29.176 -29.281 -29.314 -29.357 -29.466 -29.553 -29.656 -29.756 -29.832 -29.905 -29.914 -29.965 -29.967 -29.991 -29.994 -29.997 -29.937 -29.968 -29.958 -29.979 -29.944 -29.906 -29.861 -29.843 -29.831 -29.806 -29.817 -29.785 -29.752 -29.735 -29.687 -29.602 -29.546 -29.496 -29.460 -29.432 -29.319 -29.283 -29.209 -29.146 -29.149 -29.121 -29.074 -29.047 -29.015 -28.979 -28.926 -28.858 -28.815 -28.787 -28.762 -28.685 -28.614 -28.569 -28.501 -28.455
-26.905 -26.749 -26.534 -26.389 -26.371 -26.381 -26.354 -26.560 -26.866 -27.042 -27.448 -28.041 -28.140 -28.461 -28.972 -29.195 -29.472 -29.741 -29.947 -30.205 -30.410 -30.527 -30.585 -30.644 -30.730 -30.723 -30.751 -30.742 -30.761 -30.774 -30.744 -30.666 -30.539 -30.427 -30.315 -30.210 -30.058 -29.899 -29.732 -29.596 -29.442 -29.270 -29.151 -29.032 -28.932 -28.822 -28.679 -28.544 -28.373 -28.262 -28.193 -28.071 -28.027 -27.981 -27.859 -27.787 -27.735 -27.580 -27.482 -27.422 -27.320 -27.231 -27.198 -27.134 -27.037 -26.889 -26.828 -26.693 -26.388 -26.182 -26.077
-22.971 -22.187 -21.451 -20.928 -20.961 -21.103 -22.092 -22.805 -23.920 -24.619 -25.450 -26.148 -26.760 -27.379 -28.068 -28.525 -29.099 -29.518 -29.790 -30.248 -30.637 -30.631 -30.587 -30.551 -31.073 -31.138 -31.235 -31.706 -31.853 -32.025 -31.672 -31.588 -31.596 -32.029 -31.774 -31.527 -31.213 -31.159 -32.273 -31.257 -29.817 -29.327 -29.231 -29.088 -28.945 -28.650 -28.360 -28.076 -27.800 -27.583 -27.429 -27.268 -27.098 -26.914 -26.778 -26.675 -26.536 -26.359 -26.249 -26.101 -25.859 -25.711 -25.564 -25.324 -25.088 -24.779 -24.681 -24.742 -24.799 -24.858 -24.835
-16.908 -15.493 -14.336 -13.781 -14.207 -15.941 -18.981 -21.917 -23.244 -23.681 -24.510 -24.856 -25.489 -26.285 -27.035 -27.684 -28.288 -28.885 -29.180 -29.398 -29.881 -29.850 -29.640 -29.335 -29.613 -29.867 -29.748 -30.079 -30.497 -30.841 -30.759 -30.799 -31.008 -31.578 -31.960 -31.802 -31.466 -31.301 -31.802 -32.042 -31.025 -31.720 -31.233 -29.482 -28.998 -28.926 -28.639 -28.243 -27.982 -27.711 -27.441 -27.226 -26.964 -26.653 -26.525 -26.399 -26.266 -26.134 -25.983 -25.879 -25.643 -25.407 -25.219 -24.967 -24.632 -24.208 -23.847 -23.680 -23.791 -23.850 -23.823
-11.612 -10.643 -10.098 -9.987 -10.208 -10.821 -11.809 -13.966 -16.292 -19.167 -20.787 -21.555 -22.279 -23.156 -24.218 -25.235 -26.021 -26.537 -26.876 -27.146 -27.446 -27.697 -27.650 -27.810 -28.209 -28.287 -28.418 -28.452 -28.312 -28.351 -28.699 -29.080 -29.465 -29.837 -30.086 -30.146 -30.264 -30.350 -30.719 -30.733 -30.710 -31.362 -31.752 -31.106 -31.092 -30.857 -29.094 -28.388 -28.282 -28.073 -27.726 -27.323 -27.070 -26.808 -26.543 -26.515 -27.252 -26.947 -26.583 -25.882 -25.739 -25.572 -25.248 -24.898 -24.435 -23.881 -23.021 -22.687 -22.678 -22.618 -22.431
-9.173 -8.324 -7.894 -7.941 -8.082 -8.485 -8.832 -9.303 -10.565 -13.204 -15.138 -16.070 -17.153 -18.276 -19.628 -21.103 -22.331 -23.255 -23.963 -24.585 -25.382 -26.339 -27.838 -29.279 -28.466 -27.619 -27.061 -26.763 -26.767 -26.987 -26.919 -27.192 -27.620 -28.632 -29.243 -29.321 -29.814 -30.053 -30.278 -30.169 -29.911 -29.516 -29.210 -29.082 -29.096 -29.074 -28.709 -28.725 -28.425 -27.910 -27.597 -27.493 -26.836 -26.429 -26.365 -26.205 -26.235 -26.384 -26.007 -25.649 -25.520 -25.229 -24.928 -24.712 -24.372 -24.037 -23.472 -22.687 -22.029 -21.511 -21.088
-5.976 -5.039 -4.571 -4.443 -4.397 -4.666 -4.702 -4.992 -5.589 -7.808 -10.309 -12.004 -13.629 -14.034 -15.221 -16.796 -18.333 -19.825 -21.204 -22.484 -23.705 -25.086 -26.960 -27.017 -26.525 -26.060 -25.408 -25.104 -26.264 -26.203 -25.071 -25.984 -26.744 -26.823 -26.782 -26.561 -26.444 -26.666 -26.889 -26.949 -27.017 -27.176 -27.430 -27.807 -28.014 -27.672 -27.241 -26.975 -26.787 -26.941 -27.101 -27.289 -26.635 -25.554 -25.909 -25.551 -25.194 -25.410 -25.055 -24.879 -24.794 -24.246 -23.681 -23.442 -23.190 -22.167 -21.677 -21.139 -20.275 -19.392 -18.814
-3.848 -2.924 -2.307 -2.006 -1.889 -1.948 -2.485 -5.803 -9.713 -11.347 -11.890 -12.462 -13.362 -13.904 -14.534 -15.051 -15.370 -16.884 -18.842 -20.045 -21.185 -21.799 -22.299 -22.549 -22.657 -23.032 -23.110 -22.333 -22.372 -22.700 -21.706 -22.315 -22.756 -23.108 -23.075 -22.999 -23.558 -24.829 -26.177 -26.693 -26.427 -25.483 -25.079 -25.657 -26.265 -26.111 -25.361 -24.817 -24.868 -24.544 -24.035 -24.578 -25.317 -24.150 -23.853 -23.443 -24.247 -23.633 -22.220 -21.771 -21.932 -21.422 -20.658 -19.797 -19.426 -19.086 -19.268 -19.183 -18.050 -17.460 -17.766
-2.465 -1.555 -1.007 -0.848 -1.113 -2.112 -7.404 -10.256 -11.079 -10.711 -11.003 -11.865 -12.589 -12.819 -13.069 -13.602 -14.195 -14.893 -15.164 -15.758 -16.740 -16.990 -17.376 -17.222 -17.579 -18.124 -18.046 -17.873 -17.866 -18.066 -18.539 -19.208 -19.197 -18.997 -19.120 -19.001 -20.095 -21.042 -21.883 -22.967 -23.232 -23.012 -22.810 -23.081 -23.458 -23.812 -23.840 -23.443 -23.121 -22.625 -21.879 -22.813 -23.303 -21.830 -21.526 -21.133 -21.642 -21.099 -20.377 -20.085 -18.731 -17.673 -17.959 -17.473 -17.320 -16.970 -16.362 -16.114 -15.453 -14.242 -12.868
-1.683 -0.985 -0.531 -1.329 -3.410 -6.770 -9.993 -10.671 -10.885 -10.737 -11.246 -11.804 -11.976 -11.786 -11.612 -11.834 -11.705 -11.689 -11.922 -12.269 -12.602 -12.636 -12.409 -12.419 -13.806 -13.386 -13.116 -13.420 -13.952 -14.653 -15.335 -15.738 -15.874 -15.647 -15.620 -15.824 -17.009 -18.172 -18.249 -18.655 -18.978 -19.296 -19.556 -20.092 -20.640 -21.261 -21.484 -21.139 -20.966 -20.522 -19.837 -19.594 -19.923 -19.698 -19.369 -18.899 -19.422 -18.976 -18.586 -18.279 -17.600 -16.795 -16.409 -15.980 -15.890 -14.500 -13.446 -12.410 -11.106 -9.887 -8.696
-1.420 -1.004 -1.259 -6.976 -10.715 -10.525 -11.419 -11.271 -10.847 -11.977 -12.831 -12.349 -11.604 -10.803 -10.384 -10.204 -10.140 -9.787 -9.515 -9.297 -9.197 -9.152 -9.007 -9.076 -10.015 -9.080 -9.374 -9.977 -10.766 -11.571 -12.371 -12.694 -12.841 -13.242 -13.510 -13.532 -13.462 -14.104 -14.876 -15.419 -15.507 -15.786 -16.374 -16.843 -17.553 -18.099 -18.174 -18.192 -18.414 -18.556 -18.270 -18.001 -17.749 -17.342 -16.956 -16.689 -16.644 -15.034 -14.224 -13.728 -13.735 -13.850 -13.697 -10.927 -8.412 -8.613 -7.988 -7.123 -6.462 -5.028 -1.518
-2.102 -2.200 -2.816 -6.562 -7.902 -8.013 -10.014 -10.432 -10.239 -10.480 -10.970 -11.275 -10.127 -9.488 -9.204 -8.838 -8.268 -7.939 -7.554 -7.069 -6.853 -6.986 -6.581 -6.482 -7.189 -6.289 -6.748 -7.781 -8.620 -9.509 -10.061 -10.488 -10.693 -10.805 -10.994 -11.001 -10.852 -11.043 -11.911 -12.343 -12.361 -12.607 -13.489 -14.167 -14.520 -15.338 -16.795 -17.745 -16.949 -17.001 -17.173 -17.177 -16.634 -15.840 -14.815 -14.231 -12.813 -8.418 -6.501 -6.109 -5.630 -5.789 -5.964 -4.470 -5.312 -6.724 -3.020 -0.769 0.569 1.805 2.880
-2.090 -2.093 -2.823 -3.733 -5.022 -6.128 -7.955 -7.883 -7.982 -8.465 -9.157 -9.211 -8.547 -7.967 -7.451 -6.658 -6.115 -5.652 -5.014 -4.741 -4.598 -4.337 -4.201 -4.237 -5.153 -4.778 -5.417 -6.366 -7.088 -7.920 -8.439 -8.855 -8.908 -8.794 -8.485 -8.150 -8.243 -8.400 -8.933 -9.250 -9.602 -10.398 -11.077 -11.766 -13.506 -15.615 -16.251 -16.979 -17.515 -16.478 -16.094 -15.811 -16.005 -16.024 -13.884 -11.806 -8.927 -6.265 -4.966 -4.030 -3.107 -2.226 -1.567 -3.607 -5.927 -4.346 -0.149 1.366 2.267 3.316 4.288
-1.776 -1.083 -1.324 -1.562 -2.154 -2.816 -3.263 -3.972 -4.584 -5.269 -5.994 -6.101 -5.773 -5.421 -4.955 -4.475 -3.980 -3.593 -3.282 -2.977 -2.535 -2.527 -3.033 -3.439 -4.497 -3.797 -4.200 -5.019 -5.633 -5.841 -6.017 -6.293 -6.371 -6.260 -5.928 -6.055 -7.262 -7.268 -8.788 -10.942 -11.048 -9.369 -9.189 -10.222 -11.078 -13.265 -12.818 -13.135 -13.297 -13.077 -12.357 -11.716 -11.963 -12.773 -12.272 -9.426 -7.839 -6.277 -4.976 -3.440 -2.007 -0.790 -0.013 -2.021 -3.187 0.143 1.553 2.324 3.277 4.127 4.845
0.095 0.768 0.733 0.391 -0.299 -0.715 -0.681 -1.259 -1.624 -2.206 -2.468 -2.563 -2.393 -2.038 -1.871 -1.634 -1.335 -1.289 -1.381 -1.188 -1.103 -1.350 -1.769 -2.661 -3.167 -3.126 -3.282 -3.702 -4.281 -4.149 -4.118 -3.718 -3.422 -4.151 -5.873 -7.744 -10.378 -9.521 -9.064 -10.040 -12.202 -11.387 -8.987 -7.963 -8.401 -9.359 -8.823 -9.521 -10.527 -11.499 -10.957 -10.114 -9.887 -11.461 -12.447 -9.588 -8.410 -6.233 -5.246 -3.922 -2.280 -0.878 -0.005 -0.007 0.769 1.723 2.275 2.866 3.493 4.094 4.658
2.433 2.397 2.531 1.996 1.674 0.763 0.273 1.007 0.153 -0.115 -1.041 -0.382 0.529 0.842 1.071 1.157 1.375 1.626 1.513 1.211 0.749 0.570 0.363 -0.997 -1.766 -1.186 -1.047 -2.095 -2.571 -2.493 -3.278 -3.463 -2.983 -3.075 -3.785 -7.271 -11.078 -9.248 -6.604 -9.140 -10.092 -7.687 -6.073 -6.720 -8.891 -7.775 -6.425 -6.516 -8.106 -9.159 -7.618 -8.332 -8.282 -8.335 -7.873 -8.095 -8.895 -5.267 -4.638 -3.866 -2.680 -1.586 -0.816 -0.037 0.977 1.625 2.190 2.691 3.075 3.541 4.030
4.727 4.258 3.813 1.591 0.686 0.373 1.613 3.193 4.058 3.487 1.318 1.713 3.989 4.342 4.421 4.938 5.272 5.065 4.378 3.950 3.039 3.219 3.028 1.601 0.682 1.274 1.848 1.553 1.698 1.266 1.136 1.601 0.848 -0.824 -1.348 0.131 -1.320 -5.671 -5.431 -6.239 -6.835 -6.229 -3.923 -4.041 -4.211 -4.414 -5.256 -5.198 -6.989 -5.890 -4.676 -6.111 -6.597 -5.451 -5.553 -7.265 -4.484 -2.384 -2.759 -2.973 -2.773 -2.167 -1.355 -0.435 0.476 1.209 1.690 2.010 2.206 2.685 3.297
6.904 5.779 6.949 6.008 8.234 7.369 7.887 6.668 4.742 5.717 5.911 6.420 6.543 7.039 7.188 7.582 7.893 5.176 4.005 5.231 5.877 5.853 5.449 4.681 4.458 5.263 5.616 5.661 5.312 4.307 3.062 1.866 -0.587 -2.108 -2.964 -2.250 0.721 0.946 0.292 0.050 0.083 -0.086 -0.495 -0.009 0.520 -0.517 -2.080 -3.764 -3.099 -1.210 -2.443 -3.706 -4.530 -2.776 -3.416 -2.038 -0.028 0.037 -0.980 -1.785 -2.016 -1.566 -0.804 -0.063 0.523 0.911 1.164 1.475 1.610 2.070 2.977
7.056 8.989 10.887 11.328 10.861 11.249 10.392 10.584 10.352 7.312 8.395 9.466 9.787 8.217 7.011 7.942 7.354 5.359 2.533 4.314 7.145 8.352 8.986 8.751 9.067 8.986 9.171 8.384 7.643 3.099 -2.008 -4.858 -2.144 2.798 4.686 4.599 5.561 6.531 5.148 2.053 3.552 4.525 3.617 3.053 1.861 0.501 -0.448 -0.275 0.561 1.086 -0.535 -2.344 -2.290 1.254 1.471 2.715 3.883 3.294 2.418 1.026 0.886 1.156 1.563 1.857 2.017 2.148 2.329 2.629 2.960 3.309 3.673
10.440 13.013 13.227 13.401 13.173 13.350 13.336 13.219 13.652 11.553 12.758 12.926 10.559 8.269 8.315 6.154 6.383 5.320 2.387 4.058 8.082 10.515 12.112 10.971 11.469 11.788 11.925 9.159 4.366 -4.396 -9.794 0.200 7.745 8.009 8.040 5.938 1.846 0.815 0.178 -5.517 -4.689 1.831 5.385 5.290 4.523 3.414 4.118 6.851 4.723 3.252 2.782 2.914 4.605 5.835 6.310 7.033 6.913 6.468 6.755 6.074 5.848 5.760 5.594 5.473 5.421 5.438 5.473 5.615 5.767 5.936 6.062
13.739 13.746 13.677 13.603 14.142 15.018 14.610 15.273 15.285 14.778 14.546 14.804 14.208 13.481 13.080 13.683 13.821 13.974 11.416 5.534 4.687 8.050 9.194 9.531 8.250 11.529 9.962 6.940 4.748 -4.134 -7.714 -11.059 -7.385 -3.516 -5.524 -9.985 -10.414 -8.317 -3.260 -1.991 -3.801 -0.754 3.951 5.655 6.631 6.388 7.500 8.435 6.048 5.641 6.306 6.679 7.700 9.430 10.227 9.520 8.308 10.601 11.101 10.944 10.619 10.568 10.340 10.134 9.989 9.979 9.928 9.844 9.856 9.857 9.883
12.827 13.170 15.246 17.864 17.884 17.576 16.720 16.494 16.437 16.262 16.052 15.851 16.116 16.287 16.542 14.006 14.849 16.234 17.829 12.994 6.898 8.582 12.871 14.178 11.330 12.177 6.548 2.764 3.784 12.310 9.089 -4.604 -11.414 -10.755 -8.485 -8.448 -8.285 -7.896 -6.114 -5.211 -4.744 -2.164 2.659 8.001 9.389 9.643 10.660 10.194 9.270 8.363 9.788 10.640 11.965 12.172 12.776 13.384 14.154 14.688 14.882 14.780 14.407 14.445 14.394 14.236 14.135 14.087 14.020 13.963 13.893 13.817 13.741
16.983 17.035 18.283 18.980 18.512 17.930 18.602 18.741 18.300 18.958 18.565 17.834 17.877 17.807 17.413 16.019 16.758 17.692 19.434 20.430 18.327 8.732 10.552 12.352 16.207 16.744 16.373 12.864 12.460 20.340 20.063 14.693 -0.879 -7.929 -6.939 -6.090 -5.398 -5.064 -4.941 -3.810 -2.121 0.302 8.312 13.766 11.688 11.538 12.240 11.687 12.284 12.298 13.343 14.818 15.962 16.047 17.075 17.213 17.218 17.453 17.520 17.497 17.385 17.211 17.565 17.565 17.463 17.423 17.390 17.340 17.265 17.183 17.053
19.894 19.447 19.205 19.658 19.448 18.961 18.896 19.179 19.835 20.259 19.378 19.162 19.167 19.090 18.695 17.484 18.312 18.299 19.360 20.414 21.352 18.627 14.692 13.955 17.872 16.491 18.504 16.593 20.726 23.441 23.788 22.397 20.692 14.898 4.336 -1.874 -1.756 -0.748 4.582 5.908 2.840 4.812 11.813 14.587 13.433 13.567 14.023 14.402 14.177 14.463 16.057 18.106 18.991 19.485 19.618 19.769 19.845 19.771 19.748 19.813 19.849 19.732 20.013 20.113 20.023 19.964 19.937 19.917 19.818 19.729 19.557
20.370 21.518 20.714 19.152 19.479 19.968 19.776 20.038 20.507 20.272 19.634 18.830 19.060 20.335 21.819 21.608 19.846 19.410 20.402 20.654 22.179 21.814 21.837 22.789 22.196 21.234 21.298 21.954 23.665 25.302 24.521 24.675 24.521 23.552 23.051 20.188 17.858 16.640 17.853 17.793 11.605 11.937 12.346 14.918 15.423 15.533 16.085 16.293 16.770 17.880 19.731 20.825 21.190 21.343 21.586 21.902 21.944 21.846 21.806 21.871 21.886 21.987 22.164 22.184 22.066 22.008 21.973 21.985 21.852 21.738 21.605
21.625 21.740 20.826 17.680 18.365 18.621 18.736 19.808 19.674 19.093 19.784 18.472 20.336 21.541 22.912 21.984 23.040 21.718 21.000 21.068 22.705 23.767 23.473 23.610 23.864 22.973 22.830 23.077 24.185 25.790 26.108 26.283 25.365 23.478 22.456 22.444 21.902 21.290 19.630 20.887 16.783 15.712 16.190 18.619 18.925 18.411 19.008 19.381 20.475 20.257 22.809 23.170 23.149 23.105 23.240 23.515 23.654 23.663 23.686 23.685 23.681 23.760 23.895 23.869 23.730 23.603 23.566 23.515 23.403 23.284 23.191
23.088 22.496 21.761 21.643 20.443 20.855 20.889 19.154 17.493 19.758 19.750 19.529 21.089 22.618 24.049 23.601 24.093 21.647 21.758 22.523 23.757 24.540 25.227 25.938 24.904 23.036 23.262 23.461 24.000 25.148 26.049 26.279 25.657 24.593 23.743 23.631 23.649 23.432 21.222 21.220 19.216 19.080 18.945 21.168 20.580 21.497 22.011 22.605 23.638 24.197 24.515 24.566 24.643 24.714 24.768 24.859 24.994 25.123 25.196 25.199 25.197 25.270 25.286 25.241 25.153 25.073 25.019 24.926 24.855 24.705 24.628
24.330 23.910 23.476 23.338 21.140 21.799 22.638 23.227 23.283 22.516 20.736 21.203 22.444 24.121 25.426 24.796 24.443 23.469 19.888 23.006 24.496 24.749 24.606 24.785 23.432 23.626 24.033 24.407 24.792 25.551 24.956 26.345 26.289 24.884 24.374 25.428 25.075 24.924 23.851 23.002 22.181 22.392 21.145 22.295 22.314 23.216 24.451 24.904 25.378 25.414 25.701 25.677 25.814 25.953 25.976 25.918 26.047 26.267 26.134 26.124 26.217 26.207 26.181 26.128 26.101 25.997 25.912 25.839 25.747 25.594 25.561
25.594 25.620 24.850 24.350 24.068 23.756 24.166 25.165 25.769 24.678 21.984 21.781 23.570 24.649 25.603 25.430 23.344 25.487 20.679 22.810 22.881 23.640 23.220 23.646 23.847 24.144 24.503 24.873 25.190 25.805 25.248 26.405 26.352 26.469 26.290 26.156 25.773 25.452 25.226 25.072 24.022 24.544 24.518 23.105 24.064 24.940 25.535 25.953 26.069 24.622 25.984 26.092 26.537 26.660 26.574 26.571 26.695 26.858 26.730 26.668 26.739 26.717 26.621 26.517 26.397 26.304 26.208 26.116 26.016 25.939 25.864
25.517 25.326 24.932 24.262 24.561 26.169 26.528 26.751 26.855 25.058 22.662 23.233 24.269 25.074 24.596 21.654 17.436 24.984 22.445 22.618 24.348 24.645 24.259 24.304 24.494 24.740 25.012 25.368 25.592 25.944 25.771 24.308 25.698 26.899 26.628 26.551 26.340 26.022 25.842 25.914 24.591 24.997 24.968 24.486 24.118 25.769 26.138 26.320 26.396 25.924 26.080 26.409 26.811 26.990 26.868 26.881 26.966 26.968 26.749 26.732 26.796 26.752 26.621 26.487 26.336 26.252 26.174 26.133 26.092 26.051 25.953
25.602 25.720 25.032 23.931 23.376 25.885 26.536 26.784 26.137 25.760 24.946 25.080 24.634 24.504 24.033 19.277 15.486 23.549 23.998 24.275 24.071 24.725 24.455 24.795 25.164 25.389 25.614 25.839 25.847 26.080 26.166 24.484 26.391 26.713 26.905 26.776 26.598 26.301 26.066 26.098 25.512 25.337 24.543 24.747 24.800 26.197 26.454 26.497 26.417 25.973 25.927 26.437 26.943 26.950 26.812 26.800 26.861 26.876 26.759 26.723 26.702 26.697 26.606 26.460 26.298 26.255 26.242 26.282 26.330 26.224 26.014
