data-raw/tempfiles/16_grid_data_16000BP.asc
ncols 144
nrows 72
xllcorner -180
yllcorner -90
cellsize 2.5
nodata_value -9999
[rows 32 to 63 of 72, columns 71 to 141 of 144]
25.392 24.641 24.418 24.797 24.254 24.900 25.046 25.600 26.071 25.795 24.648 25.081 25.339 25.206 23.610 17.368 15.682 19.386 20.707 22.877 23.743 24.429 24.668 25.068 25.443 25.678 25.923 26.171 26.236 26.292 26.339 25.717 26.462 26.529 26.795 26.718 26.618 26.409 26.296 26.286 25.808 25.722 25.237 25.138 26.056 26.354 26.495 26.615 26.467 26.336 25.380 25.674 26.546 26.605 26.530 26.501 26.596 26.675 26.655 26.496 26.541 26.672 26.567 26.392 26.343 26.352 26.367 26.432 26.526 26.356 26.088
24.760 24.931 24.648 24.297 23.484 21.734 21.864 23.319 24.383 24.135 24.097 24.509 24.643 25.185 25.728 20.830 17.557 22.028 24.469 25.074 25.360 24.547 24.979 25.248 25.508 25.661 25.838 26.042 26.170 26.283 26.349 26.431 26.319 25.800 26.646 26.635 26.640 26.541 26.431 25.955 25.983 24.141 24.819 25.251 25.974 26.071 26.303 25.033 25.858 26.213 25.728 25.770 26.385 26.389 26.358 26.343 26.380 26.328 26.061 26.232 26.573 26.519 26.474 26.321 26.365 26.429 26.397 26.375 26.425 26.318 26.133
25.238 25.186 25.103 24.637 23.712 22.570 21.741 22.580 23.376 23.070 22.642 22.896 22.669 23.945 25.409 26.860 22.526 24.481 25.418 25.851 24.817 24.916 25.126 25.282 25.461 25.586 25.769 25.945 26.115 26.197 26.228 26.193 26.202 26.256 26.348 26.410 26.469 26.463 26.373 24.583 24.336 23.938 23.841 24.356 24.811 24.921 24.722 23.448 25.726 26.151 26.142 26.117 26.242 26.273 26.193 25.867 25.811 26.114 26.318 26.480 26.566 26.493 26.379 26.223 26.235 26.311 26.242 26.223 26.307 26.376 26.329
25.148 25.095 25.025 24.879 24.732 23.091 22.465 23.085 23.384 23.195 22.809 22.172 20.815 21.321 23.269 22.665 24.526 26.486 25.989 25.175 24.942 24.916 25.046 25.227 25.412 25.553 25.728 25.877 26.008 26.122 26.154 26.098 26.060 26.065 26.131 26.197 26.251 26.184 26.060 25.946 24.459 24.261 23.749 23.559 23.425 23.802 23.124 23.276 25.419 25.136 25.611 26.036 25.794 26.156 26.071 26.272 26.251 26.362 26.397 26.434 26.511 26.509 26.287 26.096 26.066 26.128 26.124 26.173 26.303 26.462 26.486
24.550 24.507 24.473 24.401 24.515 23.256 22.693 23.538 23.439 23.305 22.835 21.867 19.804 20.192 22.228 20.463 24.468 26.074 25.130 25.146 25.059 25.007 25.068 25.238 25.393 25.474 25.564 25.668 25.832 25.942 25.926 25.861 25.832 25.888 25.935 25.933 25.908 25.875 25.821 25.733 25.261 23.543 23.767 23.378 23.259 23.690 24.232 24.863 25.023 24.132 25.846 26.203 26.020 25.422 24.596 25.735 25.724 26.086 26.200 26.231 26.404 26.508 26.372 26.143 26.060 26.131 26.126 26.186 26.273 26.399 26.548
24.308 24.203 24.163 24.141 24.436 23.247 22.472 23.330 23.633 23.404 22.996 22.468 20.373 21.354 23.539 22.948 24.400 25.351 25.461 25.462 25.156 25.055 25.066 25.200 25.318 25.357 25.396 25.432 25.563 25.773 25.792 25.696 25.650 25.697 25.728 25.735 25.663 25.690 25.728 25.619 25.680 24.958 23.841 24.022 23.667 24.048 24.519 25.142 25.386 24.710 26.283 25.898 25.857 25.981 25.085 21.867 21.121 22.958 24.796 26.021 26.394 25.910 26.207 26.155 26.004 26.065 26.098 26.104 26.171 26.304 26.464
23.888 23.651 23.500 23.552 23.711 23.497 22.975 22.339 22.249 22.868 22.877 22.997 22.225 22.064 22.274 22.489 24.603 25.313 25.476 25.462 25.218 25.030 25.047 25.157 25.258 25.309 25.317 25.318 25.438 25.629 25.691 25.613 25.581 25.525 25.584 25.639 25.621 25.642 25.684 25.746 25.986 25.933 25.389 24.716 23.991 24.206 24.688 25.658 26.342 26.717 26.602 26.420 26.368 26.335 26.163 25.678 24.929 22.899 18.855 20.941 25.069 25.123 26.132 25.821 25.947 25.964 26.027 26.035 26.061 26.158 26.314
23.300 22.950 22.681 22.726 22.908 23.233 23.510 21.695 21.394 21.558 21.665 22.263 21.298 20.832 20.362 20.687 23.437 25.008 25.250 25.366 25.181 25.059 25.102 25.163 25.215 25.237 25.206 25.222 25.388 25.557 25.610 25.473 25.502 25.499 25.486 25.552 25.612 25.655 25.678 25.757 25.897 25.978 26.010 25.802 25.517 25.398 25.343 25.947 26.240 26.451 26.373 26.211 26.620 26.546 26.175 25.550 24.723 23.882 23.454 22.724 23.340 25.672 26.028 25.971 25.806 25.599 25.944 25.947 25.970 26.006 26.110
22.526 22.307 22.016 21.724 21.728 22.116 21.287 18.952 20.367 21.240 21.258 20.725 21.184 20.586 19.943 21.210 22.374 25.060 25.546 25.476 25.179 25.088 25.155 25.200 25.157 25.106 25.094 25.108 25.244 25.333 25.357 25.099 25.272 25.314 25.367 25.408 25.467 25.531 25.572 25.599 25.604 25.616 25.569 25.766 25.869 26.049 26.313 26.384 26.642 26.754 26.710 26.670 26.472 26.682 26.249 25.916 25.356 24.810 23.921 24.691 24.612 25.350 25.752 25.840 25.740 25.641 25.744 25.695 25.681 25.738 25.865
21.912 21.829 21.572 21.065 20.576 20.864 21.518 18.920 19.875 21.193 21.936 21.327 20.683 21.474 20.529 21.349 22.409 25.132 25.359 25.191 23.246 24.789 25.272 25.165 25.015 24.929 24.893 24.893 24.930 24.940 24.873 24.703 24.865 24.959 25.020 25.070 25.086 25.114 25.147 25.174 25.067 25.070 25.151 25.218 25.281 25.451 25.728 26.017 26.364 26.538 26.559 26.370 26.589 26.959 26.307 26.311 25.948 25.655 24.571 24.761 25.021 25.254 25.439 25.500 25.406 25.416 25.357 25.151 25.172 25.328 25.537
21.601 21.514 21.272 20.615 19.636 21.382 23.127 22.170 21.123 22.013 22.850 21.521 21.544 21.806 23.136 22.981 24.194 25.210 24.947 24.815 21.394 24.419 25.123 24.968 24.768 24.665 24.584 24.534 24.475 24.395 24.242 24.303 24.326 24.346 24.315 24.302 24.313 24.299 24.288 24.333 24.240 24.248 24.315 24.328 24.568 24.814 25.141 25.537 25.929 25.945 26.388 25.714 26.892 26.749 26.112 25.770 25.515 25.820 24.693 23.791 24.634 24.730 24.831 24.819 24.755 24.785 24.726 24.420 24.351 24.602 24.908
21.404 21.186 21.062 20.474 19.354 19.337 21.872 21.553 21.017 21.977 22.681 22.014 20.580 19.258 21.885 24.162 24.754 24.837 24.059 20.887 20.702 24.515 24.925 24.631 24.225 24.102 24.006 23.948 23.834 23.732 23.546 23.600 23.603 23.439 23.333 23.346 23.259 23.239 23.180 23.176 23.084 23.149 23.055 23.355 23.588 23.973 24.466 25.035 25.208 25.555 25.787 25.717 25.046 25.253 25.129 25.114 25.099 25.623 23.258 22.614 23.947 23.942 23.993 23.907 23.820 23.878 23.913 23.712 23.465 23.644 23.973
21.110 20.820 20.604 20.286 19.549 18.168 20.188 19.764 19.201 21.176 22.397 21.893 21.179 22.667 23.678 23.949 24.493 24.135 23.556 20.607 22.232 24.006 24.422 23.971 23.697 23.340 23.213 23.107 23.007 22.876 22.794 22.661 22.552 22.411 22.278 22.209 22.097 22.014 21.827 21.883 21.773 21.798 21.805 22.158 22.383 22.788 23.527 24.875 24.546 24.509 23.918 23.612 23.234 22.703 22.404 22.920 23.455 24.059 23.251 22.915 22.437 22.891 23.118 22.972 22.836 22.879 22.801 22.444 22.629 22.690 22.910
20.713 20.465 20.095 19.604 19.288 17.988 17.982 20.282 19.963 20.478 20.811 20.737 20.580 22.692 24.810 23.693 23.707 23.524 23.185 21.212 23.321 23.573 23.580 23.296 22.920 22.548 22.357 22.225 22.171 22.031 21.750 21.595 21.419 21.280 21.132 21.043 20.954 20.751 20.492 20.566 20.271 20.263 20.369 20.793 21.217 21.618 23.163 22.850 21.996 22.321 22.844 22.504 21.542 20.468 20.382 22.134 22.935 23.093 22.586 21.590 21.196 21.381 22.198 22.177 21.948 21.887 21.955 21.917 21.750 21.716 21.770
20.100 19.923 19.659 19.309 19.154 18.280 17.354 20.178 20.172 20.540 19.276 18.071 17.441 19.926 23.382 22.800 22.684 22.649 23.046 22.755 22.703 22.336 22.236 22.084 21.705 21.403 21.184 21.082 21.053 20.890 20.484 20.396 20.289 20.119 19.942 19.628 19.381 19.199 19.187 19.098 18.551 18.669 18.828 19.370 19.870 20.365 21.735 21.515 20.954 20.920 20.973 20.358 18.812 18.840 20.318 21.573 22.036 21.810 21.189 20.238 19.329 19.349 20.783 21.262 20.948 20.792 20.648 20.546 20.413 20.404 20.498
19.208 18.978 18.848 18.795 18.657 18.260 17.231 19.097 19.746 19.485 17.928 17.052 15.200 19.996 22.108 21.738 21.654 21.507 21.502 21.377 21.197 20.697 20.168 19.771 19.872 19.590 19.598 19.289 19.479 19.441 19.266 18.979 18.706 17.993 16.893 16.291 16.211 16.251 16.669 16.773 16.444 16.653 17.535 18.113 18.513 19.130 20.070 20.098 19.159 19.414 19.350 19.777 18.960 18.899 19.513 20.584 20.670 20.795 20.610 19.688 19.132 16.707 19.326 20.321 19.979 19.620 19.366 19.074 18.971 19.032 19.137
17.886 17.769 17.852 17.916 17.843 17.788 17.549 17.185 18.631 17.723 17.079 16.154 17.461 20.657 20.634 20.216 20.119 19.932 19.806 19.671 19.280 18.202 18.164 18.053 18.200 18.145 17.952 17.500 17.221 17.748 17.606 16.946 15.477 14.763 14.674 14.650 14.592 14.543 14.452 14.514 14.603 14.817 15.793 16.634 16.943 17.601 18.559 18.678 18.012 18.179 19.012 19.733 19.105 18.670 18.594 18.726 18.158 18.718 18.436 17.855 16.968 15.078 18.912 19.296 19.032 18.676 18.323 17.996 17.783 17.673 17.730
15.956 15.921 16.119 16.441 16.473 16.643 16.839 16.814 17.420 18.032 18.574 19.114 19.082 19.030 18.806 18.392 18.301 18.144 17.988 17.314 16.580 16.553 16.722 16.581 16.219 16.194 15.597 15.093 15.053 15.611 15.137 13.725 12.940 12.883 12.907 12.763 12.642 12.600 12.644 12.677 12.766 13.016 13.594 14.431 15.042 15.858 16.900 17.121 17.176 17.211 17.107 16.103 15.919 15.929 16.570 17.639 17.221 17.595 17.136 15.971 14.290 16.710 18.282 18.208 17.927 17.599 17.217 16.915 16.552 16.284 16.190
14.108 14.110 14.070 14.160 14.388 14.803 15.302 15.929 16.511 17.045 17.329 17.592 17.462 17.245 16.954 16.839 16.675 16.397 16.047 15.338 15.044 15.061 14.888 14.698 14.535 14.730 14.513 14.117 13.781 12.752 12.152 11.583 11.793 12.042 11.590 10.950 10.828 10.933 11.320 11.363 11.239 11.545 12.074 12.476 13.028 13.615 14.346 14.771 14.761 14.466 14.303 14.284 14.352 14.489 14.648 14.977 15.371 15.542 14.972 13.781 12.644 15.739 16.735 16.765 16.595 16.270 15.902 15.625 15.316 15.058 14.588
11.642 11.840 11.805 11.902 12.085 12.556 13.249 14.048 14.832 15.043 15.180 14.968 14.705 14.569 14.489 14.184 14.083 13.896 13.650 13.709 13.766 13.649 13.721 13.612 13.733 13.719 13.606 13.138 12.548 11.571 10.850 11.531 12.038 11.928 11.694 11.227 10.628 10.420 10.296 9.674 9.792 10.351 10.733 10.868 11.097 11.351 11.804 12.268 12.238 12.199 12.230 12.295 12.489 12.656 12.759 13.120 13.506 14.023 14.091 13.574 14.009 14.386 14.742 14.829 14.703 14.406 14.139 14.065 14.086 14.082 13.138
9.198 9.296 9.344 9.375 9.430 9.804 10.285 11.009 11.595 11.567 11.646 11.569 11.546 11.647 11.460 11.420 11.308 11.078 10.875 10.976 11.008 10.911 11.290 11.619 12.071 12.286 12.241 11.921 11.620 11.133 10.554 10.009 10.031 10.320 10.303 9.996 9.846 9.760 9.577 9.308 9.456 9.521 9.405 9.358 9.343 9.376 9.483 9.716 9.946 10.217 10.311 10.232 10.355 10.743 10.886 11.182 11.604 12.015 12.175 11.346 12.224 12.746 12.872 12.843 12.780 12.604 12.565 12.620 12.839 11.441 11.037
7.254 7.047 7.029 6.772 6.946 7.031 7.349 7.564 7.677 7.947 8.034 8.151 8.304 8.458 8.358 8.247 8.247 7.999 7.908 7.914 7.870 7.816 8.158 8.790 9.457 9.979 10.227 9.962 9.696 9.696 9.548 9.343 8.898 8.544 8.307 8.121 8.202 8.123 7.922 7.905 7.962 8.023 7.985 8.053 8.134 8.126 8.118 8.103 8.293 8.669 8.779 8.777 8.826 9.015 9.119 9.373 9.797 10.106 10.497 10.761 10.964 10.999 10.909 10.854 10.902 10.934 11.126 10.938 8.428 8.075 10.513
4.996 4.923 4.769 4.373 4.161 4.132 4.329 4.609 4.800 4.835 4.746 4.927 5.363 5.532 5.549 5.501 5.636 5.753 5.735 5.653 5.488 5.404 5.550 5.870 6.371 6.839 7.080 6.961 6.885 6.942 7.013 7.045 6.859 6.637 6.621 6.730 6.536 5.968 5.846 5.672 5.586 5.731 6.017 6.080 6.170 6.327 6.418 6.569 6.569 6.851 7.239 7.356 7.448 7.633 7.701 7.678 8.053 8.348 8.557 8.848 8.934 8.962 8.935 8.983 9.120 9.385 9.758 9.163 7.837 9.470 9.565
2.671 2.661 2.632 2.490 2.331 2.209 2.184 2.275 2.263 2.300 2.259 2.490 2.905 3.165 3.334 3.396 3.479 3.697 3.827 3.855 3.806 3.736 3.627 3.642 3.870 4.155 4.404 4.430 4.287 4.409 4.186 4.029 3.989 3.971 4.090 3.997 3.786 3.973 4.168 3.717 3.470 3.677 3.846 3.801 3.690 3.962 4.271 4.498 4.641 4.778 5.256 5.526 5.701 5.874 6.001 6.036 6.082 6.407 6.511 6.668 6.874 7.004 7.088 7.237 7.415 7.725 8.008 8.205 8.140 7.879 7.698
0.270 0.337 0.305 0.203 0.073 -0.034 -0.011 0.019 0.033 0.023 0.089 0.274 0.580 0.928 1.184 1.366 1.574 1.670 1.730 1.812 1.848 1.855 1.729 1.627 1.745 1.911 2.209 2.347 2.306 2.240 1.845 1.516 1.334 1.320 1.377 1.505 1.544 1.763 1.834 1.567 1.258 1.305 1.464 1.552 1.552 1.528 1.776 2.014 2.298 2.552 2.917 3.353 3.657 3.687 3.635 3.904 3.999 4.118 4.237 4.369 4.652 4.922 5.140 5.289 5.541 5.834 6.089 6.280 6.377 6.257 6.064
-2.027 -1.988 -1.984 -2.030 -2.146 -2.208 -2.135 -2.023 -1.970 -1.899 -1.767 -1.540 -1.193 -0.841 -0.563 -0.328 -0.233 -0.193 -0.242 -0.285 -0.185 -0.142 -0.238 -0.282 -0.225 0.028 0.216 0.253 0.129 -0.086 -0.536 -0.958 -1.275 -1.319 -1.096 -0.784 -0.666 -0.475 -0.569 -0.767 -0.794 -0.623 -0.633 -0.699 -0.708 -0.796 -0.510 -0.171 0.128 0.428 0.737 1.070 1.275 1.393 1.484 1.721 1.741 1.725 1.778 1.939 2.222 2.592 2.904 2.985 3.094 3.616 4.036 4.385 4.544 4.483 4.339
-4.057 -4.061 -4.073 -4.098 -4.116 -4.024 -3.887 -3.673 -3.539 -3.388 -3.017 -2.649 -2.319 -2.048 -1.873 -1.640 -1.623 -1.633 -1.646 -1.847 -1.950 -2.061 -2.250 -2.328 -2.397 -2.288 -2.215 -2.228 -2.318 -2.546 -2.905 -3.307 -3.591 -3.628 -3.473 -3.174 -2.993 -2.933 -2.929 -2.970 -3.050 -3.066 -3.047 -2.957 -2.883 -2.833 -2.661 -2.396 -2.204 -1.894 -1.691 -1.478 -1.352 -1.123 -0.804 -0.619 -0.481 -0.517 -0.614 -0.503 -0.298 0.030 0.473 0.660 0.649 1.029 1.781 2.294 2.629 2.710 2.655
-5.900 -5.889 -5.885 -5.986 -5.913 -5.641 -5.427 -5.239 -4.992 -4.590 -4.237 -3.944 -3.598 -3.604 -3.614 -3.470 -3.559 -3.596 -3.710 -4.008 -4.222 -4.469 -4.833 -5.161 -5.281 -5.150 -5.140 -5.050 -5.234 -5.600 -5.958 -6.300 -6.453 -6.442 -6.333 -5.872 -5.584 -5.628 -5.834 -5.821 -5.712 -5.617 -5.406 -5.243 -5.024 -4.817 -4.638 -4.510 -4.249 -4.102 -3.957 -3.748 -3.588 -3.457 -3.173 -3.095 -3.102 -2.878 -2.901 -3.022 -2.869 -2.697 -2.437 -2.030 -1.887 -1.654 -0.985 -0.408 -0.012 0.226 0.265
-7.431 -7.282 -7.185 -7.447 -7.452 -7.124 -6.949 -6.688 -6.433 -6.291 -6.106 -5.851 -5.729 -5.775 -5.709 -5.744 -5.770 -5.924 -6.232 -6.550 -6.995 -7.621 -8.208 -8.672 -8.983 -8.922 -9.007 -9.000 -9.169 -9.237 -9.320 -9.361 -9.245 -9.223 -9.256 -9.202 -9.048 -9.045 -9.067 -9.025 -8.835 -8.569 -8.204 -7.904 -7.654 -7.386 -7.058 -6.927 -6.638 -6.485 -6.282 -6.068 -5.883 -5.795 -5.822 -5.902 -6.048 -5.985 -6.014 -6.124 -6.114 -6.081 -5.943 -5.393 -5.054 -4.862 -4.412 -4.064 -3.756 -3.427 -3.000
-9.085 -8.943 -8.771 -8.698 -8.755 -8.854 -8.944 -8.854 -8.751 -8.649 -8.566 -8.513 -8.571 -8.614 -8.668 -8.935 -8.952 -9.263 -9.806 -10.134 -10.839 -11.538 -12.029 -12.668 -13.195 -13.165 -13.514 -13.687 -13.773 -13.741 -13.631 -13.514 -13.358 -13.216 -13.263 -13.486 -13.519 -13.436 -13.376 -13.383 -13.260 -12.981 -12.459 -11.966 -11.567 -11.338 -11.198 -11.097 -10.676 -10.240 -10.048 -10.028 -9.949 -9.958 -10.161 -10.321 -10.533 -10.563 -10.534 -10.668 -10.626 -10.496 -10.435 -10.171 -10.081 -9.871 -9.392 -8.968 -8.567 -8.139 -7.745
-11.724 -11.303 -11.266 -11.256 -11.121 -11.370 -11.768 -11.775 -11.751 -11.596 -11.593 -11.631 -11.637 -11.629 -11.662 -11.646 -11.857 -12.331 -12.724 -13.690 -14.895 -18.520 -21.666 -19.175 -17.654 -17.923 -18.179 -17.895 -17.780 -17.948 -17.422 -17.371 -16.664 -16.159 -17.511 -18.660 -18.904 -18.837 -19.094 -21.044 -20.530 -20.728 -20.858 -18.536 -16.381 -17.729 -18.070 -16.167 -15.035 -15.497 -16.411 -16.961 -16.662 -18.732 -19.689 -19.116 -18.979 -17.517 -16.296 -15.511 -15.125 -15.153 -15.000 -14.619 -14.584 -14.134 -13.815 -13.018 -12.881 -12.564 -12.060
-15.282 -14.888 -14.313 -14.041 -13.749 -13.836 -14.462 -14.469 -14.180 -14.074 -14.114 -14.043 -13.964 -14.577 -16.084 -15.416 -14.815 -18.083 -23.145 -25.699 -27.125 -30.349 -32.654 -32.029 -31.554 -30.468 -28.916 -26.063 -23.955 -21.959 -19.680 -18.604 -21.020 -24.750 -27.032 -28.612 -29.601 -30.882 -32.017 -32.594 -32.277 -32.322 -32.984 -32.531 -30.856 -29.071 -27.849 -27.123 -27.019 -28.092 -29.769 -30.529 -30.709 -31.729 -33.257 -33.659 -32.793 -30.253 -27.162 -24.860 -23.918 -22.762 -22.527 -21.295 -19.671 -18.185 -18.176 -17.433 -16.830 -16.455 -16.256
