data-raw/tempfiles/16_grid_data_16000BP.asc
ncols 144
nrows 72
xllcorner -180
yllcorner -90
cellsize 2.5
nodata_value -9999
[rows 32 to 63 of 72, columns 0 to 70 of 144]
25.836 25.537 25.483 25.421 25.329 25.246 25.225 25.148 25.080 24.935 24.811 24.708 24.612 24.503 24.410 24.321 24.274 24.214 24.160 24.168 24.236 24.286 24.389 24.579 24.798 24.994 25.135 25.259 25.421 25.608 25.653 25.654 25.641 25.683 25.745 25.670 25.662 25.740 24.603 24.854 25.265 25.415 25.618 23.632 25.546 25.959 25.266 24.165 24.143 24.234 24.259 24.305 24.392 24.354 24.362 24.242 24.177 23.960 23.928 23.887 23.936 24.081 24.226 24.334 24.698 25.223 25.336 23.948 23.049 24.098 25.034
25.943 25.719 25.637 25.574 25.497 25.426 25.375 25.361 25.382 25.292 25.139 25.045 24.969 24.869 24.805 24.763 24.764 24.711 24.642 24.593 24.596 24.575 24.532 24.604 24.728 24.856 24.944 25.004 25.057 25.119 25.155 25.202 25.226 25.261 25.257 25.297 25.412 25.609 25.839 25.811 25.133 22.922 21.986 25.069 26.375 22.844 23.633 22.659 23.349 24.246 24.270 24.452 24.605 24.697 24.776 24.733 24.653 24.443 24.361 24.427 24.552 24.681 24.781 24.875 25.184 25.616 26.120 25.165 23.850 23.976 24.411
25.880 25.823 25.771 25.782 25.698 25.632 25.664 25.718 25.819 25.791 25.542 25.340 25.307 25.213 25.058 25.129 25.092 24.952 24.958 24.869 24.688 24.639 24.528 24.434 24.484 24.495 24.527 24.618 24.596 24.605 24.610 24.628 24.680 24.750 24.817 24.923 25.045 25.046 25.085 25.046 24.670 21.721 23.623 26.410 25.529 23.080 22.829 24.556 23.935 23.725 23.847 24.036 24.750 24.845 25.112 25.167 24.987 24.773 24.666 24.816 24.995 25.024 24.987 24.937 25.066 25.252 25.583 25.565 25.285 25.041 25.203
25.862 25.913 25.880 25.837 25.752 25.658 25.631 25.744 25.879 25.799 25.542 25.339 25.192 25.107 25.030 25.035 24.997 24.828 24.734 24.670 24.488 24.300 24.113 23.957 23.824 23.794 23.752 23.799 23.830 23.747 23.675 23.635 23.603 23.510 23.550 23.679 23.841 23.830 23.971 23.984 21.514 21.033 24.262 25.400 25.326 24.462 24.359 24.637 23.531 23.619 23.867 23.781 24.691 25.033 25.366 25.429 25.346 25.190 25.069 25.160 25.193 25.123 24.979 24.825 24.747 24.785 24.980 25.075 25.188 25.163 25.206
26.061 26.034 26.055 26.034 25.935 25.828 25.773 25.828 25.892 25.829 25.685 25.546 25.416 25.331 25.333 25.311 25.220 25.105 25.015 24.912 24.802 24.609 24.355 24.084 23.870 23.701 23.603 23.596 23.596 23.508 23.369 23.183 23.050 22.846 22.731 22.636 22.796 22.576 22.526 22.465 17.687 24.284 25.285 25.485 25.495 24.938 24.250 24.190 23.654 23.686 24.008 24.535 24.638 24.817 25.326 25.651 25.636 25.575 25.446 25.463 25.447 25.346 25.140 24.901 24.698 24.640 24.631 24.660 24.775 24.809 24.715
26.340 26.209 26.323 26.282 26.139 26.051 25.977 25.980 25.993 25.863 25.763 25.706 25.606 25.583 25.664 25.536 25.423 25.370 25.260 25.159 25.097 24.908 24.735 24.556 24.281 24.113 24.021 23.846 23.780 23.766 23.576 23.425 23.307 23.028 22.868 22.727 22.655 22.354 21.810 22.001 19.778 24.078 25.278 25.491 25.177 23.833 24.116 24.506 24.670 23.680 23.100 23.492 23.866 23.541 25.668 26.066 25.997 26.005 25.730 25.686 25.703 25.570 25.372 25.135 24.940 24.864 24.778 24.710 24.702 24.696 24.554
26.503 26.293 26.508 26.554 26.328 26.177 26.180 26.138 26.078 25.958 25.869 25.826 25.812 25.795 25.770 25.628 25.525 25.417 25.357 25.263 25.138 25.023 24.858 24.736 24.603 24.415 24.291 24.144 24.038 23.903 23.712 23.519 23.384 23.187 22.942 22.743 22.642 22.487 21.933 21.861 18.687 22.419 24.422 25.348 25.322 24.159 24.072 23.853 24.246 23.163 22.200 22.416 23.255 23.601 24.461 25.148 26.104 25.512 25.685 25.808 25.769 25.618 25.425 25.224 25.041 24.936 24.770 24.492 24.323 24.261 24.125
26.563 26.365 26.645 26.729 26.484 26.345 26.346 26.336 26.212 25.986 25.854 25.823 25.857 25.888 25.802 25.634 25.508 25.439 25.401 25.301 25.159 24.987 24.812 24.699 24.607 24.501 24.422 24.315 24.136 23.899 23.667 23.432 23.178 22.891 22.550 22.311 22.266 22.285 21.834 20.865 17.836 17.739 23.341 22.951 23.884 24.048 24.141 23.289 22.929 22.513 22.305 22.645 23.692 23.522 24.211 24.276 24.103 23.146 25.634 25.774 25.671 25.452 25.224 25.007 24.797 24.584 24.324 23.931 23.551 23.487 23.452
26.353 26.123 26.356 26.515 26.369 26.321 26.306 26.232 26.109 25.916 25.822 25.844 25.944 25.982 25.871 25.732 25.596 25.478 25.437 25.314 25.151 24.982 24.813 24.659 24.586 24.480 24.366 24.288 24.061 23.785 23.512 23.152 22.728 22.371 21.955 21.678 21.551 21.503 21.216 20.754 19.513 12.813 19.200 22.341 23.068 23.798 23.400 23.082 22.457 22.824 22.988 23.373 23.493 22.002 23.162 22.120 23.493 24.693 25.752 25.670 25.416 25.167 24.914 24.645 24.343 24.026 23.740 23.374 23.052 22.740 22.617
25.927 25.732 25.863 25.878 25.885 25.867 25.870 25.840 25.755 25.658 25.694 25.795 25.898 25.933 25.840 25.714 25.575 25.369 25.193 25.094 24.978 24.807 24.663 24.528 24.367 24.215 24.045 23.878 23.718 23.452 23.119 22.765 22.318 21.884 21.387 20.838 20.506 20.489 20.540 20.274 19.550 16.918 10.074 10.413 19.410 23.448 22.947 22.578 22.032 23.060 23.073 23.604 22.466 21.342 22.243 21.104 23.898 25.706 25.773 25.470 25.123 24.803 24.515 24.195 23.861 23.632 23.387 23.027 22.610 22.257 22.032
25.346 25.243 25.313 25.226 25.140 25.173 25.266 25.333 25.294 25.272 25.358 25.466 25.526 25.536 25.496 25.419 25.258 24.970 24.770 24.642 24.558 24.410 24.273 24.104 23.966 23.782 23.585 23.388 23.160 22.942 22.692 22.336 21.811 21.275 20.930 20.302 20.136 20.048 19.867 19.651 19.245 19.144 16.568 9.812 9.272 18.443 22.333 22.514 23.405 24.134 22.908 22.651 21.036 21.116 21.339 21.272 24.086 25.513 25.526 25.213 24.900 24.568 24.246 23.870 23.477 23.353 23.183 22.808 22.457 22.041 21.717
24.423 24.314 24.342 24.260 24.154 24.213 24.394 24.496 24.491 24.477 24.487 24.481 24.516 24.605 24.634 24.697 24.607 24.304 24.058 23.897 23.825 23.745 23.626 23.547 23.447 23.290 23.146 22.950 22.745 22.555 22.046 21.571 21.048 21.097 20.972 20.586 20.087 19.919 19.596 19.430 19.112 18.836 18.583 17.830 8.099 10.047 18.991 22.778 23.555 23.966 22.692 21.947 21.361 20.454 20.693 22.495 24.076 24.960 24.951 24.728 24.486 24.210 23.900 23.527 23.111 23.038 22.998 22.609 22.329 21.983 21.651
23.246 23.069 23.006 22.942 22.922 23.027 23.147 23.196 23.230 23.239 23.232 23.202 23.280 23.414 23.530 23.639 23.615 23.357 23.083 22.951 22.907 22.897 22.836 22.774 22.704 22.629 22.548 22.426 22.266 22.034 21.342 20.932 20.816 20.930 20.738 20.411 20.026 19.732 19.398 19.052 18.770 18.405 17.762 17.749 10.047 6.377 18.327 22.806 23.269 22.144 22.427 22.364 21.149 19.544 19.911 22.808 24.003 24.338 24.113 23.935 23.745 23.542 23.355 23.098 22.668 22.591 22.538 22.339 22.122 21.841 21.424
21.842 21.713 21.643 21.610 21.612 21.658 21.702 21.707 21.766 21.833 21.826 21.867 21.990 22.105 22.168 22.259 22.231 22.097 21.970 21.891 21.868 21.877 21.849 21.799 21.726 21.724 21.718 21.763 21.649 21.148 20.698 20.464 20.480 20.401 20.186 19.885 19.592 19.348 19.032 18.701 18.384 17.897 17.208 17.440 9.098 5.115 19.981 22.351 22.043 21.330 21.147 20.033 19.693 20.864 22.396 23.196 23.289 23.226 22.984 22.824 22.764 22.657 22.543 22.407 22.157 22.007 22.002 21.853 21.683 21.477 21.078
20.342 20.292 20.280 20.299 20.301 20.299 20.305 20.272 20.273 20.329 20.394 20.456 20.556 20.624 20.646 20.707 20.680 20.622 20.636 20.626 20.610 20.616 20.589 20.540 20.535 20.525 20.682 20.784 20.489 19.884 20.142 19.892 19.792 19.582 19.394 19.119 18.926 18.691 18.460 18.077 17.896 17.339 16.639 16.947 4.219 9.028 20.191 21.288 21.009 20.325 19.289 17.635 19.958 21.361 21.987 22.090 21.894 21.740 21.568 21.490 21.482 21.453 21.375 21.335 21.236 21.073 21.022 20.950 20.778 20.616 20.339
18.934 18.953 18.988 18.994 18.937 18.949 18.927 18.886 18.876 18.870 18.909 18.951 19.014 19.043 19.050 19.090 19.061 19.087 19.114 19.113 19.123 19.101 19.057 19.067 19.091 19.140 19.482 19.463 18.885 18.821 18.891 18.809 18.650 18.409 18.343 18.133 18.018 17.801 17.567 17.260 17.208 16.731 16.082 15.053 6.773 16.630 19.720 19.654 19.409 19.343 18.304 17.702 19.606 20.716 20.840 20.589 20.362 20.234 20.096 20.048 20.000 19.993 19.962 19.936 19.918 19.826 19.715 19.638 19.630 19.609 19.410
17.705 17.698 17.708 17.656 17.599 17.555 17.491 17.453 17.431 17.425 17.407 17.407 17.436 17.466 17.459 17.463 17.447 17.469 17.522 17.508 17.467 17.429 17.389 17.375 17.404 17.636 18.058 17.789 17.513 17.546 17.462 17.372 17.320 17.201 17.161 16.997 16.923 16.791 16.673 16.565 16.471 15.993 15.316 12.338 11.719 18.098 17.538 17.761 17.675 17.391 17.583 18.899 19.301 19.614 19.430 19.072 18.824 18.657 18.566 18.560 18.480 18.413 18.392 18.411 18.410 18.335 18.289 18.155 17.971 17.778 17.960
16.395 16.409 16.325 16.225 16.105 16.036 15.991 15.920 15.871 15.870 15.832 15.776 15.752 15.757 15.741 15.785 15.773 15.789 15.802 15.744 15.655 15.634 15.556 15.539 15.694 15.957 16.197 15.824 15.410 15.551 15.645 15.637 15.709 15.626 15.629 15.583 15.538 15.488 15.482 15.439 15.324 14.940 14.255 11.703 11.355 16.072 16.528 16.072 16.299 16.321 16.949 17.526 18.210 18.296 18.115 17.883 17.612 17.365 17.175 17.024 16.886 16.753 16.641 16.663 16.645 16.559 16.577 16.386 16.223 16.017 15.959
15.108 15.083 14.937 14.808 14.655 14.546 14.445 14.373 14.325 14.290 14.230 14.171 14.072 14.050 14.063 14.106 14.108 14.094 14.083 14.030 13.956 13.869 13.764 13.913 13.734 14.017 13.882 13.749 13.621 13.315 13.572 13.776 13.840 13.945 13.873 13.934 14.057 14.079 14.056 14.012 14.015 13.560 13.002 10.326 12.143 15.553 14.931 14.228 14.881 15.261 15.669 16.328 16.920 16.849 16.666 16.510 16.291 16.000 15.740 15.472 15.217 14.994 14.861 14.787 14.761 14.691 14.600 14.361 14.154 14.010 13.963
13.885 13.947 13.701 13.523 13.294 13.135 12.996 12.891 12.822 12.745 12.682 12.590 12.489 12.399 12.347 12.363 12.396 12.403 12.404 12.375 12.289 12.187 12.174 12.142 11.742 11.732 11.795 11.740 11.656 11.213 11.736 11.951 12.028 12.130 12.187 12.312 12.433 12.582 12.711 12.730 12.701 12.480 11.569 8.617 13.519 14.841 14.394 14.343 14.023 13.187 13.815 14.835 15.118 14.896 14.680 14.542 14.369 14.160 13.978 13.740 13.433 13.181 12.993 12.871 12.761 12.660 12.560 12.386 12.129 11.848 11.624
12.522 12.638 12.392 12.174 11.934 11.711 11.535 11.382 11.272 11.164 11.053 10.951 10.834 10.736 10.649 10.600 10.605 10.606 10.575 10.556 10.473 10.368 10.273 10.053 10.006 9.879 10.076 9.820 9.901 9.810 10.197 10.281 10.321 10.377 10.430 10.609 10.728 10.940 11.199 11.296 11.274 11.165 10.162 7.493 9.639 12.711 13.697 12.897 11.781 11.228 11.835 12.782 12.743 12.279 12.013 11.786 11.639 11.543 11.471 11.375 11.228 11.027 10.907 10.733 10.584 10.442 10.388 10.297 9.976 9.558 9.273
10.803 11.060 10.964 10.792 10.561 10.294 10.117 9.940 9.801 9.685 9.567 9.406 9.272 9.152 9.070 8.974 8.910 8.857 8.794 8.765 8.708 8.659 8.607 8.361 8.284 8.263 8.142 8.129 8.293 8.538 8.710 8.762 8.709 8.676 8.752 8.892 9.090 9.332 9.622 9.739 9.844 9.824 8.432 6.189 9.871 12.167 11.405 10.382 9.643 9.641 10.329 10.672 10.404 9.836 9.447 9.195 9.023 8.857 8.787 8.689 8.586 8.517 8.487 8.443 8.330 8.082 7.935 7.849 7.678 7.404 7.340
8.911 9.234 9.283 9.199 9.028 8.824 8.667 8.501 8.352 8.205 8.060 7.901 7.768 7.657 7.557 7.448 7.374 7.280 7.198 7.138 7.135 7.108 7.092 6.874 6.956 6.723 6.598 6.789 7.080 7.207 7.189 7.140 7.079 7.128 7.242 7.320 7.484 7.738 7.961 8.109 8.244 8.128 4.794 4.718 8.823 9.806 9.409 8.596 7.918 7.903 8.391 8.528 8.226 7.725 7.424 7.232 6.969 6.679 6.431 6.177 5.999 5.931 5.962 6.037 6.001 5.715 5.418 5.218 5.080 5.027 5.038
7.417 7.638 7.745 7.685 7.526 7.401 7.283 7.180 7.048 6.904 6.773 6.639 6.485 6.347 6.215 6.123 6.071 5.992 5.907 5.858 5.808 5.712 5.682 5.331 5.266 5.221 5.351 5.645 5.669 5.694 5.650 5.645 5.671 5.716 5.842 5.923 5.994 6.219 6.496 6.702 6.809 6.432 1.670 3.998 8.091 8.542 7.796 7.270 6.644 6.378 6.298 6.085 5.823 5.471 5.164 4.996 4.720 4.417 4.172 3.891 3.633 3.566 3.583 3.692 3.726 3.557 3.230 2.906 2.637 2.531 2.592
5.984 6.080 6.090 5.964 5.808 5.737 5.676 5.631 5.577 5.480 5.345 5.198 5.059 4.935 4.870 4.813 4.745 4.677 4.631 4.584 4.522 4.163 3.936 3.950 3.734 3.593 4.010 4.182 4.163 4.224 4.220 4.275 4.368 4.397 4.425 4.534 4.676 4.864 5.084 5.266 5.358 5.430 2.844 4.400 6.266 6.215 5.987 5.772 5.515 4.783 4.154 3.723 3.366 2.937 2.502 2.224 2.008 1.849 1.671 1.448 1.311 1.273 1.336 1.489 1.478 1.371 1.102 0.741 0.375 0.218 0.140
4.532 4.535 4.455 4.302 4.098 3.979 3.926 3.862 3.809 3.693 3.510 3.314 3.127 3.059 3.089 3.093 3.071 3.030 2.982 2.979 2.864 2.723 2.726 2.494 2.354 2.493 2.620 2.674 2.745 2.826 2.897 2.955 2.882 2.951 3.035 3.119 3.242 3.365 3.469 3.492 3.755 4.071 3.650 2.973 3.506 4.292 4.273 4.052 3.851 3.211 2.482 1.964 1.460 0.948 0.461 0.154 -0.026 -0.258 -0.386 -0.733 -0.928 -0.940 -0.849 -0.723 -0.697 -0.748 -0.957 -1.222 -1.604 -1.842 -2.027
2.926 2.778 2.625 2.417 2.233 2.066 1.952 1.833 1.645 1.470 1.217 0.919 0.663 0.592 0.680 0.825 0.930 0.924 0.802 0.703 0.658 0.691 0.789 0.844 0.822 0.860 0.894 0.953 1.024 1.070 1.128 1.161 1.122 1.120 1.181 1.230 1.301 1.386 1.479 1.600 1.856 2.259 2.434 2.517 2.509 2.423 1.893 1.416 1.022 0.559 -0.024 -0.461 -0.907 -1.233 -1.542 -1.702 -1.767 -1.908 -2.212 -2.643 -3.002 -3.146 -2.922 -2.755 -2.775 -2.916 -3.118 -3.384 -3.654 -3.908 -4.136
0.681 0.330 0.284 0.180 -0.003 -0.148 -0.278 -0.521 -0.738 -1.015 -1.302 -1.558 -1.811 -1.900 -1.828 -1.717 -1.685 -1.760 -1.779 -1.770 -1.648 -1.546 -1.340 -1.266 -1.267 -1.231 -1.191 -1.104 -1.111 -1.119 -1.091 -1.047 -1.053 -0.967 -0.894 -0.830 -0.702 -0.558 -0.378 -0.208 -0.028 0.080 0.260 0.355 0.152 -0.190 -0.910 -1.479 -2.057 -2.607 -3.162 -3.596 -4.000 -4.132 -4.350 -4.442 -4.520 -4.703 -4.963 -5.216 -5.496 -5.567 -5.161 -5.064 -5.254 -5.524 -5.811 -6.003 -6.069 -6.108 -6.056
-1.946 -2.305 -2.321 -2.424 -2.568 -2.708 -2.900 -3.170 -3.388 -3.538 -4.014 -4.177 -4.502 -4.657 -4.728 -4.818 -4.558 -4.187 -4.026 -3.978 -3.905 -3.790 -3.554 -3.398 -3.344 -3.259 -3.255 -3.291 -3.422 -3.442 -3.450 -3.450 -3.374 -3.263 -3.187 -3.024 -2.826 -2.579 -2.339 -2.192 -2.075 -2.215 -2.299 -2.449 -2.874 -3.347 -3.837 -4.492 -5.380 -6.216 -6.926 -7.489 -8.033 -8.333 -8.277 -7.574 -7.502 -7.475 -7.519 -7.632 -7.778 -7.758 -7.623 -7.636 -7.737 -7.897 -7.946 -7.923 -7.892 -7.771 -7.602
-5.656 -5.854 -5.859 -5.834 -5.985 -6.168 -6.403 -6.713 -6.790 -6.859 -7.047 -7.211 -7.365 -7.356 -7.237 -7.030 -6.819 -6.693 -6.561 -6.473 -6.388 -6.077 -5.749 -5.636 -5.557 -5.512 -5.549 -5.620 -5.644 -5.654 -5.627 -5.518 -5.379 -5.272 -5.163 -4.973 -4.740 -4.514 -4.365 -4.343 -4.387 -4.641 -4.866 -5.357 -5.996 -6.435 -7.499 -9.701 -10.518 -10.390 -10.746 -11.362 -11.920 -12.211 -11.709 -10.425 -9.698 -9.591 -9.508 -9.510 -9.642 -9.702 -9.753 -10.022 -10.257 -10.186 -9.941 -9.828 -9.743 -9.601 -9.295
-10.477 -10.112 -9.951 -9.824 -9.803 -9.818 -9.863 -9.951 -9.972 -9.950 -10.031 -10.043 -9.947 -9.791 -9.648 -9.611 -9.632 -9.536 -9.362 -9.291 -9.279 -9.261 -9.299 -9.302 -9.160 -8.993 -8.958 -8.966 -8.945 -8.766 -8.531 -8.330 -8.114 -7.984 -7.896 -7.797 -7.693 -7.556 -7.592 -7.584 -7.739 -7.953 -8.052 -8.440 -9.264 -12.444 -13.819 -13.769 -12.625 -13.671 -14.203 -14.630 -14.718 -14.803 -14.537 -13.864 -13.146 -12.825 -12.285 -12.104 -12.174 -12.237 -12.366 -12.694 -12.883 -13.037 -12.693 -12.521 -12.464 -12.152 -11.900
-14.934 -13.931 -13.500 -13.163 -12.975 -12.775 -12.693 -12.702 -12.665 -12.645 -12.653 -12.608 -12.519 -12.461 -12.374 -12.321 -12.243 -12.187 -12.201 -12.367 -12.560 -12.724 -12.799 -12.772 -12.583 -12.422 -12.440 -12.535 -12.457 -12.235 -11.994 -11.734 -11.459 -11.328 -11.235 -11.258 -11.243 -11.310 -11.426 -11.386 -11.421 -11.711 -12.026 -13.186 -13.939 -17.333 -17.486 -16.622 -15.807 -16.617 -16.765 -16.847 -17.143 -17.401 -17.348 -17.260 -17.118 -16.838 -16.252 -16.042 -15.961 -15.817 -15.685 -15.691 -15.668 -15.735 -15.720 -15.663 -15.505 -15.473 -15.225
