data-raw/tempfiles/17_grid_data_17000BP.asc
ncols 144
nrows 72
xllcorner -180
yllcorner -90
cellsize 2.5
nodata_value -9999
[rows 0 to 31 of 72, columns 71 to 141 of 144]
-32.428 -32.672 -32.824 -33.120 -33.114 -33.135 -32.572 -32.377 -32.136 -32.238 -32.397 -32.209 -31.906 -32.023 -32.017 -32.067 -32.016 -31.861 -31.903 -31.852 -31.823 -32.089 -32.268 -32.402 -32.255 -32.317 -32.417 -32.275 -32.312 -32.300 -32.565 -32.525 -32.573 -32.350 -32.505 -32.574 -32.769 -32.844 -32.930 -32.940 -32.764 -32.665 -32.584 -32.683 -32.763 -32.935 -33.033 -33.118 -33.196 -33.253 -33.319 -33.328 -33.267 -33.150 -33.186 -33.217 -33.245 -33.252 -33.229 -33.225 -33.223 -33.215 -33.181 -33.236 -33.260 -33.293 -33.218 -33.085 -33.049 -33.057 -33.002
-30.518 -30.517 -30.474 -30.440 -30.388 -30.424 -30.445 -30.538 -30.649 -30.766 -31.009 -31.075 -31.062 -31.293 -31.494 -31.611 -31.743 -31.780 -31.837 -31.976 -32.103 -32.249 -32.385 -32.472 -32.571 -32.605 -32.681 -32.714 -32.766 -32.776 -32.809 -32.775 -32.819 -32.845 -32.888 -32.847 -32.835 -32.803 -32.771 -32.743 -32.680 -32.670 -32.613 -32.555 -32.511 -32.455 -32.358 -32.286 -32.230 -32.170 -32.117 -32.011 -31.959 -31.829 -31.748 -31.748 -31.711 -31.618 -31.554 -31.494 -31.442 -31.373 -31.285 -31.239 -31.240 -31.220 -31.196 -31.178 -31.163 -31.144 -31.121
-28.786 -28.659 -28.486 -28.377 -28.389 -28.434 -28.441 -28.681 -29.021 -29.200 -29.611 -30.199 -30.294 -30.638 -31.192 -31.440 -31.757 -32.062 -32.310 -32.617 -32.873 -33.034 -33.125 -33.239 -33.383 -33.420 -33.494 -33.528 -33.597 -33.664 -33.699 -33.683 -33.623 -33.566 -33.500 -33.442 -33.347 -33.233 -33.100 -32.924 -32.762 -32.523 -32.331 -32.132 -31.961 -31.803 -31.618 -31.467 -31.318 -31.198 -31.110 -30.974 -30.929 -30.863 -30.683 -30.587 -30.542 -30.335 -30.207 -30.135 -29.962 -29.822 -29.746 -29.630 -29.546 -29.472 -29.443 -29.359 -29.102 -28.958 -28.891
-24.587 -23.801 -23.064 -22.516 -22.570 -22.716 -23.770 -24.556 -25.708 -26.450 -27.350 -28.131 -28.994 -29.648 -30.408 -30.850 -31.447 -31.941 -32.090 -32.563 -33.008 -32.929 -32.819 -32.743 -33.307 -33.419 -33.535 -34.056 -34.281 -34.496 -34.159 -34.162 -34.223 -34.752 -34.570 -34.350 -34.111 -34.129 -35.263 -34.284 -33.075 -32.798 -32.808 -32.505 -32.211 -31.638 -31.174 -30.759 -30.400 -30.129 -29.871 -29.595 -29.477 -29.294 -29.097 -28.963 -28.770 -28.564 -28.472 -28.311 -28.096 -27.924 -27.710 -27.377 -27.125 -26.833 -26.833 -27.009 -27.129 -27.119 -27.155
-18.262 -16.840 -15.660 -15.091 -15.504 -17.221 -20.308 -23.314 -24.688 -25.120 -25.972 -26.438 -27.240 -28.176 -29.015 -29.601 -30.199 -30.910 -31.072 -31.234 -31.787 -31.688 -31.436 -31.012 -31.314 -31.625 -31.524 -31.917 -32.412 -32.820 -32.765 -32.841 -33.099 -33.750 -34.195 -34.055 -33.769 -33.648 -34.165 -34.411 -33.486 -34.655 -34.335 -32.579 -31.916 -31.587 -31.084 -30.466 -30.089 -29.735 -29.322 -28.998 -28.685 -28.434 -28.279 -28.111 -27.911 -27.770 -27.615 -27.528 -27.333 -27.111 -26.892 -26.574 -26.194 -25.745 -25.452 -25.367 -25.609 -25.649 -25.606
-12.667 -11.737 -11.236 -11.168 -11.412 -12.035 -13.026 -15.224 -17.584 -20.354 -21.915 -22.655 -23.339 -24.205 -25.226 -26.229 -26.999 -27.511 -27.870 -28.147 -28.487 -28.785 -28.778 -28.993 -29.451 -29.597 -29.799 -29.924 -29.867 -29.985 -30.391 -30.811 -31.234 -31.630 -31.895 -31.956 -32.068 -32.147 -32.501 -32.495 -32.451 -33.117 -33.662 -33.029 -32.877 -32.622 -30.790 -29.999 -29.827 -29.564 -29.170 -28.738 -28.460 -28.194 -27.922 -27.879 -28.598 -28.296 -27.936 -27.235 -27.091 -26.922 -26.578 -26.217 -25.741 -25.190 -24.328 -24.008 -24.020 -24.046 -23.915
-10.090 -9.318 -8.977 -9.120 -9.308 -9.747 -10.125 -10.627 -11.919 -14.336 -16.204 -17.129 -18.199 -19.291 -20.629 -22.120 -23.354 -24.308 -25.043 -25.695 -26.545 -27.561 -29.124 -30.649 -29.902 -29.121 -28.628 -28.380 -28.440 -28.708 -28.665 -28.952 -29.377 -30.381 -30.968 -31.009 -31.460 -31.646 -31.822 -31.674 -31.371 -30.929 -30.631 -30.525 -30.482 -30.447 -30.079 -30.079 -29.745 -29.203 -28.877 -28.777 -28.114 -27.711 -27.651 -27.487 -27.533 -27.695 -27.327 -26.986 -26.870 -26.572 -26.273 -26.055 -25.692 -25.357 -24.781 -23.974 -23.309 -22.817 -22.439
-6.843 -6.000 -5.642 -5.593 -5.622 -5.937 -6.001 -6.340 -6.997 -9.075 -11.489 -13.234 -14.914 -15.380 -16.617 -18.291 -19.936 -21.524 -23.043 -24.407 -25.688 -27.166 -29.106 -29.227 -28.798 -28.357 -27.733 -27.451 -28.591 -28.517 -27.373 -28.227 -28.920 -28.925 -28.797 -28.471 -28.254 -28.349 -28.471 -28.445 -28.438 -28.544 -28.764 -29.130 -29.317 -28.986 -28.563 -28.303 -28.116 -28.258 -28.410 -28.598 -27.938 -26.856 -27.209 -26.847 -26.511 -26.745 -26.410 -26.259 -26.193 -25.651 -25.092 -24.847 -24.590 -23.545 -23.038 -22.484 -21.595 -20.709 -20.121
-4.723 -3.932 -3.424 -3.163 -3.095 -3.194 -3.754 -7.111 -11.075 -12.723 -13.296 -13.979 -15.005 -15.693 -16.494 -17.197 -17.751 -19.519 -21.761 -23.174 -24.460 -25.183 -25.764 -26.089 -26.203 -26.567 -26.629 -25.810 -25.791 -26.030 -24.948 -25.444 -25.746 -25.918 -25.702 -25.427 -25.756 -26.844 -28.006 -28.367 -27.986 -26.957 -26.506 -27.069 -27.687 -27.552 -26.824 -26.298 -26.367 -26.042 -25.522 -26.026 -26.727 -25.528 -25.205 -24.777 -25.573 -24.971 -23.582 -23.163 -23.350 -22.853 -22.087 -21.210 -20.826 -20.478 -20.639 -20.534 -19.387 -18.783 -19.049
-3.499 -2.730 -2.299 -2.224 -2.562 -3.642 -8.960 -11.824 -12.697 -12.360 -12.683 -13.657 -14.516 -14.936 -15.411 -16.187 -17.149 -18.296 -19.000 -19.854 -21.072 -21.477 -21.873 -21.769 -22.165 -22.628 -22.518 -22.286 -22.188 -22.325 -22.648 -23.118 -22.928 -22.550 -22.394 -21.970 -22.390 -23.124 -23.850 -24.789 -24.931 -24.642 -24.387 -24.629 -25.015 -25.381 -25.445 -25.083 -24.778 -24.271 -23.484 -24.344 -24.754 -23.201 -22.824 -22.389 -22.871 -22.344 -21.656 -21.406 -20.082 -19.053 -19.347 -18.853 -18.675 -18.294 -17.651 -17.369 -16.673 -15.412 -13.960
-2.988 -2.444 -2.103 -3.025 -5.157 -8.608 -11.824 -12.479 -12.700 -12.541 -13.070 -13.698 -13.985 -14.037 -14.106 -14.562 -14.690 -15.154 -15.692 -16.300 -16.835 -16.919 -16.761 -16.739 -18.083 -17.670 -17.330 -17.563 -18.088 -18.747 -19.302 -19.596 -19.518 -19.084 -18.851 -18.747 -19.367 -20.071 -20.070 -20.318 -20.542 -20.807 -21.026 -21.608 -22.195 -22.883 -23.182 -22.905 -22.763 -22.318 -21.577 -21.232 -21.443 -21.090 -20.639 -20.084 -20.555 -20.113 -19.755 -19.501 -18.875 -18.114 -17.757 -17.338 -17.223 -15.786 -14.677 -13.564 -12.203 -10.911 -9.650
-3.092 -2.806 -3.183 -9.034 -12.838 -12.632 -13.458 -13.231 -12.733 -13.796 -14.635 -14.177 -13.510 -12.895 -12.792 -12.813 -12.910 -12.707 -12.509 -12.340 -12.236 -12.149 -11.964 -11.978 -12.870 -11.891 -12.136 -12.761 -13.567 -14.378 -15.179 -15.457 -15.520 -15.771 -15.851 -15.641 -15.349 -15.737 -16.314 -16.689 -16.669 -16.898 -17.470 -18.020 -18.918 -19.647 -19.848 -20.015 -20.332 -20.518 -20.198 -19.836 -19.442 -18.859 -18.302 -17.894 -17.749 -16.114 -15.313 -14.855 -14.931 -15.109 -15.013 -12.279 -9.757 -9.907 -9.214 -8.261 -7.486 -5.963 -2.382
-4.375 -4.566 -5.235 -8.807 -10.165 -10.253 -12.147 -12.451 -12.139 -12.273 -12.766 -13.148 -12.136 -11.523 -11.328 -10.984 -10.466 -10.130 -9.692 -9.165 -8.862 -8.938 -8.483 -8.320 -9.002 -8.085 -8.519 -9.583 -10.468 -11.385 -11.955 -12.375 -12.530 -12.549 -12.614 -12.461 -12.168 -12.231 -12.969 -13.318 -13.265 -13.488 -14.389 -15.131 -15.686 -16.961 -18.481 -19.450 -18.976 -19.217 -19.482 -19.474 -18.807 -17.829 -16.547 -15.760 -14.171 -9.623 -7.646 -7.242 -6.777 -6.976 -7.204 -5.791 -6.653 -8.040 -4.234 -1.926 -0.522 0.763 1.892
-4.600 -4.722 -5.455 -6.208 -7.352 -8.415 -10.124 -9.935 -9.902 -10.252 -10.861 -10.989 -10.382 -9.867 -9.278 -8.431 -7.839 -7.302 -6.592 -6.240 -6.008 -5.713 -5.532 -5.532 -6.436 -6.025 -6.664 -7.634 -8.364 -9.227 -9.753 -10.141 -10.156 -9.969 -9.566 -9.135 -9.145 -9.234 -9.715 -10.008 -10.343 -11.144 -11.836 -12.580 -14.457 -16.946 -17.980 -18.705 -19.769 -19.033 -18.872 -18.651 -18.747 -18.601 -16.198 -13.828 -10.691 -7.700 -6.234 -5.218 -4.249 -3.362 -2.723 -4.824 -7.183 -5.605 -1.356 0.198 1.111 2.168 3.145
-4.283 -3.604 -3.767 -3.937 -4.446 -5.038 -5.362 -5.965 -6.492 -7.044 -7.662 -7.700 -7.319 -6.947 -6.457 -5.924 -5.372 -4.927 -4.581 -4.243 -3.771 -3.764 -4.270 -4.677 -5.712 -4.980 -5.353 -6.152 -6.752 -6.941 -7.084 -7.313 -7.323 -7.132 -6.721 -6.776 -7.937 -7.919 -9.442 -11.612 -11.730 -10.067 -9.877 -10.929 -11.863 -14.229 -14.093 -14.815 -15.705 -15.998 -15.500 -14.963 -15.187 -15.842 -15.099 -11.977 -10.069 -7.994 -6.378 -4.714 -3.174 -1.897 -1.104 -3.132 -4.316 -0.982 0.417 1.171 2.085 2.907 3.595
-2.087 -1.376 -1.317 -1.599 -2.225 -2.571 -2.489 -2.985 -3.278 -3.781 -3.954 -3.970 -3.751 -3.351 -3.155 -2.898 -2.549 -2.467 -2.557 -2.369 -2.303 -2.575 -2.992 -3.876 -4.333 -4.238 -4.339 -4.715 -5.270 -5.115 -5.054 -4.605 -4.249 -4.889 -6.541 -8.362 -10.993 -10.132 -9.693 -10.675 -12.836 -12.014 -9.595 -8.563 -9.026 -10.073 -9.744 -10.772 -12.205 -13.737 -13.528 -12.944 -12.823 -14.370 -15.237 -12.178 -10.723 -8.090 -6.776 -5.303 -3.514 -2.008 -1.069 -1.036 -0.265 0.678 1.186 1.732 2.298 2.848 3.365
0.490 0.580 0.815 0.334 0.070 -0.786 -1.240 -0.458 -1.263 -1.473 -2.350 -1.643 -0.709 -0.362 -0.103 -0.001 0.277 0.562 0.441 0.117 -0.384 -0.579 -0.797 -2.137 -2.858 -2.229 -2.020 -3.023 -3.471 -3.369 -4.121 -4.268 -3.743 -3.781 -4.436 -7.887 -11.702 -9.879 -7.252 -9.786 -10.718 -8.284 -6.647 -7.259 -9.413 -8.314 -7.054 -7.358 -9.230 -10.637 -9.446 -10.427 -10.577 -10.718 -10.229 -10.390 -11.020 -7.061 -6.158 -5.266 -3.954 -2.747 -1.889 -1.058 -0.016 0.622 1.141 1.588 1.903 2.310 2.752
2.929 2.654 2.340 0.166 -0.700 -0.972 0.297 1.907 2.815 2.289 0.148 0.551 2.813 3.178 3.285 3.826 4.222 4.098 3.406 2.950 2.008 2.185 1.995 0.583 -0.309 0.330 0.949 0.688 0.862 0.451 0.361 0.866 0.145 -1.509 -2.019 -0.536 -1.999 -6.358 -6.115 -6.907 -7.471 -6.821 -4.497 -4.579 -4.694 -4.860 -5.721 -5.742 -7.707 -6.834 -5.867 -7.524 -8.182 -7.151 -7.296 -9.017 -6.210 -3.930 -4.137 -4.270 -3.984 -3.298 -2.415 -1.445 -0.505 0.234 0.685 0.956 1.093 1.518 2.086
5.422 4.448 5.730 4.812 7.070 6.240 6.763 5.540 3.610 4.605 4.815 5.315 5.401 5.914 6.112 6.575 6.956 4.324 3.153 4.339 4.937 4.894 4.476 3.687 3.410 4.262 4.690 4.768 4.465 3.506 2.301 1.160 -1.248 -2.757 -3.621 -2.930 0.014 0.235 -0.407 -0.613 -0.545 -0.673 -1.050 -0.545 0.037 -0.928 -2.480 -4.216 -3.671 -1.927 -3.316 -4.742 -5.685 -4.015 -4.683 -3.343 -1.355 -1.245 -2.149 -2.883 -3.043 -2.537 -1.724 -0.957 -0.349 0.048 0.287 0.560 0.643 1.055 1.922
5.904 7.903 9.861 10.320 9.863 10.278 9.433 9.622 9.367 6.362 7.457 8.531 8.849 7.257 6.105 7.083 6.545 4.619 1.744 3.500 6.282 7.474 8.095 7.830 8.090 7.979 8.244 7.508 6.821 2.342 -2.695 -5.488 -2.711 2.262 4.125 4.006 4.934 5.886 4.524 1.472 2.991 3.998 3.084 2.494 1.324 0.057 -0.835 -0.688 0.057 0.441 -1.291 -3.197 -3.200 0.300 0.475 1.705 2.843 2.302 1.526 0.211 0.134 0.430 0.866 1.170 1.332 1.472 1.657 1.932 2.226 2.540 2.865
9.593 12.146 12.353 12.536 12.313 12.493 12.499 12.387 12.819 10.766 12.007 12.198 9.861 7.585 7.642 5.481 5.722 4.681 1.651 3.263 7.276 9.714 11.306 10.151 10.611 10.911 11.062 8.358 3.628 -5.070 -10.397 -0.340 7.273 7.574 7.611 5.473 1.343 0.305 -0.311 -5.961 -5.120 1.409 4.946 4.782 3.934 2.921 3.723 6.492 4.322 2.691 2.058 2.140 3.812 5.056 5.496 6.189 6.054 5.679 6.080 5.545 5.377 5.312 5.143 5.010 4.956 4.978 5.023 5.162 5.297 5.441 5.542
13.078 13.074 13.006 12.928 13.459 14.330 13.915 14.572 14.572 14.065 13.854 14.127 13.560 12.858 12.469 13.069 13.175 13.291 10.722 4.800 3.951 7.360 8.501 8.820 7.497 10.776 9.247 6.305 4.177 -4.659 -8.275 -11.604 -7.932 -4.062 -6.041 -10.478 -10.896 -8.771 -3.674 -2.318 -4.157 -1.163 3.687 5.329 6.200 5.934 7.167 8.240 6.021 5.400 5.729 6.088 7.090 8.816 9.629 8.912 7.700 10.023 10.595 10.529 10.262 10.240 10.015 9.811 9.668 9.667 9.625 9.549 9.562 9.555 9.562
12.276 12.634 14.738 17.392 17.370 17.034 16.147 15.903 15.822 15.627 15.413 15.214 15.493 15.679 15.944 13.391 14.209 15.538 17.119 12.293 6.203 7.877 12.176 13.455 10.593 11.454 5.881 2.189 3.297 11.855 8.584 -5.066 -11.877 -11.231 -8.984 -8.911 -8.703 -8.221 -6.358 -5.407 -4.990 -2.533 2.262 7.632 8.936 9.331 10.410 10.074 9.196 8.298 9.364 10.164 11.499 11.689 12.301 12.918 13.696 14.256 14.501 14.448 14.111 14.171 14.127 13.974 13.885 13.850 13.791 13.745 13.682 13.604 13.527
16.517 16.593 17.874 18.649 18.187 17.518 18.137 18.239 17.768 18.393 17.973 17.236 17.284 17.207 16.805 15.381 16.092 17.001 18.737 19.753 17.678 8.041 9.823 11.577 15.443 16.014 15.712 12.333 12.058 19.981 19.655 14.312 -1.115 -8.139 -7.235 -6.440 -5.736 -5.311 -5.021 -3.876 -2.254 0.009 7.867 13.237 11.093 11.224 12.103 11.606 12.116 12.055 12.995 14.437 15.577 15.657 16.685 16.826 16.831 17.098 17.204 17.224 17.130 16.966 17.321 17.329 17.239 17.215 17.194 17.152 17.080 17.001 16.870
19.494 19.075 18.848 19.330 19.170 18.685 18.552 18.788 19.405 19.790 18.853 18.586 18.616 18.512 18.063 16.808 17.609 17.594 18.701 19.804 20.788 18.043 14.086 13.335 17.220 15.871 17.962 16.192 20.557 23.506 23.820 22.411 20.757 15.253 4.507 -2.049 -2.028 -1.018 4.372 5.678 2.572 4.450 11.421 14.187 13.084 13.299 13.862 14.239 13.950 14.185 15.756 17.784 18.668 19.159 19.288 19.446 19.533 19.488 19.496 19.589 19.628 19.517 19.799 19.910 19.835 19.794 19.784 19.774 19.680 19.591 19.418
19.974 21.167 20.373 18.851 19.189 19.710 19.472 19.702 20.132 19.843 19.159 18.284 18.507 19.779 21.205 20.954 19.140 18.697 19.724 20.071 21.680 21.337 21.370 22.342 21.812 20.840 20.961 21.707 23.595 25.531 24.802 25.028 24.849 23.919 23.390 20.081 17.521 16.263 17.459 17.333 11.194 11.515 11.993 14.575 15.168 15.313 15.902 16.068 16.518 17.596 19.461 20.556 20.918 21.072 21.316 21.641 21.698 21.626 21.608 21.693 21.716 21.822 22.004 22.037 21.928 21.889 21.875 21.897 21.770 21.653 21.510
21.226 21.377 20.472 17.367 18.065 18.313 18.400 19.453 19.312 18.675 19.309 17.949 19.783 20.972 22.323 21.379 22.394 21.028 20.328 20.508 22.295 23.451 23.156 23.313 23.672 22.837 22.702 22.966 24.174 25.980 26.414 26.753 25.929 23.845 22.614 22.295 21.518 20.809 19.144 20.333 16.225 15.274 15.863 18.363 18.684 18.188 18.778 19.119 20.213 19.999 22.571 22.942 22.924 22.878 23.018 23.304 23.463 23.491 23.529 23.538 23.545 23.638 23.789 23.772 23.639 23.523 23.503 23.465 23.359 23.232 23.125
22.637 22.100 21.401 21.273 20.058 20.438 20.504 18.773 17.115 19.344 19.279 19.007 20.510 22.021 23.442 23.037 23.507 21.018 21.132 22.045 23.535 24.651 25.315 25.843 24.756 22.910 23.138 23.335 23.895 25.131 26.232 26.803 26.509 24.910 23.776 23.460 23.406 23.152 21.002 21.084 19.026 18.847 18.602 20.872 20.343 21.310 21.818 22.378 23.414 23.980 24.312 24.366 24.446 24.519 24.584 24.686 24.834 24.966 25.044 25.051 25.067 25.158 25.193 25.151 25.060 24.975 24.928 24.844 24.777 24.617 24.526
23.935 23.552 23.150 22.997 20.774 21.398 22.279 22.873 22.932 22.099 20.258 20.682 21.926 23.615 24.927 24.307 23.976 22.969 19.464 22.662 24.363 24.677 24.710 24.699 23.282 23.449 23.841 24.210 24.619 25.422 25.048 26.702 27.029 25.181 24.343 25.258 24.875 24.724 23.721 22.961 22.134 22.228 20.927 22.035 22.102 23.013 24.270 24.698 25.172 25.208 25.498 25.475 25.616 25.757 25.790 25.745 25.884 26.104 25.971 25.960 26.063 26.066 26.055 26.000 25.971 25.855 25.766 25.697 25.605 25.442 25.400
25.445 25.443 24.644 24.110 23.807 23.474 23.923 24.927 25.508 24.360 21.585 21.327 23.188 24.340 25.344 25.171 23.095 25.199 20.426 22.630 22.815 23.443 22.976 23.415 23.603 23.888 24.232 24.603 24.936 25.601 25.232 26.617 26.786 26.546 26.103 25.984 25.606 25.291 25.076 25.004 23.977 24.361 24.310 22.894 23.886 24.740 25.328 25.751 25.870 24.421 25.769 25.873 26.319 26.446 26.368 26.375 26.506 26.670 26.542 26.479 26.553 26.534 26.440 26.331 26.207 26.106 26.005 25.909 25.804 25.719 25.636
25.689 25.469 25.012 24.231 24.494 26.124 26.468 26.658 26.707 24.990 22.526 23.054 24.229 25.137 24.752 21.782 17.587 25.208 22.327 22.411 24.120 24.427 23.992 24.034 24.212 24.461 24.738 25.103 25.335 25.709 25.571 24.220 25.704 26.835 26.427 26.363 26.169 25.861 25.680 25.747 24.504 24.992 24.822 24.285 23.892 25.551 25.918 26.109 26.188 25.721 25.877 26.190 26.589 26.771 26.648 26.662 26.747 26.753 26.535 26.520 26.576 26.526 26.387 26.251 26.099 26.016 25.933 25.884 25.833 25.787 25.683
25.635 25.818 25.083 23.875 23.212 25.694 26.356 26.622 25.916 25.649 24.764 24.829 24.805 24.713 24.255 19.446 15.469 23.504 23.858 24.022 23.767 24.442 24.176 24.519 24.893 25.115 25.351 25.576 25.577 25.809 25.897 24.270 26.230 26.537 26.677 26.581 26.417 26.121 25.875 25.874 25.235 25.144 24.391 24.544 24.557 25.956 26.222 26.276 26.201 25.753 25.709 26.214 26.717 26.728 26.584 26.566 26.623 26.637 26.522 26.486 26.459 26.448 26.347 26.201 26.036 25.996 25.976 26.010 26.048 25.938 25.723
