data-raw/tempfiles/17_grid_data_17000BP.asc
ncols 144
nrows 72
xllcorner -180
yllcorner -90
cellsize 2.5
nodata_value -9999
[rows 32 to 63 of 72, columns 0 to 70 of 144]
25.532 25.231 25.175 25.112 25.019 24.934 24.912 24.836 24.771 24.629 24.511 24.410 24.317 24.212 24.126 24.044 24.012 23.966 23.923 23.938 24.005 24.054 24.153 24.337 24.548 24.730 24.855 24.962 25.111 25.294 25.338 25.348 25.338 25.379 25.430 25.352 25.330 25.387 24.244 24.486 24.859 24.981 25.160 23.192 25.132 25.570 24.900 23.819 23.815 23.911 23.942 23.986 24.076 24.044 24.058 23.941 23.879 23.669 23.648 23.600 23.628 23.743 23.883 24.011 24.419 24.960 25.062 23.616 22.851 23.965 24.845
25.648 25.424 25.341 25.277 25.200 25.132 25.082 25.068 25.087 24.997 24.844 24.755 24.683 24.587 24.521 24.476 24.475 24.428 24.367 24.326 24.330 24.301 24.248 24.314 24.432 24.555 24.633 24.678 24.715 24.762 24.795 24.848 24.890 24.938 24.944 24.984 25.097 25.284 25.505 25.478 24.793 22.521 21.511 24.506 25.799 22.286 23.104 22.211 22.965 23.895 23.935 24.126 24.263 24.368 24.464 24.435 24.364 24.159 24.081 24.136 24.246 24.356 24.459 24.562 24.888 25.318 25.829 24.875 23.568 23.729 24.149
25.589 25.534 25.479 25.489 25.406 25.345 25.379 25.433 25.530 25.497 25.243 25.043 25.015 24.924 24.767 24.830 24.782 24.642 24.654 24.571 24.394 24.338 24.212 24.104 24.141 24.143 24.161 24.246 24.207 24.198 24.196 24.215 24.278 24.367 24.449 24.560 24.697 24.705 24.760 24.724 24.351 21.346 23.214 25.907 24.918 22.482 22.274 24.065 23.548 23.397 23.363 23.651 24.407 24.513 24.800 24.878 24.710 24.503 24.397 24.539 24.708 24.727 24.699 24.651 24.784 24.960 25.290 25.288 25.013 24.764 24.916
25.573 25.627 25.590 25.546 25.462 25.373 25.348 25.462 25.592 25.505 25.241 25.036 24.891 24.809 24.732 24.734 24.682 24.511 24.417 24.358 24.181 23.989 23.786 23.609 23.452 23.401 23.343 23.382 23.407 23.311 23.230 23.186 23.163 23.076 23.124 23.260 23.441 23.456 23.633 23.667 21.202 20.683 23.868 24.998 24.774 23.853 23.821 24.136 23.108 23.328 23.411 23.257 24.344 24.706 25.054 25.144 25.079 24.936 24.818 24.903 24.928 24.855 24.720 24.570 24.487 24.506 24.695 24.802 24.921 24.892 24.919
25.772 25.748 25.766 25.746 25.652 25.549 25.494 25.546 25.606 25.539 25.391 25.248 25.118 25.035 25.043 25.023 24.930 24.812 24.719 24.617 24.504 24.306 24.038 23.741 23.496 23.297 23.182 23.170 23.176 23.092 22.950 22.763 22.632 22.423 22.300 22.200 22.379 22.198 22.191 22.152 17.375 23.992 24.967 25.096 24.980 24.349 23.670 23.632 23.135 23.230 23.725 24.235 24.313 24.482 25.000 25.350 25.362 25.328 25.215 25.234 25.208 25.096 24.891 24.653 24.442 24.367 24.349 24.382 24.498 24.527 24.425
26.047 25.917 26.031 25.995 25.859 25.773 25.700 25.699 25.711 25.583 25.484 25.428 25.324 25.300 25.385 25.263 25.153 25.101 24.988 24.885 24.821 24.627 24.444 24.248 23.944 23.748 23.641 23.458 23.398 23.384 23.193 23.041 22.920 22.628 22.450 22.300 22.243 21.981 21.474 21.679 19.424 23.555 24.838 25.046 24.698 23.303 23.585 24.015 24.214 23.267 22.741 23.235 23.581 23.184 25.303 25.720 25.692 25.752 25.512 25.473 25.479 25.329 25.123 24.887 24.686 24.596 24.496 24.424 24.409 24.397 24.245
26.205 25.994 26.210 26.262 26.045 25.899 25.903 25.858 25.800 25.686 25.605 25.566 25.551 25.531 25.507 25.367 25.270 25.164 25.104 25.008 24.881 24.763 24.595 24.462 24.314 24.106 23.972 23.818 23.712 23.570 23.374 23.177 23.034 22.820 22.549 22.335 22.244 22.126 21.600 21.534 18.331 21.854 23.767 24.822 24.818 23.693 23.622 23.419 23.856 22.836 21.868 22.089 22.966 23.249 24.074 24.777 25.771 25.236 25.473 25.609 25.560 25.385 25.182 24.976 24.791 24.674 24.494 24.204 24.023 23.949 23.800
26.263 26.064 26.344 26.432 26.194 26.062 26.068 26.059 25.939 25.720 25.597 25.572 25.609 25.640 25.552 25.384 25.259 25.190 25.154 25.054 24.911 24.738 24.563 24.447 24.351 24.240 24.159 24.051 23.870 23.617 23.374 23.129 22.866 22.560 22.193 21.937 21.896 21.938 21.501 20.526 17.470 17.349 22.880 22.469 23.365 23.591 23.804 22.880 22.520 22.142 21.981 22.304 23.329 23.185 23.870 23.954 23.791 22.877 25.428 25.585 25.478 25.240 24.999 24.774 24.558 24.334 24.061 23.652 23.260 23.181 23.127
26.050 25.821 26.053 26.211 26.070 26.030 26.022 25.953 25.834 25.645 25.557 25.585 25.691 25.732 25.624 25.485 25.347 25.228 25.188 25.065 24.903 24.731 24.561 24.404 24.331 24.226 24.119 24.048 23.823 23.542 23.261 22.896 22.471 22.099 21.663 21.369 21.231 21.191 20.900 20.424 19.156 12.445 18.825 21.936 22.635 23.336 23.013 22.621 22.004 22.414 22.602 22.972 23.056 21.697 22.851 21.803 23.240 24.460 25.564 25.501 25.248 24.987 24.719 24.434 24.120 23.787 23.487 23.105 22.771 22.445 22.303
25.618 25.427 25.557 25.571 25.579 25.566 25.577 25.554 25.474 25.380 25.418 25.521 25.629 25.670 25.581 25.457 25.316 25.109 24.932 24.834 24.718 24.547 24.399 24.261 24.098 23.949 23.787 23.629 23.477 23.212 22.881 22.531 22.089 21.653 21.145 20.582 20.239 20.217 20.254 19.966 19.210 16.559 9.713 10.052 19.025 23.048 22.532 22.103 21.520 22.628 22.663 23.182 21.972 20.974 22.011 20.817 23.657 25.516 25.602 25.318 24.977 24.653 24.352 24.015 23.661 23.413 23.150 22.772 22.340 21.974 21.734
25.031 24.931 25.002 24.915 24.830 24.866 24.964 25.038 25.004 24.986 25.072 25.180 25.241 25.255 25.218 25.142 24.979 24.688 24.486 24.359 24.275 24.128 23.989 23.819 23.681 23.497 23.303 23.112 22.889 22.676 22.429 22.077 21.563 21.032 20.690 20.057 19.887 19.794 19.606 19.371 18.934 18.791 16.201 9.458 8.888 18.048 21.950 22.164 23.034 23.735 22.506 22.243 20.610 20.632 20.982 21.110 23.879 25.312 25.352 25.062 24.763 24.435 24.106 23.718 23.308 23.168 22.978 22.582 22.207 21.771 21.430
24.099 23.992 24.024 23.946 23.841 23.899 24.080 24.185 24.187 24.178 24.190 24.182 24.213 24.301 24.329 24.390 24.296 23.990 23.744 23.585 23.515 23.436 23.318 23.241 23.142 22.985 22.842 22.647 22.444 22.249 21.739 21.261 20.739 20.801 20.683 20.303 19.818 19.662 19.358 19.192 18.853 18.531 18.231 17.467 7.755 9.685 18.637 22.450 23.258 23.629 22.319 21.539 20.924 19.976 20.239 22.216 23.850 24.735 24.751 24.551 24.327 24.064 23.765 23.394 22.974 22.891 22.832 22.421 22.113 21.739 21.385
22.917 22.739 22.684 22.626 22.610 22.710 22.823 22.869 22.906 22.916 22.912 22.878 22.952 23.080 23.192 23.297 23.270 23.009 22.737 22.608 22.567 22.558 22.500 22.440 22.372 22.299 22.219 22.099 21.939 21.703 21.005 20.584 20.466 20.582 20.397 20.081 19.716 19.452 19.159 18.839 18.556 18.143 17.442 17.363 9.630 6.031 17.990 22.498 23.014 21.867 22.015 21.971 20.719 19.085 19.452 22.425 23.686 24.057 23.867 23.708 23.539 23.356 23.194 22.955 22.537 22.454 22.391 22.174 21.934 21.628 21.182
21.504 21.379 21.322 21.298 21.305 21.343 21.376 21.369 21.423 21.485 21.473 21.506 21.622 21.731 21.790 21.879 21.849 21.716 21.594 21.523 21.503 21.514 21.483 21.433 21.361 21.363 21.359 21.408 21.300 20.803 20.352 20.114 20.126 20.044 19.828 19.528 19.250 19.039 18.776 18.486 18.186 17.655 16.910 17.068 8.518 4.563 19.632 22.026 21.797 21.180 20.637 19.453 19.317 20.491 22.012 22.818 22.940 22.905 22.683 22.531 22.489 22.407 22.331 22.225 21.992 21.837 21.827 21.672 21.498 21.278 20.856
19.987 19.948 19.954 19.984 19.994 19.988 19.985 19.941 19.930 19.971 20.023 20.071 20.162 20.225 20.245 20.302 20.272 20.215 20.236 20.236 20.229 20.237 20.209 20.161 20.158 20.151 20.308 20.411 20.120 19.523 19.786 19.538 19.437 19.219 19.023 18.733 18.540 18.325 18.137 17.806 17.652 17.073 16.323 16.566 3.751 8.456 19.746 20.856 20.609 20.031 19.063 17.173 19.567 20.990 21.611 21.705 21.509 21.365 21.200 21.128 21.137 21.134 21.094 21.087 21.006 20.836 20.787 20.719 20.564 20.404 20.116
18.551 18.586 18.640 18.661 18.614 18.629 18.608 18.560 18.538 18.515 18.532 18.557 18.610 18.633 18.638 18.673 18.637 18.662 18.695 18.705 18.727 18.711 18.669 18.681 18.708 18.761 19.102 19.079 18.500 18.440 18.516 18.439 18.279 18.031 17.952 17.720 17.594 17.382 17.182 16.919 16.905 16.427 15.750 14.665 6.322 16.114 19.215 19.179 18.925 18.887 18.008 17.443 19.240 20.334 20.440 20.177 19.939 19.812 19.674 19.632 19.599 19.619 19.624 19.628 19.627 19.531 19.420 19.356 19.373 19.366 19.169
17.295 17.301 17.325 17.285 17.240 17.208 17.153 17.118 17.088 17.067 17.027 17.011 17.031 17.057 17.045 17.041 17.014 17.031 17.088 17.084 17.053 17.021 16.986 16.976 17.012 17.250 17.671 17.395 17.111 17.143 17.061 16.972 16.918 16.791 16.736 16.552 16.464 16.332 16.241 16.172 16.120 15.660 14.981 11.977 11.289 17.590 16.967 17.302 17.249 16.933 17.189 18.554 18.940 19.224 19.008 18.617 18.353 18.187 18.106 18.115 18.054 18.012 18.018 18.064 18.079 18.006 17.962 17.841 17.679 17.503 17.690
15.960 15.979 15.895 15.803 15.692 15.636 15.603 15.537 15.481 15.470 15.415 15.349 15.318 15.319 15.295 15.330 15.306 15.319 15.333 15.281 15.195 15.175 15.097 15.084 15.249 15.521 15.765 15.393 14.976 15.123 15.221 15.216 15.286 15.197 15.191 15.139 15.086 15.038 15.053 15.035 14.958 14.603 13.934 11.386 10.987 15.653 16.058 15.591 15.872 15.883 16.527 17.141 17.826 17.858 17.639 17.365 17.087 16.849 16.681 16.557 16.438 16.328 16.238 16.289 16.294 16.221 16.236 16.049 15.887 15.696 15.647
14.662 14.635 14.482 14.350 14.198 14.099 14.004 13.935 13.880 13.834 13.761 13.694 13.587 13.562 13.564 13.597 13.587 13.570 13.559 13.511 13.435 13.344 13.234 13.386 13.215 13.511 13.384 13.259 13.137 12.847 13.117 13.330 13.396 13.498 13.422 13.484 13.608 13.634 13.620 13.587 13.609 13.171 12.639 9.993 11.787 15.148 14.509 13.769 14.413 14.801 15.228 15.901 16.499 16.376 16.141 15.939 15.713 15.432 15.203 14.965 14.738 14.538 14.429 14.382 14.386 14.335 14.249 14.005 13.791 13.649 13.612
13.435 13.495 13.239 13.051 12.816 12.657 12.520 12.410 12.330 12.239 12.161 12.059 11.947 11.846 11.780 11.784 11.806 11.811 11.813 11.785 11.694 11.586 11.569 11.541 11.149 11.151 11.223 11.178 11.107 10.689 11.234 11.467 11.551 11.656 11.714 11.844 11.970 12.120 12.244 12.253 12.211 11.976 11.075 8.164 13.092 14.390 13.888 13.808 13.471 12.638 13.304 14.349 14.634 14.370 14.112 13.941 13.757 13.554 13.391 13.179 12.899 12.674 12.520 12.431 12.353 12.272 12.180 12.004 11.739 11.458 11.244
12.067 12.190 11.924 11.687 11.435 11.204 11.024 10.867 10.748 10.624 10.499 10.382 10.248 10.134 10.028 9.963 9.956 9.949 9.915 9.894 9.804 9.696 9.600 9.387 9.348 9.231 9.433 9.185 9.278 9.211 9.622 9.726 9.775 9.836 9.894 10.083 10.212 10.423 10.666 10.734 10.671 10.513 9.479 6.825 9.056 12.133 13.074 12.220 11.086 10.520 11.165 12.158 12.138 11.664 11.375 11.126 10.966 10.875 10.813 10.739 10.623 10.449 10.369 10.236 10.122 9.998 9.957 9.867 9.545 9.129 8.854
10.278 10.551 10.437 10.248 9.999 9.722 9.543 9.362 9.218 9.093 8.961 8.783 8.632 8.493 8.392 8.280 8.203 8.141 8.070 8.035 7.971 7.920 7.869 7.631 7.563 7.549 7.430 7.422 7.595 7.859 8.052 8.121 8.074 8.048 8.133 8.290 8.502 8.747 9.014 9.084 9.126 9.025 7.581 5.317 9.096 11.431 10.648 9.602 8.856 8.842 9.557 9.929 9.696 9.143 8.759 8.505 8.334 8.174 8.113 8.038 7.961 7.918 7.924 7.914 7.837 7.608 7.470 7.386 7.218 6.945 6.888
8.270 8.608 8.639 8.538 8.353 8.145 7.988 7.825 7.678 7.526 7.372 7.199 7.051 6.924 6.810 6.690 6.609 6.508 6.417 6.348 6.337 6.307 6.294 6.083 6.171 5.943 5.818 6.012 6.310 6.452 6.448 6.409 6.349 6.403 6.528 6.629 6.814 7.078 7.276 7.368 7.420 7.194 3.786 3.685 7.888 8.929 8.512 7.727 7.083 7.115 7.620 7.769 7.474 7.000 6.724 6.556 6.309 6.037 5.808 5.579 5.423 5.378 5.430 5.526 5.512 5.236 4.944 4.745 4.607 4.552 4.562
6.676 6.906 7.001 6.929 6.761 6.637 6.521 6.423 6.291 6.141 5.999 5.851 5.684 5.534 5.395 5.298 5.244 5.164 5.074 5.021 4.967 4.868 4.841 4.493 4.432 4.390 4.522 4.819 4.851 4.890 4.853 4.854 4.881 4.924 5.060 5.165 5.252 5.486 5.738 5.883 5.900 5.413 0.568 2.868 6.982 7.532 6.832 6.354 5.776 5.568 5.529 5.335 5.084 4.756 4.476 4.341 4.095 3.814 3.595 3.338 3.088 3.031 3.046 3.157 3.196 3.027 2.701 2.371 2.096 1.982 2.033
5.147 5.249 5.253 5.120 4.960 4.892 4.832 4.790 4.734 4.626 4.476 4.314 4.158 4.022 3.949 3.889 3.822 3.755 3.711 3.664 3.605 3.251 3.028 3.046 2.834 2.694 3.113 3.288 3.275 3.343 3.342 3.395 3.479 3.504 3.534 3.655 3.810 4.003 4.197 4.334 4.340 4.301 1.623 3.157 5.067 5.082 4.951 4.799 4.601 3.925 3.346 2.951 2.615 2.210 1.801 1.553 1.367 1.234 1.079 0.865 0.730 0.686 0.734 0.882 0.863 0.758 0.492 0.124 -0.258 -0.434 -0.530
3.590 3.594 3.514 3.360 3.157 3.040 2.987 2.919 2.857 2.727 2.524 2.309 2.103 2.017 2.035 2.031 2.007 1.966 1.921 1.923 1.817 1.688 1.704 1.481 1.347 1.491 1.620 1.675 1.749 1.826 1.890 1.938 1.846 1.901 1.980 2.062 2.188 2.310 2.390 2.380 2.595 2.822 2.316 1.582 2.213 3.098 3.165 3.011 2.867 2.280 1.599 1.118 0.646 0.158 -0.304 -0.585 -0.738 -0.948 -1.063 -1.415 -1.623 -1.660 -1.585 -1.467 -1.444 -1.483 -1.682 -1.941 -2.345 -2.611 -2.826
1.806 1.661 1.510 1.304 1.119 0.949 0.832 0.705 0.503 0.312 0.036 -0.285 -0.559 -0.650 -0.578 -0.440 -0.343 -0.352 -0.469 -0.566 -0.601 -0.548 -0.433 -0.361 -0.369 -0.325 -0.285 -0.224 -0.157 -0.121 -0.075 -0.064 -0.123 -0.141 -0.097 -0.056 0.018 0.099 0.187 0.298 0.534 0.924 1.076 1.147 1.170 1.172 0.714 0.312 -0.025 -0.438 -0.988 -1.404 -1.831 -2.136 -2.418 -2.554 -2.596 -2.717 -3.010 -3.437 -3.812 -3.975 -3.766 -3.608 -3.622 -3.757 -3.965 -4.238 -4.537 -4.814 -5.066
-0.666 -1.018 -1.060 -1.159 -1.344 -1.497 -1.629 -1.882 -2.113 -2.401 -2.706 -2.981 -3.242 -3.342 -3.275 -3.163 -3.134 -3.207 -3.222 -3.208 -3.077 -2.960 -2.733 -2.642 -2.628 -2.581 -2.536 -2.443 -2.452 -2.465 -2.444 -2.421 -2.440 -2.371 -2.314 -2.253 -2.123 -1.973 -1.781 -1.603 -1.413 -1.284 -1.085 -0.950 -1.113 -1.396 -2.065 -2.574 -3.135 -3.657 -4.216 -4.646 -5.051 -5.162 -5.355 -5.421 -5.474 -5.647 -5.901 -6.162 -6.467 -6.561 -6.184 -6.106 -6.296 -6.576 -6.864 -7.075 -7.161 -7.209 -7.167
-3.517 -3.878 -3.891 -3.994 -4.142 -4.289 -4.489 -4.768 -4.994 -5.152 -5.635 -5.801 -6.122 -6.267 -6.322 -6.394 -6.117 -5.732 -5.560 -5.502 -5.418 -5.291 -5.040 -4.871 -4.805 -4.711 -4.703 -4.736 -4.863 -4.877 -4.883 -4.888 -4.817 -4.714 -4.644 -4.481 -4.273 -4.007 -3.745 -3.571 -3.418 -3.522 -3.566 -3.668 -4.041 -4.459 -4.890 -5.513 -6.413 -7.300 -8.068 -8.669 -9.228 -9.519 -9.443 -8.709 -8.615 -8.578 -8.624 -8.764 -8.946 -8.975 -8.884 -8.933 -9.063 -9.248 -9.309 -9.290 -9.256 -9.125 -8.938
-7.289 -7.485 -7.494 -7.479 -7.638 -7.837 -8.086 -8.410 -8.501 -8.578 -8.770 -8.927 -9.065 -9.028 -8.872 -8.631 -8.385 -8.230 -8.076 -7.965 -7.864 -7.544 -7.202 -7.077 -6.991 -6.935 -6.971 -7.043 -7.057 -7.054 -7.031 -6.924 -6.795 -6.698 -6.591 -6.402 -6.164 -5.918 -5.745 -5.691 -5.692 -5.897 -6.075 -6.511 -7.098 -7.495 -8.530 -10.773 -11.629 -11.578 -11.988 -12.674 -13.290 -13.630 -13.138 -11.854 -11.119 -11.005 -10.933 -10.960 -11.117 -11.222 -11.317 -11.617 -11.890 -11.842 -11.595 -11.476 -11.356 -11.176 -10.832
-12.127 -11.751 -11.592 -11.477 -11.466 -11.492 -11.554 -11.656 -11.689 -11.678 -11.759 -11.758 -11.643 -11.449 -11.263 -11.181 -11.157 -11.022 -10.818 -10.722 -10.696 -10.675 -10.708 -10.713 -10.572 -10.404 -10.378 -10.389 -10.367 -10.189 -9.952 -9.762 -9.563 -9.439 -9.359 -9.270 -9.152 -9.001 -9.012 -8.959 -9.073 -9.240 -9.283 -9.622 -10.408 -13.542 -14.907 -14.921 -13.827 -14.958 -15.552 -16.047 -16.215 -16.377 -16.171 -15.527 -14.831 -14.512 -13.978 -13.803 -13.871 -13.948 -14.073 -14.415 -14.616 -14.758 -14.414 -14.213 -14.118 -13.781 -13.481
-16.599 -15.597 -15.159 -14.819 -14.635 -14.437 -14.356 -14.368 -14.334 -14.312 -14.315 -14.252 -14.135 -14.041 -13.914 -13.816 -13.693 -13.596 -13.579 -13.723 -13.910 -14.078 -14.168 -14.159 -13.986 -13.843 -13.876 -13.985 -13.920 -13.708 -13.482 -13.237 -12.974 -12.852 -12.769 -12.799 -12.778 -12.826 -12.908 -12.828 -12.816 -13.057 -13.326 -14.446 -15.175 -18.545 -18.678 -17.880 -17.122 -17.971 -18.176 -18.328 -18.704 -19.041 -19.058 -19.031 -18.929 -18.664 -18.081 -17.850 -17.741 -17.562 -17.378 -17.352 -17.298 -17.314 -17.267 -17.166 -16.965 -16.913 -16.658
