data-raw/tempfiles/17_grid_data_17000BP.asc
ncols 144
nrows 72
xllcorner -180
yllcorner -90
cellsize 2.5
nodata_value -9999
[rows 32 to 63 of 72, columns 71 to 141 of 144]
25.176 24.443 24.279 24.601 23.952 24.470 24.654 25.263 25.738 25.598 24.444 24.639 25.392 25.509 23.719 17.393 15.537 18.878 20.232 22.447 23.395 24.119 24.379 24.789 25.173 25.416 25.670 25.911 25.963 25.997 26.035 25.441 26.258 26.321 26.581 26.525 26.436 26.223 26.083 26.045 25.505 25.303 24.925 24.883 25.806 26.109 26.257 26.386 26.242 26.108 25.139 25.432 26.306 26.375 26.294 26.259 26.347 26.421 26.399 26.238 26.279 26.407 26.297 26.122 26.072 26.079 26.087 26.146 26.234 26.062 25.792
24.489 24.666 24.409 24.057 23.148 21.355 21.486 23.035 24.216 23.943 23.940 24.336 24.487 25.186 25.715 20.610 17.247 21.643 24.065 24.708 25.046 24.249 24.692 24.962 25.221 25.375 25.553 25.756 25.879 25.985 26.063 26.161 26.079 25.579 26.430 26.435 26.447 26.345 26.218 25.722 25.733 23.864 24.531 24.999 25.735 25.836 26.069 24.799 25.626 25.979 25.483 25.516 26.127 26.132 26.103 26.089 26.126 26.070 25.796 25.960 26.298 26.241 26.197 26.041 26.080 26.135 26.098 26.076 26.129 26.022 25.836
24.955 24.909 24.840 24.355 23.158 21.871 21.358 22.278 23.185 22.874 22.429 22.709 22.561 23.772 25.204 26.570 22.142 24.118 25.083 25.542 24.532 24.630 24.839 24.989 25.163 25.291 25.477 25.662 25.834 25.922 25.970 25.949 25.972 26.027 26.117 26.186 26.249 26.249 26.152 24.355 24.097 23.698 23.589 24.110 24.567 24.676 24.476 23.199 25.483 25.913 25.898 25.863 25.982 26.011 25.936 25.614 25.562 25.861 26.053 26.201 26.270 26.187 26.069 25.908 25.922 25.993 25.928 25.915 26.006 26.078 26.031
24.873 24.837 24.779 24.637 24.303 22.167 21.901 22.788 23.123 22.938 22.534 21.879 20.626 21.113 22.901 22.292 24.151 26.143 25.690 24.901 24.675 24.638 24.760 24.932 25.113 25.257 25.441 25.603 25.743 25.868 25.917 25.876 25.845 25.840 25.897 25.952 26.006 25.944 25.826 25.712 24.219 24.015 23.493 23.302 23.170 23.543 22.858 23.005 25.160 24.888 25.369 25.789 25.540 25.899 25.819 26.025 26.010 26.117 26.141 26.157 26.208 26.181 25.944 25.747 25.720 25.789 25.796 25.855 25.997 26.161 26.188
24.281 24.263 24.251 24.159 24.226 22.837 22.253 23.224 23.168 23.032 22.551 21.565 19.484 19.823 21.740 20.076 24.148 25.802 24.862 24.881 24.781 24.723 24.780 24.952 25.112 25.198 25.297 25.407 25.573 25.684 25.676 25.621 25.597 25.649 25.689 25.682 25.659 25.630 25.582 25.494 25.016 23.284 23.496 23.105 22.993 23.423 23.957 24.576 24.754 23.877 25.602 25.963 25.779 25.177 24.353 25.493 25.484 25.840 25.949 25.964 26.108 26.181 26.017 25.783 25.708 25.795 25.802 25.869 25.962 26.092 26.247
24.011 23.929 23.915 23.897 24.180 22.970 22.156 23.033 23.334 23.094 22.689 22.152 20.031 20.962 23.057 22.532 24.090 25.102 25.210 25.203 24.877 24.775 24.787 24.925 25.044 25.087 25.132 25.166 25.297 25.502 25.528 25.442 25.404 25.456 25.488 25.497 25.429 25.455 25.497 25.390 25.449 24.716 23.582 23.748 23.393 23.772 24.243 24.860 25.112 24.447 26.029 25.650 25.611 25.733 24.832 21.608 20.855 22.676 24.526 25.754 26.108 25.598 25.871 25.816 25.670 25.747 25.784 25.792 25.860 25.996 26.160
23.560 23.332 23.201 23.273 23.446 23.240 22.697 22.042 21.935 22.545 22.555 22.685 21.895 21.699 21.862 22.124 24.307 25.075 25.235 25.208 24.949 24.764 24.784 24.898 24.996 25.046 25.055 25.054 25.171 25.357 25.425 25.353 25.328 25.278 25.344 25.410 25.396 25.418 25.459 25.525 25.767 25.712 25.153 24.463 23.723 23.929 24.411 25.387 26.076 26.453 26.337 26.152 26.097 26.065 25.888 25.382 24.616 22.563 18.533 20.654 24.780 24.823 25.818 25.508 25.639 25.667 25.729 25.734 25.754 25.852 26.010
22.953 22.592 22.326 22.403 22.617 22.975 23.248 21.417 21.085 21.267 21.388 22.007 21.015 20.521 20.026 20.388 23.184 24.788 25.023 25.129 24.940 24.823 24.869 24.927 24.967 24.985 24.956 24.975 25.144 25.316 25.372 25.233 25.257 25.248 25.237 25.310 25.373 25.416 25.439 25.526 25.673 25.759 25.787 25.566 25.267 25.135 25.076 25.685 25.984 26.192 26.102 25.919 26.313 26.224 25.863 25.215 24.343 23.475 23.067 22.396 23.032 25.369 25.726 25.674 25.513 25.310 25.652 25.653 25.674 25.709 25.811
22.188 21.944 21.642 21.372 21.406 21.848 21.119 18.799 20.219 20.975 20.981 20.455 20.894 20.288 19.638 20.937 22.133 24.835 25.320 25.231 24.939 24.863 24.939 24.982 24.931 24.875 24.867 24.885 25.019 25.110 25.133 24.870 25.031 25.061 25.112 25.154 25.212 25.274 25.313 25.344 25.355 25.372 25.319 25.512 25.602 25.774 26.032 26.103 26.360 26.465 26.409 26.364 26.147 26.334 25.867 25.527 24.935 24.405 23.526 24.350 24.287 25.036 25.445 25.535 25.439 25.340 25.442 25.394 25.381 25.435 25.560
21.590 21.480 21.199 20.695 20.230 20.569 21.367 18.738 19.748 20.981 21.643 21.015 20.357 21.147 20.223 21.076 22.157 24.880 25.099 24.892 22.954 24.549 25.055 24.954 24.801 24.715 24.684 24.686 24.721 24.728 24.658 24.484 24.633 24.717 24.772 24.819 24.829 24.849 24.876 24.901 24.793 24.795 24.870 24.930 24.986 25.147 25.414 25.690 26.025 26.183 26.191 26.001 26.227 26.581 25.887 25.867 25.485 25.213 24.173 24.410 24.684 24.929 25.123 25.187 25.091 25.098 25.039 24.834 24.860 25.013 25.221
21.297 21.184 20.912 20.231 19.248 21.025 23.003 21.973 20.583 21.628 22.500 21.152 21.178 21.452 22.812 22.686 23.910 24.911 24.643 24.456 20.954 24.119 24.891 24.747 24.554 24.455 24.379 24.327 24.264 24.177 24.027 24.089 24.112 24.129 24.094 24.077 24.077 24.051 24.026 24.058 23.953 23.950 24.008 24.016 24.252 24.485 24.791 25.149 25.491 25.499 25.918 25.240 26.422 26.304 25.643 25.275 25.026 25.293 24.202 23.388 24.263 24.382 24.504 24.499 24.437 24.463 24.402 24.095 24.024 24.274 24.580
21.116 20.875 20.721 20.099 18.963 18.932 21.437 21.295 20.574 21.541 22.318 21.655 20.213 18.891 21.536 23.837 24.441 24.501 23.640 20.471 20.245 24.164 24.660 24.384 23.987 23.871 23.783 23.726 23.615 23.512 23.333 23.390 23.396 23.230 23.121 23.129 23.030 22.997 22.922 22.900 22.787 22.831 22.720 23.011 23.237 23.605 24.067 24.564 24.482 24.928 25.246 25.245 24.516 24.689 24.514 24.423 24.338 24.803 22.483 21.938 23.514 23.566 23.647 23.586 23.507 23.566 23.596 23.387 23.136 23.314 23.644
20.844 20.533 20.293 19.945 19.178 17.777 19.699 19.263 18.838 20.811 22.050 21.542 20.824 22.310 23.316 23.602 24.157 23.791 23.132 20.134 21.791 23.649 24.134 23.687 23.421 23.071 22.953 22.854 22.764 22.641 22.566 22.437 22.330 22.189 22.056 21.982 21.862 21.768 21.566 21.604 21.469 21.465 21.446 21.780 21.994 22.381 23.085 24.380 23.819 23.684 23.318 23.080 22.720 22.077 21.739 22.184 22.558 23.070 22.302 22.059 21.843 22.473 22.739 22.631 22.516 22.568 22.485 22.119 22.295 22.354 22.576
20.467 20.201 19.821 19.316 18.973 17.635 17.599 19.856 19.539 20.051 20.393 20.336 20.204 22.328 24.449 23.333 23.353 23.173 22.830 20.833 22.935 23.213 23.250 22.970 22.597 22.229 22.046 21.927 21.887 21.764 21.488 21.332 21.152 21.014 20.871 20.785 20.697 20.489 20.221 20.280 19.963 19.922 19.994 20.389 20.789 21.173 22.678 22.312 21.477 21.767 22.305 21.880 20.897 19.836 19.765 21.504 22.248 22.234 21.742 20.932 20.630 20.907 21.774 21.799 21.598 21.551 21.619 21.574 21.397 21.363 21.420
19.857 19.666 19.397 19.051 18.884 17.981 17.018 19.762 19.688 20.067 18.813 17.633 17.031 19.537 23.002 22.427 22.313 22.280 22.674 22.384 22.326 21.964 21.875 21.720 21.338 21.037 20.822 20.735 20.723 20.575 20.169 20.084 19.975 19.818 19.656 19.356 19.114 18.926 18.906 18.803 18.237 18.329 18.457 18.965 19.435 19.901 21.227 20.942 20.315 20.280 20.304 19.702 18.104 18.146 19.680 20.965 21.425 21.153 20.476 19.647 18.867 18.898 20.330 20.843 20.555 20.411 20.272 20.170 20.030 20.018 20.116
18.954 18.710 18.579 18.535 18.400 17.992 16.935 18.744 19.269 19.003 17.462 16.610 14.781 19.590 21.711 21.346 21.263 21.116 21.110 20.985 20.808 20.310 19.781 19.376 19.472 19.188 19.198 18.903 19.107 19.083 18.908 18.622 18.351 17.657 16.578 15.999 15.927 15.962 16.369 16.461 16.118 16.309 17.167 17.715 18.084 18.671 19.573 19.539 18.536 18.736 18.614 19.066 18.261 18.198 18.867 19.991 20.103 20.250 20.059 19.163 18.683 16.307 18.870 19.880 19.556 19.204 18.957 18.667 18.561 18.618 18.723
17.609 17.482 17.560 17.631 17.566 17.512 17.258 16.863 18.261 17.328 16.682 15.765 17.072 20.266 20.233 19.811 19.710 19.518 19.393 19.261 18.874 17.798 17.757 17.639 17.776 17.717 17.529 17.089 16.823 17.359 17.215 16.556 15.094 14.400 14.330 14.325 14.270 14.216 14.114 14.166 14.248 14.455 15.417 16.237 16.518 17.147 18.078 18.169 17.488 17.630 18.436 19.134 18.501 18.064 18.004 18.166 17.635 18.258 17.997 17.417 16.497 14.614 18.454 18.850 18.600 18.250 17.904 17.578 17.363 17.247 17.300
15.650 15.612 15.807 16.134 16.176 16.355 16.559 16.525 17.113 17.704 18.229 18.760 18.713 18.648 18.406 17.974 17.871 17.703 17.544 16.872 16.141 16.114 16.279 16.130 15.761 15.733 15.137 14.641 14.609 15.174 14.701 13.291 12.511 12.459 12.493 12.355 12.234 12.195 12.233 12.265 12.354 12.601 13.171 13.996 14.587 15.382 16.407 16.613 16.665 16.701 16.589 15.576 15.382 15.387 16.037 17.104 16.685 17.028 16.582 15.399 13.776 16.217 17.819 17.772 17.505 17.184 16.804 16.499 16.133 15.857 15.757
13.768 13.772 13.733 13.827 14.063 14.489 15.002 15.635 16.219 16.739 17.005 17.246 17.096 16.859 16.549 16.412 16.230 15.936 15.581 14.869 14.575 14.590 14.411 14.213 14.042 14.232 14.014 13.616 13.279 12.253 11.658 11.097 11.314 11.564 11.110 10.463 10.339 10.444 10.834 10.882 10.758 11.065 11.590 11.986 12.527 13.103 13.824 14.244 14.237 13.947 13.793 13.773 13.839 13.974 14.138 14.469 14.841 14.978 14.377 13.140 12.056 15.209 16.263 16.327 16.173 15.854 15.483 15.200 14.885 14.623 14.153
11.274 11.475 11.436 11.533 11.720 12.199 12.902 13.708 14.494 14.696 14.819 14.589 14.309 14.156 14.059 13.736 13.619 13.421 13.168 13.223 13.278 13.155 13.218 13.098 13.212 13.190 13.068 12.582 11.979 10.995 10.285 10.982 11.505 11.398 11.159 10.681 10.079 9.871 9.753 9.133 9.251 9.805 10.181 10.314 10.542 10.795 11.247 11.713 11.687 11.655 11.693 11.762 11.957 12.123 12.230 12.595 12.983 13.506 13.571 13.052 13.478 13.876 14.265 14.375 14.262 13.963 13.687 13.605 13.620 13.616 12.676
8.797 8.897 8.936 8.947 8.993 9.362 9.840 10.567 11.151 11.116 11.188 11.098 11.067 11.163 10.966 10.916 10.794 10.556 10.351 10.449 10.480 10.382 10.753 11.074 11.521 11.719 11.655 11.304 10.972 10.467 9.908 9.390 9.440 9.741 9.719 9.401 9.245 9.155 8.975 8.704 8.846 8.904 8.782 8.732 8.723 8.763 8.874 9.116 9.353 9.631 9.733 9.659 9.785 10.175 10.322 10.623 11.053 11.477 11.645 10.819 11.701 12.225 12.366 12.346 12.294 12.119 12.072 12.119 12.338 10.952 10.537
6.812 6.603 6.571 6.285 6.432 6.498 6.801 7.008 7.115 7.379 7.461 7.572 7.724 7.878 7.779 7.664 7.660 7.408 7.317 7.323 7.278 7.221 7.557 8.180 8.837 9.342 9.559 9.250 8.948 8.915 8.777 8.609 8.206 7.875 7.643 7.446 7.521 7.436 7.233 7.209 7.259 7.309 7.263 7.327 7.414 7.412 7.412 7.407 7.607 7.996 8.117 8.124 8.181 8.377 8.486 8.747 9.181 9.503 9.905 10.171 10.377 10.417 10.334 10.283 10.339 10.378 10.569 10.367 7.856 7.512 9.957
4.513 4.427 4.247 3.818 3.574 3.514 3.686 3.948 4.127 4.156 4.063 4.245 4.684 4.858 4.878 4.830 4.963 5.079 5.062 4.979 4.812 4.720 4.853 5.159 5.642 6.085 6.292 6.120 6.001 6.026 6.088 6.148 6.015 5.830 5.830 5.933 5.735 5.161 5.033 4.849 4.752 4.887 5.165 5.223 5.311 5.469 5.563 5.721 5.735 6.034 6.440 6.575 6.685 6.885 6.966 6.954 7.337 7.644 7.861 8.157 8.241 8.269 8.245 8.300 8.448 8.725 9.114 8.513 7.160 8.791 8.891
2.098 2.073 2.019 1.852 1.662 1.510 1.459 1.527 1.501 1.528 1.482 1.714 2.135 2.401 2.576 2.642 2.727 2.946 3.077 3.101 3.042 2.953 2.820 2.808 3.014 3.266 3.474 3.455 3.277 3.373 3.127 2.981 2.982 3.007 3.149 3.060 2.850 3.032 3.220 2.759 2.500 2.696 2.855 2.800 2.683 2.948 3.256 3.488 3.646 3.804 4.308 4.605 4.807 5.008 5.160 5.210 5.269 5.603 5.714 5.873 6.076 6.202 6.286 6.445 6.637 6.962 7.255 7.464 7.391 7.114 6.933
-0.421 -0.371 -0.422 -0.545 -0.696 -0.827 -0.828 -0.816 -0.817 -0.838 -0.775 -0.590 -0.277 0.080 0.345 0.536 0.748 0.846 0.904 0.976 0.995 0.971 0.812 0.672 0.757 0.895 1.151 1.261 1.189 1.105 0.680 0.332 0.171 0.184 0.267 0.404 0.441 0.656 0.719 0.439 0.119 0.155 0.299 0.376 0.366 0.328 0.572 0.812 1.107 1.384 1.780 2.248 2.591 2.661 2.647 2.949 3.061 3.197 3.326 3.461 3.743 4.012 4.227 4.386 4.652 4.963 5.229 5.429 5.537 5.409 5.214
-2.853 -2.832 -2.842 -2.900 -3.028 -3.104 -3.046 -2.948 -2.907 -2.843 -2.712 -2.481 -2.126 -1.763 -1.472 -1.224 -1.122 -1.082 -1.138 -1.196 -1.121 -1.116 -1.250 -1.338 -1.320 -1.100 -0.941 -0.910 -1.050 -1.288 -1.770 -2.223 -2.562 -2.600 -2.366 -2.049 -1.934 -1.753 -1.861 -2.073 -2.113 -1.955 -1.978 -2.058 -2.083 -2.186 -1.908 -1.572 -1.265 -0.949 -0.612 -0.245 -0.001 0.165 0.307 0.587 0.641 0.651 0.721 0.895 1.182 1.556 1.874 1.961 2.084 2.624 3.058 3.417 3.583 3.523 3.383
-5.004 -5.021 -5.038 -5.063 -5.082 -4.990 -4.853 -4.644 -4.511 -4.360 -3.990 -3.615 -3.278 -3.000 -2.813 -2.574 -2.554 -2.564 -2.582 -2.799 -2.921 -3.057 -3.279 -3.386 -3.479 -3.403 -3.351 -3.385 -3.500 -3.752 -4.154 -4.588 -4.894 -4.935 -4.784 -4.483 -4.311 -4.269 -4.283 -4.345 -4.442 -4.471 -4.466 -4.391 -4.329 -4.292 -4.133 -3.875 -3.689 -3.377 -3.164 -2.940 -2.788 -2.528 -2.174 -1.953 -1.789 -1.804 -1.882 -1.760 -1.543 -1.203 -0.750 -0.546 -0.536 -0.131 0.649 1.174 1.514 1.588 1.531
-7.012 -6.994 -6.984 -7.073 -6.986 -6.702 -6.480 -6.283 -6.029 -5.622 -5.263 -4.963 -4.610 -4.608 -4.612 -4.468 -4.558 -4.600 -4.727 -5.043 -5.276 -5.548 -5.931 -6.278 -6.422 -6.312 -6.327 -6.272 -6.485 -6.886 -7.283 -7.643 -7.811 -7.802 -7.686 -7.229 -6.945 -6.999 -7.227 -7.233 -7.142 -7.061 -6.863 -6.709 -6.500 -6.299 -6.129 -6.012 -5.760 -5.620 -5.479 -5.268 -5.104 -4.960 -4.660 -4.569 -4.563 -4.335 -4.355 -4.471 -4.314 -4.132 -3.860 -3.442 -3.279 -3.019 -2.325 -1.730 -1.329 -1.103 -1.072
-8.743 -8.572 -8.450 -8.686 -8.666 -8.314 -8.121 -7.844 -7.575 -7.421 -7.226 -6.963 -6.833 -6.875 -6.807 -6.845 -6.879 -7.045 -7.371 -7.708 -8.178 -8.827 -9.430 -9.910 -10.238 -10.205 -10.325 -10.365 -10.578 -10.685 -10.796 -10.842 -10.711 -10.673 -10.689 -10.626 -10.465 -10.464 -10.496 -10.465 -10.286 -10.032 -9.676 -9.381 -9.132 -8.864 -8.541 -8.418 -8.139 -7.993 -7.795 -7.585 -7.402 -7.316 -7.345 -7.430 -7.584 -7.536 -7.577 -7.700 -7.698 -7.666 -7.528 -6.977 -6.632 -6.429 -5.963 -5.604 -5.294 -4.974 -4.556
-10.576 -10.400 -10.200 -10.102 -10.129 -10.200 -10.262 -10.143 -10.018 -9.891 -9.790 -9.725 -9.776 -9.820 -9.882 -10.171 -10.206 -10.544 -11.117 -11.442 -12.155 -12.848 -13.334 -13.975 -14.502 -14.503 -14.901 -15.124 -15.274 -15.285 -15.216 -15.079 -14.899 -14.728 -14.727 -14.920 -14.960 -14.878 -14.829 -14.844 -14.720 -14.444 -13.913 -13.417 -13.015 -12.793 -12.660 -12.574 -12.164 -11.733 -11.550 -11.542 -11.472 -11.499 -11.719 -11.893 -12.130 -12.170 -12.150 -12.294 -12.258 -12.129 -12.066 -11.817 -11.735 -11.530 -11.055 -10.628 -10.226 -9.793 -9.396
-13.274 -12.839 -12.782 -12.771 -12.601 -12.814 -13.153 -13.131 -13.083 -12.924 -12.907 -12.933 -12.942 -12.933 -12.980 -12.986 -13.194 -13.688 -14.062 -14.992 -16.166 -19.754 -22.898 -20.397 -18.901 -19.219 -19.538 -19.358 -19.362 -19.598 -19.085 -18.919 -18.145 -17.613 -18.882 -19.964 -20.195 -20.137 -20.400 -22.347 -21.851 -22.043 -22.164 -19.853 -17.691 -19.039 -19.393 -17.502 -16.370 -16.846 -17.762 -18.313 -18.032 -20.117 -21.078 -20.528 -20.410 -18.947 -17.774 -16.998 -16.628 -16.694 -16.542 -16.176 -16.177 -15.750 -15.451 -14.680 -14.557 -14.243 -13.734
-16.711 -16.325 -15.777 -15.530 -15.229 -15.269 -15.803 -15.760 -15.462 -15.371 -15.422 -15.358 -15.284 -15.905 -17.426 -16.770 -16.162 -19.399 -24.399 -26.877 -28.202 -31.374 -33.658 -33.038 -32.619 -31.598 -30.133 -27.411 -25.457 -23.636 -21.365 -20.160 -22.326 -26.046 -28.267 -29.708 -30.679 -31.955 -33.079 -33.661 -33.353 -33.405 -34.078 -33.636 -31.976 -30.198 -28.979 -28.252 -28.147 -29.218 -30.891 -31.653 -31.831 -32.848 -34.377 -34.778 -33.909 -31.360 -28.294 -26.057 -25.148 -24.036 -23.861 -22.647 -21.057 -19.629 -19.664 -18.974 -18.424 -18.090 -17.907
