data-raw/tempfiles/17_grid_data_17000BP.asc
ncols 144
nrows 72
xllcorner -180
yllcorner -90
cellsize 2.5
nodata_value -9999
[rows 0 to 31 of 72, columns 0 to 70 of 144]
-32.703 -32.930 -32.950 -32.964 -32.879 -32.778 -32.776 -32.780 -32.803 -32.964 -33.049 -33.071 -33.131 -33.159 -33.173 -33.231 -33.252 -33.310 -33.415 -33.300 -33.304 -33.204 -33.234 -33.261 -33.163 -32.899 -32.576 -32.500 -32.447 -32.282 -32.411 -32.360 -32.483 -32.735 -32.886 -33.031 -32.718 -32.798 -32.853 -32.603 -32.643 -32.660 -32.567 -32.601 -32.533 -32.534 -32.492 -32.570 -32.438 -32.418 -32.296 -32.238 -32.071 -31.911 -31.774 -31.828 -31.696 -31.629 -31.638 -31.662 -31.714 -31.747 -31.813 -31.908 -31.883 -32.150 -31.961 -31.788 -31.906 -32.068 -32.167
-30.938 -31.072 -31.080 -31.089 -31.051 -30.963 -30.865 -30.771 -30.689 -30.701 -30.706 -30.680 -30.734 -30.769 -30.878 -31.026 -31.175 -31.349 -31.598 -31.729 -31.882 -31.953 -32.170 -32.380 -32.524 -32.624 -32.672 -32.806 -32.985 -33.134 -33.253 -33.288 -33.394 -33.461 -33.440 -33.384 -33.094 -32.993 -32.943 -32.722 -32.606 -32.559 -32.427 -32.388 -32.317 -32.287 -32.242 -32.227 -32.254 -32.246 -32.165 -32.134 -32.018 -31.902 -31.774 -31.731 -31.614 -31.491 -31.453 -31.404 -31.336 -31.272 -31.214 -31.100 -30.958 -30.937 -30.938 -30.831 -30.754 -30.657 -30.558
-28.449 -28.379 -28.472 -28.591 -28.741 -28.638 -28.619 -28.696 -28.769 -28.905 -29.073 -29.152 -29.205 -29.285 -29.476 -29.631 -29.825 -29.934 -30.169 -30.443 -30.707 -30.930 -31.159 -31.506 -31.834 -32.121 -32.358 -32.690 -33.060 -33.440 -33.714 -33.944 -34.254 -34.391 -34.496 -34.399 -34.049 -33.482 -33.708 -33.929 -33.486 -33.474 -33.383 -33.225 -33.023 -32.706 -32.347 -32.209 -32.245 -32.226 -32.113 -31.978 -32.015 -32.285 -32.590 -33.241 -34.017 -34.308 -34.361 -34.362 -33.652 -32.743 -31.092 -30.234 -30.023 -30.076 -30.075 -29.857 -29.553 -29.258 -29.004
-27.043 -26.884 -27.010 -27.137 -27.280 -27.466 -27.488 -27.549 -27.599 -27.606 -27.685 -27.784 -27.765 -27.865 -28.080 -28.283 -28.529 -28.767 -29.117 -29.542 -29.909 -30.438 -30.897 -31.372 -31.899 -32.472 -33.178 -33.700 -34.294 -35.018 -35.106 -35.182 -35.530 -36.185 -38.881 -39.035 -39.153 -38.259 -38.511 -39.000 -38.611 -38.603 -38.602 -37.733 -35.903 -34.769 -34.560 -35.587 -35.722 -35.737 -35.718 -35.605 -35.931 -36.535 -36.884 -37.421 -37.494 -36.960 -36.844 -36.708 -36.179 -35.696 -34.962 -33.359 -32.749 -29.977 -28.394 -27.727 -26.908 -26.139 -25.456
-25.513 -25.327 -25.333 -25.365 -25.320 -25.429 -25.515 -25.654 -25.729 -25.742 -25.744 -25.825 -25.943 -26.079 -26.389 -26.683 -26.977 -27.372 -27.930 -28.560 -29.131 -29.823 -30.365 -30.816 -31.189 -31.834 -32.846 -34.183 -34.448 -34.835 -35.835 -36.066 -35.278 -36.261 -38.734 -39.193 -38.164 -37.081 -37.772 -39.789 -38.485 -35.537 -33.218 -33.072 -33.866 -33.959 -35.044 -36.027 -36.889 -37.680 -38.581 -39.352 -40.108 -40.848 -41.321 -41.354 -40.896 -39.898 -38.460 -36.607 -34.433 -32.325 -30.831 -29.637 -27.594 -26.096 -24.745 -24.511 -23.162 -21.709 -20.089
-23.488 -23.331 -23.221 -23.154 -23.146 -23.132 -23.137 -23.152 -23.222 -23.277 -23.341 -23.361 -23.504 -23.634 -24.015 -24.398 -24.885 -25.330 -25.989 -26.715 -27.146 -27.590 -28.078 -28.552 -29.293 -29.390 -29.970 -30.353 -31.162 -31.287 -31.733 -32.777 -33.374 -33.459 -34.092 -34.809 -36.139 -38.180 -39.098 -38.981 -35.999 -33.563 -32.686 -32.172 -32.325 -31.555 -30.653 -30.517 -31.284 -32.629 -34.821 -37.219 -38.813 -40.101 -40.905 -41.203 -40.974 -40.314 -39.389 -38.055 -35.914 -32.895 -30.188 -27.503 -23.641 -22.375 -21.275 -19.831 -17.917 -15.951 -14.068
-21.851 -21.575 -21.204 -20.771 -20.456 -19.973 -19.903 -19.871 -20.247 -20.047 -19.908 -19.764 -19.879 -19.982 -20.116 -20.167 -20.251 -20.450 -20.910 -21.476 -21.607 -21.474 -22.971 -23.247 -23.965 -23.731 -23.254 -23.818 -24.334 -25.067 -25.245 -26.848 -28.773 -28.943 -31.823 -32.081 -33.094 -34.089 -35.253 -35.852 -35.378 -33.824 -33.094 -32.443 -32.065 -31.185 -30.218 -28.477 -26.005 -25.632 -27.709 -31.949 -35.039 -37.392 -38.974 -40.150 -40.939 -40.870 -39.767 -37.114 -33.717 -30.230 -27.798 -24.707 -20.705 -18.363 -16.739 -14.864 -13.390 -12.251 -11.112
-18.817 -17.650 -16.896 -16.390 -15.719 -15.184 -14.784 -14.842 -15.315 -15.475 -14.890 -14.136 -13.750 -13.837 -13.804 -14.436 -14.467 -14.416 -14.441 -14.965 -14.928 -15.082 -16.260 -16.375 -16.178 -17.639 -18.156 -19.272 -20.000 -20.521 -20.570 -21.643 -23.712 -25.767 -27.576 -27.132 -29.918 -32.535 -34.140 -35.183 -35.182 -35.634 -35.415 -34.233 -31.888 -30.721 -30.268 -28.460 -26.286 -23.363 -22.861 -24.969 -29.153 -33.376 -35.866 -37.708 -39.114 -39.315 -37.147 -32.871 -29.126 -26.510 -24.058 -19.946 -17.127 -14.772 -13.107 -11.450 -10.273 -9.057 -7.896
-15.323 -12.845 -11.363 -10.431 -9.424 -8.793 -9.515 -10.818 -10.004 -9.682 -9.586 -9.371 -9.149 -8.656 -8.099 -8.063 -8.009 -7.595 -7.657 -7.885 -8.754 -10.020 -11.549 -12.958 -12.740 -12.964 -14.642 -16.594 -17.409 -17.892 -18.619 -18.909 -19.712 -20.996 -22.979 -24.926 -25.895 -27.552 -30.186 -30.479 -31.471 -32.586 -33.061 -34.128 -32.735 -30.262 -28.608 -27.499 -25.799 -23.024 -20.303 -20.027 -24.624 -29.970 -33.414 -35.218 -35.954 -34.434 -28.966 -25.977 -23.050 -19.036 -15.453 -13.203 -11.730 -10.517 -9.518 -8.763 -7.952 -6.884 -5.736
-9.975 -8.373 -7.296 -5.651 -3.622 -2.508 -2.512 -2.525 -1.720 -0.603 -0.600 -0.508 -0.442 0.021 -0.162 -1.148 -3.187 -3.842 -4.033 -4.593 -5.731 -7.242 -9.389 -11.671 -13.516 -14.737 -16.403 -17.827 -18.639 -19.374 -19.684 -20.238 -20.671 -21.438 -22.771 -24.317 -25.431 -26.634 -28.719 -29.527 -30.962 -31.843 -32.060 -31.826 -30.771 -29.696 -28.716 -24.560 -21.462 -17.969 -17.208 -20.312 -24.937 -29.639 -31.930 -29.337 -24.934 -22.669 -17.071 -13.273 -11.686 -10.229 -10.096 -10.710 -11.302 -10.275 -7.908 -6.730 -6.282 -5.512 -4.580
-3.644 -1.877 -1.785 -1.127 0.224 1.396 2.015 2.327 3.476 4.541 4.254 3.168 2.751 2.109 0.949 0.606 -0.130 -1.914 -3.972 -6.653 -9.142 -9.397 -9.695 -11.714 -13.993 -16.307 -18.856 -20.509 -21.232 -21.556 -21.605 -21.638 -21.610 -21.886 -22.514 -23.086 -23.765 -25.527 -27.482 -28.667 -29.813 -30.489 -30.584 -31.075 -31.437 -29.455 -24.509 -20.955 -17.588 -14.180 -12.805 -15.407 -24.149 -31.046 -30.378 -20.345 -14.419 -13.380 -12.646 -11.306 -9.878 -8.641 -8.140 -8.854 -10.662 -9.340 -6.748 -5.712 -5.209 -4.545 -3.832
0.440 1.390 2.085 2.336 2.034 2.625 3.232 3.504 4.057 5.205 3.480 5.498 4.590 3.889 1.892 -1.841 -2.398 -1.638 -3.347 -6.021 -8.722 -11.249 -11.844 -13.403 -16.076 -17.854 -20.069 -21.741 -23.680 -24.364 -24.599 -24.712 -24.294 -23.847 -23.680 -23.710 -24.427 -25.695 -27.210 -28.662 -29.858 -31.743 -32.289 -31.099 -29.186 -26.228 -22.086 -18.801 -15.572 -13.099 -11.997 -12.099 -16.916 -21.466 -22.375 -14.631 -13.451 -12.542 -11.128 -10.069 -8.944 -8.087 -7.343 -6.833 -6.358 -6.027 -5.770 -5.342 -4.802 -4.216 -3.593
3.749 4.252 4.202 4.489 4.347 4.678 5.261 5.322 5.849 6.009 7.553 9.812 10.261 10.758 10.524 9.185 6.078 2.184 -0.953 -4.490 -7.222 -10.164 -11.430 -13.376 -16.333 -19.231 -21.448 -22.890 -25.041 -26.393 -26.935 -26.946 -26.744 -25.827 -25.295 -25.353 -25.929 -26.946 -28.157 -29.314 -30.194 -31.529 -32.026 -31.375 -29.201 -27.015 -24.859 -19.896 -16.392 -13.835 -12.915 -12.598 -12.931 -12.641 -13.103 -12.633 -12.111 -11.365 -10.085 -8.986 -7.962 -7.096 -6.332 -5.930 -5.736 -5.563 -5.380 -5.145 -4.892 -4.742 -4.624
5.023 5.535 5.787 5.974 6.328 6.743 7.336 7.564 7.736 8.605 9.408 10.261 10.667 10.572 10.668 10.444 9.835 8.409 6.010 0.218 -4.508 -8.285 -10.732 -12.462 -14.821 -17.718 -20.466 -22.707 -24.959 -26.737 -27.818 -28.052 -28.030 -27.444 -26.576 -26.538 -27.148 -27.647 -28.644 -29.781 -30.300 -30.503 -31.639 -31.280 -29.733 -28.181 -26.084 -22.208 -18.754 -16.124 -14.325 -13.185 -12.361 -11.273 -10.630 -10.197 -9.865 -9.193 -8.181 -7.234 -6.294 -5.507 -4.875 -4.327 -4.248 -4.269 -4.301 -4.351 -4.415 -4.819 -5.806
5.057 5.543 5.904 6.224 6.590 7.068 7.618 8.130 8.721 9.300 9.757 10.041 10.172 10.381 10.568 10.528 10.135 9.269 8.205 6.402 1.152 -4.006 -7.113 -12.114 -15.766 -16.817 -18.503 -21.352 -23.507 -25.126 -26.479 -27.507 -28.897 -28.716 -28.600 -28.144 -27.710 -27.333 -27.347 -29.405 -29.796 -29.853 -30.908 -31.780 -31.277 -29.723 -27.343 -23.732 -20.769 -18.393 -16.522 -13.953 -11.788 -9.778 -8.403 -7.656 -7.287 -6.881 -6.260 -5.458 -4.623 -3.924 -3.334 -2.894 -2.669 -2.634 -2.825 -3.330 -4.438 -4.300 -4.550
4.318 4.812 5.170 5.622 6.026 6.479 6.913 7.366 7.835 8.441 8.986 9.278 9.445 9.579 9.740 9.909 9.860 9.711 8.845 7.834 5.729 -0.981 -6.098 -8.545 -12.736 -16.810 -15.801 -17.119 -19.626 -21.596 -24.066 -25.799 -26.378 -27.282 -28.013 -28.329 -28.324 -27.869 -27.331 -27.860 -28.448 -28.738 -29.546 -29.608 -28.580 -27.285 -25.526 -23.167 -20.886 -18.343 -17.082 -14.501 -11.985 -9.249 -6.898 -5.256 -4.417 -4.007 -3.642 -3.040 -2.394 -1.890 -1.373 -1.002 -0.715 -0.556 -0.681 -1.160 -2.092 -2.130 -2.483
3.506 4.041 4.435 4.857 5.225 5.559 5.939 6.371 6.786 7.336 7.875 8.221 8.534 8.766 8.998 9.275 9.489 9.670 9.641 9.068 8.074 5.766 2.779 -2.785 -5.203 -8.421 -10.950 -11.119 -12.996 -15.277 -18.011 -20.617 -23.085 -23.961 -24.895 -26.051 -26.527 -26.834 -27.208 -27.486 -27.665 -27.778 -27.568 -26.483 -24.371 -22.415 -20.824 -19.344 -18.156 -16.123 -14.799 -13.706 -11.652 -8.944 -5.960 -3.509 -2.023 -1.389 -1.091 -0.641 -0.178 0.196 0.620 0.961 1.267 1.517 1.633 1.571 1.054 0.479 0.322
2.975 3.589 4.000 4.414 4.800 5.126 5.408 5.710 6.046 6.441 6.865 7.233 7.498 7.812 8.133 8.553 8.995 9.444 9.940 10.250 10.031 8.900 7.242 3.555 3.044 -1.216 -5.366 -6.813 -6.604 -7.571 -10.634 -13.299 -16.945 -19.360 -20.161 -20.938 -21.401 -22.064 -23.519 -24.227 -24.737 -24.366 -23.778 -23.423 -21.406 -19.041 -16.403 -14.920 -13.580 -12.567 -12.231 -11.388 -9.626 -7.104 -4.173 -1.724 -0.348 0.342 0.851 1.235 1.687 2.078 2.389 2.702 2.991 3.371 3.685 3.898 3.867 3.598 3.033
3.247 3.807 4.280 4.686 5.079 5.357 5.579 5.811 6.111 6.405 6.712 7.107 7.367 7.616 7.850 8.252 8.821 9.494 10.285 10.885 10.877 10.293 8.728 4.607 3.574 2.711 -0.886 -3.630 -4.594 -4.983 -5.977 -7.876 -10.910 -13.927 -14.870 -14.994 -15.692 -16.605 -17.025 -17.841 -18.433 -18.318 -18.508 -17.934 -17.211 -15.846 -13.874 -11.900 -9.901 -8.472 -7.316 -6.777 -5.491 -3.360 -1.061 0.537 1.364 1.851 2.369 2.768 3.165 3.524 3.823 4.191 4.657 5.214 5.521 5.754 5.490 4.399 4.887
4.512 4.800 5.185 5.643 5.985 6.231 6.371 6.535 6.743 7.004 7.315 7.632 7.912 8.106 8.331 8.749 9.307 10.078 10.803 11.516 11.568 10.855 9.503 6.221 5.703 3.748 4.171 -0.020 -1.261 -4.148 -2.312 -4.329 -6.212 -8.106 -9.072 -9.205 -9.488 -10.240 -10.688 -10.570 -11.595 -10.355 -10.859 -11.092 -11.047 -9.488 -7.277 -5.110 -3.346 -2.112 -1.226 -0.759 -0.025 1.113 2.174 2.960 3.450 3.743 4.151 4.443 4.723 4.976 5.424 5.890 6.619 7.243 7.703 7.882 7.253 5.859 5.401
6.878 6.738 7.012 7.239 7.456 7.649 7.766 7.902 8.047 8.251 8.529 8.838 9.123 9.362 9.688 10.152 10.689 11.358 11.954 12.413 12.409 11.584 11.452 10.472 5.448 4.479 3.869 2.256 0.890 -4.191 0.199 0.044 -1.243 -2.694 -3.381 -3.787 -3.458 -3.663 -3.974 -4.108 -2.828 0.253 -0.342 -1.191 -0.534 0.119 0.849 2.127 3.194 4.003 4.646 5.002 5.218 5.570 5.883 6.155 6.393 6.494 6.580 6.572 6.498 6.730 7.391 8.262 9.109 9.641 10.022 10.178 10.949 10.797 9.384
10.396 9.989 9.963 9.912 9.893 9.825 9.824 9.843 9.959 10.152 10.413 10.713 10.980 11.302 11.700 12.138 12.655 13.171 13.578 13.855 13.788 12.897 11.494 12.541 10.037 11.637 8.547 5.234 3.812 1.051 3.570 4.386 3.000 1.983 0.003 0.392 0.836 0.414 0.222 1.945 5.631 6.439 8.212 8.983 9.219 9.268 9.069 9.201 9.541 9.945 10.162 10.340 10.427 10.403 10.376 10.353 10.165 10.046 9.940 9.827 9.676 9.822 10.350 11.121 11.753 12.030 12.195 12.206 12.554 12.928 12.161
13.789 13.255 13.072 12.965 12.723 12.587 12.490 12.415 12.554 12.657 12.888 13.211 13.357 13.690 14.075 14.389 14.780 15.152 15.356 15.416 15.174 14.343 13.006 12.237 12.906 14.347 15.526 10.426 6.085 7.795 7.885 8.335 8.358 6.683 5.607 5.622 5.179 5.569 6.701 8.617 11.174 13.074 14.400 15.120 15.212 15.634 15.341 15.258 15.275 15.336 15.343 15.228 15.133 15.009 14.731 14.389 14.088 13.805 13.526 13.445 13.360 13.525 13.835 14.132 14.345 14.208 14.187 14.079 14.141 13.022 12.287
16.871 16.386 16.103 15.888 15.600 15.415 15.398 15.413 15.492 15.637 15.839 16.132 16.300 16.481 16.708 16.842 17.000 17.146 17.139 16.990 16.596 15.855 14.847 14.000 13.470 14.649 18.011 14.804 11.886 12.772 12.203 11.909 11.685 10.910 10.497 9.901 10.545 10.863 11.509 13.341 16.013 17.588 18.183 18.577 18.870 19.641 19.687 19.724 19.703 19.596 19.372 19.141 18.823 18.562 18.199 17.761 17.358 17.070 16.849 16.758 16.780 16.747 16.749 16.533 16.321 15.982 15.684 15.341 14.443 13.030 16.334
19.358 18.986 18.625 18.322 18.079 18.005 18.015 18.081 18.212 18.382 18.624 18.855 18.972 19.072 19.078 19.009 18.949 18.903 18.713 18.384 17.792 17.056 16.189 15.521 14.926 14.647 17.702 17.943 12.280 12.342 14.606 15.174 15.825 14.391 14.105 14.179 14.965 15.232 15.978 16.747 19.134 20.495 20.877 21.252 20.931 21.955 22.262 22.197 22.070 21.797 21.413 21.031 20.794 20.529 20.155 19.741 19.441 19.218 19.046 18.913 18.801 18.599 18.359 18.074 17.640 17.157 16.952 17.325 17.856 19.163 19.323
21.449 21.134 20.854 20.594 20.447 20.438 20.441 20.532 20.692 20.862 21.056 21.150 21.205 21.142 20.948 20.736 20.527 20.336 19.987 19.419 18.654 17.785 17.028 16.436 16.092 15.700 17.476 19.296 17.129 12.136 16.697 17.072 18.962 18.612 18.265 18.573 19.146 19.567 19.801 19.740 21.582 22.529 22.790 23.129 22.224 22.721 23.529 23.434 23.298 22.943 22.502 22.058 21.885 21.672 21.423 21.129 20.819 20.609 20.414 20.154 20.052 19.758 19.285 19.154 18.440 17.919 18.699 19.101 19.141 19.862 19.757
23.065 22.856 22.704 22.610 22.541 22.555 22.586 22.691 22.886 23.072 23.002 22.831 22.681 22.465 22.199 21.885 21.592 21.291 20.799 20.168 19.249 18.282 17.477 17.024 16.870 16.991 17.749 19.959 20.732 16.614 13.927 14.839 18.772 20.747 21.191 21.559 22.025 22.436 22.393 22.450 23.245 23.864 24.139 24.188 23.518 23.059 24.056 24.108 23.867 23.466 23.138 22.765 22.515 22.319 22.200 21.953 21.679 21.430 21.132 20.813 20.571 20.074 19.569 19.208 18.239 19.005 20.760 21.118 21.308 21.488 21.224
24.551 24.335 24.217 24.181 24.155 24.156 24.230 24.307 24.458 24.332 24.196 23.851 23.586 23.361 23.071 22.776 22.397 21.967 21.424 20.706 19.799 18.918 18.198 17.899 17.993 18.487 19.322 20.468 21.615 21.028 15.944 14.203 16.740 20.734 22.225 22.987 22.988 23.417 23.455 23.437 23.656 23.870 24.625 24.575 23.872 23.455 24.244 24.390 24.253 23.844 23.579 23.316 22.992 22.539 22.296 22.217 22.038 21.755 21.440 21.146 20.925 20.566 20.373 19.915 19.047 21.591 23.157 22.690 22.534 22.441 22.516
25.248 25.015 24.968 24.983 24.966 24.891 24.886 24.888 24.918 24.378 24.324 24.108 23.844 23.588 23.331 23.039 22.626 22.192 21.722 21.093 20.413 19.809 19.354 19.240 19.433 20.218 21.105 22.140 22.937 23.169 20.419 18.146 15.869 19.584 22.985 23.403 22.593 24.045 24.190 24.367 24.593 24.410 24.829 22.675 23.464 23.663 24.423 24.447 24.301 24.150 23.758 23.450 23.156 22.733 22.473 22.327 22.211 21.918 21.629 21.444 21.294 21.024 20.860 20.667 20.341 23.340 26.599 25.181 24.415 23.544 23.527
25.401 25.243 25.200 25.134 25.057 24.929 24.812 24.705 24.605 24.463 24.258 23.972 23.750 23.508 23.283 22.962 22.603 22.276 21.917 21.545 21.239 21.027 20.914 21.087 21.462 22.111 22.843 23.573 24.160 24.582 25.125 24.792 23.150 21.379 22.697 20.322 22.458 23.150 24.095 24.508 24.717 24.779 24.597 23.725 23.735 24.425 24.615 24.232 24.129 24.052 23.745 23.534 23.095 22.793 22.514 22.249 22.182 22.023 21.849 21.780 21.796 21.751 21.712 21.826 21.926 25.182 27.380 27.475 26.304 24.812 24.596
25.355 25.182 25.117 25.036 24.934 24.797 24.653 24.511 24.341 24.216 24.065 23.873 23.685 23.483 23.318 23.035 22.815 22.640 22.466 22.362 22.322 22.360 22.541 22.818 23.200 23.627 24.079 24.567 25.066 25.415 25.817 25.919 25.802 25.445 25.453 23.699 23.026 22.044 23.807 24.859 24.980 24.764 24.156 24.063 24.789 24.982 24.724 24.219 23.940 23.870 23.756 23.656 23.383 23.054 22.890 22.598 22.582 22.553 22.427 22.351 22.420 22.546 22.604 22.727 22.871 25.078 26.431 26.248 25.666 25.622 25.665
25.433 25.173 25.083 24.983 24.865 24.783 24.701 24.629 24.512 24.302 24.160 24.048 23.853 23.731 23.645 23.414 23.333 23.283 23.150 23.183 23.277 23.328 23.588 23.829 24.094 24.417 24.713 24.935 25.307 25.634 25.789 25.815 25.698 25.673 25.838 25.848 25.796 24.813 24.154 25.455 25.451 24.829 23.997 25.419 24.115 24.411 24.495 24.256 24.110 23.962 23.874 23.811 23.695 23.477 23.364 23.133 23.131 23.103 23.009 22.954 22.964 23.099 23.211 23.315 23.712 24.475 23.932 24.162 24.636 24.942 25.546
