data-raw/tempfiles/18_grid_data_18000BP.asc
ncols 144
nrows 72
xllcorner -180
yllcorner -90
cellsize 2.5
nodata_value -9999
[rows 32 to 63 of 72, columns 0 to 70 of 144]
25.504 25.205 25.155 25.101 25.022 24.945 24.926 24.851 24.792 24.658 24.550 24.456 24.371 24.275 24.201 24.130 24.105 24.054 24.003 23.998 24.034 24.050 24.099 24.238 24.409 24.549 24.668 24.784 24.969 25.177 25.254 25.318 25.394 25.517 25.645 25.608 25.552 25.524 24.364 24.527 24.633 24.073 23.956 22.079 24.505 25.405 25.299 24.656 24.964 25.189 25.255 25.260 25.254 25.091 24.974 24.715 24.545 24.261 24.191 24.101 24.048 24.057 24.071 24.078 24.401 24.882 24.938 23.404 22.514 23.469 24.235
25.673 25.451 25.370 25.310 25.239 25.173 25.124 25.111 25.137 25.050 24.902 24.815 24.746 24.654 24.591 24.537 24.517 24.441 24.356 24.286 24.264 24.211 24.140 24.204 24.318 24.444 24.523 24.584 24.647 24.692 24.740 24.827 24.958 25.086 25.150 25.189 25.281 25.385 25.430 25.224 24.176 20.755 19.178 22.300 24.154 21.039 22.180 21.948 23.247 24.591 24.855 25.059 25.121 25.066 25.017 24.873 24.742 24.498 24.410 24.444 24.496 24.517 24.499 24.486 24.702 25.051 25.529 24.573 23.363 23.511 23.914
25.697 25.644 25.584 25.584 25.496 25.423 25.448 25.495 25.584 25.546 25.286 25.079 25.052 24.961 24.794 24.839 24.759 24.578 24.561 24.451 24.250 24.178 24.052 23.963 24.026 24.058 24.099 24.208 24.197 24.197 24.190 24.227 24.355 24.509 24.638 24.738 24.844 24.789 24.687 24.503 23.872 20.357 20.986 23.471 23.111 21.074 21.139 23.470 23.525 23.884 24.086 24.391 25.022 24.999 25.111 25.062 24.846 24.614 24.503 24.603 24.714 24.645 24.523 24.396 24.441 24.566 24.856 24.860 24.603 24.418 24.581
25.758 25.810 25.766 25.709 25.605 25.491 25.444 25.537 25.647 25.541 25.257 25.037 24.880 24.794 24.700 24.674 24.584 24.368 24.238 24.158 23.957 23.753 23.559 23.411 23.293 23.290 23.265 23.334 23.395 23.315 23.239 23.201 23.223 23.191 23.274 23.406 23.570 23.547 23.620 23.532 20.891 20.065 22.768 22.980 23.262 22.848 23.044 23.826 23.495 24.190 24.532 24.263 25.033 25.129 25.272 25.188 25.048 24.861 24.724 24.748 24.695 24.522 24.311 24.101 23.979 23.971 24.140 24.243 24.335 24.307 24.331
25.993 25.969 25.976 25.942 25.823 25.690 25.607 25.632 25.661 25.567 25.391 25.223 25.070 24.965 24.944 24.890 24.755 24.596 24.465 24.332 24.192 23.979 23.713 23.451 23.249 23.096 23.015 23.029 23.061 23.002 22.868 22.686 22.591 22.432 22.356 22.281 22.473 22.305 22.289 22.213 17.266 22.836 23.520 23.785 23.991 23.717 23.311 23.580 23.912 25.152 25.983 26.325 25.760 25.183 25.290 25.404 25.272 25.135 24.955 24.892 24.786 24.586 24.316 24.024 23.780 23.679 23.638 23.653 23.754 23.791 23.727
26.220 26.085 26.193 26.152 25.996 25.891 25.796 25.769 25.755 25.604 25.479 25.401 25.268 25.215 25.268 25.110 24.962 24.872 24.717 24.581 24.490 24.276 24.094 23.926 23.655 23.495 23.398 23.218 23.166 23.154 22.962 22.801 22.696 22.451 22.313 22.182 22.149 21.922 21.466 21.726 19.449 23.141 23.761 24.218 24.392 23.147 23.526 24.205 24.838 24.876 24.913 25.615 25.523 24.600 26.099 26.172 25.755 25.581 25.212 25.100 25.029 24.809 24.536 24.227 23.982 23.844 23.708 23.613 23.592 23.591 23.489
26.302 26.087 26.300 26.346 26.121 25.968 25.962 25.901 25.824 25.693 25.597 25.541 25.502 25.449 25.390 25.218 25.089 24.949 24.853 24.721 24.565 24.427 24.253 24.134 24.004 23.813 23.664 23.488 23.360 23.203 22.987 22.762 22.622 22.429 22.190 21.977 21.890 21.808 21.379 21.431 18.329 21.779 23.530 24.493 24.995 24.185 23.928 23.881 24.502 23.846 23.354 23.856 24.801 24.806 25.272 25.608 26.142 25.186 25.178 25.236 25.143 24.920 24.649 24.370 24.110 23.925 23.688 23.356 23.154 23.082 22.973
26.293 26.092 26.371 26.458 26.220 26.093 26.096 26.081 25.947 25.716 25.583 25.546 25.561 25.560 25.439 25.242 25.090 24.991 24.923 24.793 24.628 24.432 24.238 24.108 24.007 23.886 23.770 23.618 23.392 23.118 22.851 22.578 22.305 22.007 21.650 21.362 21.293 21.341 21.031 20.230 17.357 17.319 22.913 22.624 23.681 24.171 24.555 23.820 23.468 23.010 22.934 23.391 24.440 24.197 24.684 24.595 24.258 22.966 25.072 25.178 25.052 24.799 24.495 24.200 23.909 23.608 23.261 22.786 22.339 22.232 22.169
26.052 25.825 26.058 26.211 26.071 26.037 26.029 25.959 25.831 25.630 25.537 25.554 25.642 25.658 25.524 25.357 25.196 25.046 24.977 24.827 24.638 24.438 24.233 24.036 23.943 23.809 23.659 23.542 23.268 22.974 22.676 22.289 21.852 21.479 21.047 20.717 20.521 20.464 20.287 20.004 18.962 12.371 18.825 22.065 22.866 23.706 23.532 23.369 22.763 22.946 23.120 23.533 23.602 22.097 23.004 21.787 23.178 24.326 25.112 24.977 24.717 24.437 24.110 23.769 23.387 22.988 22.614 22.150 21.741 21.369 21.182
25.591 25.402 25.533 25.544 25.548 25.537 25.549 25.526 25.438 25.337 25.370 25.469 25.567 25.592 25.487 25.347 25.188 24.955 24.753 24.630 24.492 24.291 24.098 23.913 23.712 23.524 23.313 23.101 22.901 22.623 22.278 21.913 21.454 21.015 20.512 19.914 19.520 19.449 19.563 19.439 18.927 16.435 9.649 10.018 19.049 23.150 22.663 22.419 21.896 22.778 22.786 23.293 22.097 20.970 21.688 20.180 23.096 24.957 24.995 24.673 24.303 23.946 23.580 23.186 22.785 22.491 22.171 21.717 21.217 20.790 20.490
24.953 24.856 24.925 24.831 24.734 24.765 24.862 24.936 24.899 24.877 24.962 25.072 25.133 25.146 25.111 25.034 24.869 24.565 24.349 24.206 24.110 23.943 23.772 23.563 23.388 23.167 22.916 22.662 22.378 22.132 21.857 21.476 20.930 20.387 20.049 19.401 19.188 19.047 18.880 18.749 18.491 18.588 16.102 9.332 8.735 17.929 21.891 22.066 22.945 23.627 22.436 22.146 20.422 20.443 20.508 20.178 23.186 24.712 24.687 24.342 23.983 23.577 23.171 22.721 22.272 22.112 21.891 21.453 21.043 20.562 20.164
23.938 23.830 23.860 23.778 23.660 23.711 23.891 23.991 23.987 23.978 23.991 23.990 24.031 24.128 24.168 24.246 24.166 23.868 23.620 23.458 23.389 23.307 23.177 23.085 22.954 22.768 22.568 22.303 22.034 21.792 21.238 20.717 20.144 20.177 20.050 19.658 19.142 18.939 18.623 18.504 18.275 18.101 17.982 17.276 7.599 9.509 18.491 22.243 22.932 23.330 22.077 21.331 20.647 19.565 19.761 21.432 23.113 24.128 24.101 23.846 23.558 23.212 22.834 22.388 21.926 21.830 21.752 21.325 20.999 20.590 20.193
22.672 22.494 22.435 22.371 22.345 22.441 22.550 22.590 22.617 22.624 22.623 22.600 22.684 22.825 22.954 23.080 23.080 22.840 22.582 22.463 22.432 22.434 22.384 22.324 22.243 22.149 22.022 21.850 21.625 21.345 20.603 20.129 19.955 20.027 19.816 19.482 19.089 18.783 18.463 18.145 17.908 17.589 17.036 17.155 9.675 5.879 17.767 22.136 22.359 21.183 21.571 21.610 20.381 18.661 18.930 21.850 23.117 23.524 23.288 23.090 22.867 22.609 22.367 22.045 21.566 21.451 21.367 21.140 20.887 20.566 20.093
21.194 21.068 21.002 20.970 20.970 21.008 21.039 21.025 21.064 21.121 21.111 21.155 21.280 21.397 21.465 21.571 21.566 21.460 21.358 21.302 21.301 21.331 21.320 21.278 21.204 21.189 21.159 21.178 21.038 20.515 20.032 19.757 19.722 19.598 19.347 19.013 18.705 18.460 18.166 17.853 17.550 17.060 16.414 16.791 9.005 4.945 19.256 21.505 20.841 19.616 19.712 18.914 18.784 20.068 21.597 22.369 22.476 22.441 22.202 22.038 21.967 21.836 21.685 21.486 21.159 20.932 20.874 20.688 20.491 20.265 19.843
19.618 19.576 19.557 19.573 19.571 19.565 19.564 19.513 19.491 19.528 19.583 19.641 19.740 19.806 19.828 19.899 19.891 19.860 19.904 19.921 19.932 19.964 19.958 19.923 19.926 19.913 20.068 20.164 19.860 19.238 19.475 19.196 19.068 18.815 18.583 18.249 18.020 17.774 17.560 17.193 17.006 16.409 15.691 16.052 3.573 8.480 19.143 20.221 19.770 18.646 17.503 16.329 19.073 20.484 21.169 21.279 21.105 20.979 20.822 20.764 20.764 20.732 20.622 20.512 20.318 20.045 19.928 19.813 19.633 19.479 19.212
18.130 18.166 18.185 18.179 18.112 18.125 18.102 18.052 18.021 17.995 18.019 18.054 18.114 18.137 18.142 18.186 18.170 18.219 18.273 18.298 18.337 18.342 18.323 18.352 18.389 18.443 18.796 18.778 18.202 18.117 18.161 18.054 17.875 17.603 17.493 17.211 17.043 16.800 16.578 16.285 16.226 15.700 15.005 13.954 5.826 15.714 18.441 18.429 18.154 17.903 16.745 16.240 18.714 19.842 19.937 19.715 19.534 19.456 19.358 19.352 19.334 19.344 19.293 19.206 19.083 18.878 18.687 18.566 18.555 18.550 18.386
16.826 16.844 16.828 16.754 16.682 16.643 16.584 16.546 16.511 16.490 16.457 16.452 16.476 16.502 16.489 16.494 16.486 16.525 16.598 16.604 16.584 16.570 16.557 16.565 16.611 16.858 17.295 17.031 16.749 16.747 16.626 16.500 16.431 16.286 16.203 15.968 15.834 15.666 15.560 15.469 15.383 14.873 14.155 11.145 10.618 17.026 16.390 16.656 16.544 16.138 16.450 17.832 18.300 18.627 18.425 18.082 17.897 17.803 17.785 17.846 17.819 17.786 17.759 17.740 17.659 17.490 17.376 17.209 17.018 16.837 17.044
15.418 15.481 15.388 15.268 15.135 15.070 15.027 14.957 14.895 14.881 14.832 14.769 14.736 14.733 14.707 14.748 14.741 14.767 14.789 14.738 14.653 14.646 14.584 14.584 14.757 15.032 15.282 14.924 14.510 14.635 14.703 14.663 14.721 14.619 14.590 14.493 14.395 14.310 14.309 14.280 14.187 13.812 13.119 10.556 10.232 14.956 15.375 14.955 15.194 15.142 15.799 16.487 17.163 17.186 16.943 16.685 16.466 16.314 16.216 16.158 16.100 16.025 15.951 15.994 15.963 15.857 15.824 15.612 15.416 15.202 15.156
14.036 14.079 13.938 13.802 13.638 13.531 13.430 13.354 13.295 13.249 13.178 13.112 13.001 12.965 12.964 12.999 13.002 12.995 12.985 12.929 12.848 12.761 12.663 12.824 12.652 12.941 12.812 12.691 12.574 12.275 12.525 12.712 12.766 12.855 12.762 12.790 12.881 12.873 12.846 12.802 12.820 12.390 11.879 9.230 11.041 14.400 13.708 13.006 13.686 14.040 14.492 15.202 15.813 15.669 15.411 15.187 14.990 14.756 14.594 14.418 14.251 14.108 14.042 14.025 14.052 14.003 13.913 13.669 13.433 13.278 13.230
12.741 12.858 12.626 12.449 12.214 12.052 11.913 11.803 11.726 11.641 11.571 11.471 11.356 11.247 11.176 11.182 11.213 11.223 11.222 11.183 11.084 10.977 10.968 10.945 10.547 10.533 10.590 10.540 10.474 10.056 10.591 10.808 10.874 10.961 11.001 11.111 11.219 11.355 11.469 11.465 11.414 11.194 10.342 7.499 12.394 13.635 13.045 12.915 12.587 11.794 12.521 13.620 13.944 13.687 13.421 13.240 13.052 12.860 12.718 12.542 12.307 12.132 12.026 11.978 11.936 11.874 11.794 11.628 11.366 11.090 10.885
11.224 11.402 11.154 10.936 10.687 10.462 10.297 10.151 10.055 9.952 9.844 9.738 9.608 9.493 9.389 9.330 9.332 9.330 9.293 9.260 9.162 9.052 8.962 8.754 8.708 8.573 8.753 8.493 8.585 8.519 8.922 9.008 9.027 9.067 9.106 9.289 9.415 9.625 9.861 9.910 9.824 9.656 8.648 6.062 8.308 11.349 12.221 11.313 10.164 9.635 10.334 11.394 11.431 10.996 10.720 10.478 10.321 10.230 10.175 10.121 10.028 9.890 9.845 9.742 9.656 9.545 9.518 9.442 9.131 8.730 8.472
9.254 9.570 9.479 9.312 9.073 8.811 8.656 8.504 8.395 8.304 8.203 8.043 7.905 7.774 7.682 7.584 7.521 7.467 7.395 7.350 7.275 7.221 7.175 6.943 6.873 6.844 6.705 6.680 6.846 7.109 7.294 7.344 7.269 7.216 7.280 7.437 7.653 7.906 8.163 8.207 8.211 8.075 6.582 4.357 8.197 10.548 9.745 8.686 7.947 7.961 8.725 9.143 8.971 8.466 8.121 7.892 7.739 7.590 7.534 7.470 7.406 7.380 7.406 7.414 7.350 7.125 6.988 6.911 6.750 6.483 6.443
7.073 7.428 7.490 7.417 7.259 7.079 6.954 6.829 6.727 6.614 6.495 6.345 6.213 6.101 6.005 5.904 5.844 5.755 5.668 5.592 5.571 5.538 5.528 5.325 5.414 5.179 5.039 5.218 5.506 5.642 5.629 5.574 5.488 5.519 5.628 5.731 5.924 6.194 6.378 6.435 6.434 6.166 2.673 2.473 6.783 7.896 7.501 6.765 6.172 6.264 6.814 6.999 6.735 6.302 6.071 5.946 5.736 5.487 5.273 5.052 4.904 4.865 4.922 5.027 5.017 4.738 4.438 4.228 4.084 4.023 4.027
5.423 5.682 5.821 5.775 5.644 5.554 5.468 5.412 5.319 5.197 5.085 4.952 4.793 4.656 4.533 4.451 4.421 4.357 4.269 4.215 4.156 4.052 4.031 3.690 3.629 3.584 3.703 3.979 3.996 4.023 3.970 3.958 3.965 3.982 4.107 4.209 4.299 4.544 4.785 4.898 4.866 4.336 -0.576 1.634 5.806 6.434 5.780 5.345 4.820 4.672 4.676 4.522 4.303 4.022 3.790 3.705 3.497 3.242 3.038 2.787 2.542 2.487 2.504 2.623 2.670 2.500 2.157 1.807 1.504 1.367 1.394
3.848 4.003 4.053 3.957 3.830 3.798 3.767 3.759 3.733 3.645 3.507 3.350 3.194 3.059 2.992 2.939 2.887 2.833 2.793 2.746 2.689 2.340 2.125 2.155 1.946 1.801 2.206 2.354 2.315 2.356 2.326 2.357 2.414 2.413 2.428 2.541 2.701 2.907 3.109 3.252 3.229 3.170 0.462 1.935 3.880 3.944 3.854 3.733 3.575 2.947 2.415 2.066 1.767 1.410 1.050 0.853 0.702 0.594 0.452 0.247 0.115 0.070 0.120 0.269 0.261 0.151 -0.127 -0.520 -0.934 -1.145 -1.280
2.245 2.292 2.255 2.138 1.965 1.875 1.847 1.804 1.758 1.638 1.436 1.215 1.001 0.905 0.916 0.907 0.881 0.841 0.796 0.798 0.701 0.588 0.626 0.422 0.297 0.439 0.554 0.580 0.613 0.648 0.668 0.669 0.544 0.567 0.614 0.688 0.819 0.956 1.071 1.099 1.349 1.593 1.093 0.357 1.012 1.922 2.005 1.861 1.741 1.190 0.561 0.131 -0.290 -0.731 -1.148 -1.386 -1.513 -1.703 -1.804 -2.143 -2.346 -2.382 -2.305 -2.188 -2.168 -2.218 -2.430 -2.708 -3.135 -3.433 -3.690
0.233 0.120 0.010 -0.154 -0.318 -0.469 -0.563 -0.681 -0.876 -1.056 -1.339 -1.661 -1.937 -2.043 -1.983 -1.855 -1.777 -1.799 -1.919 -2.025 -2.042 -1.960 -1.818 -1.715 -1.702 -1.658 -1.630 -1.589 -1.568 -1.584 -1.575 -1.616 -1.714 -1.751 -1.737 -1.705 -1.611 -1.507 -1.379 -1.207 -0.911 -0.468 -0.279 -0.185 -0.140 -0.108 -0.552 -0.929 -1.242 -1.620 -2.129 -2.505 -2.891 -3.155 -3.400 -3.502 -3.522 -3.623 -3.901 -4.319 -4.684 -4.846 -4.634 -4.482 -4.509 -4.655 -4.870 -5.151 -5.459 -5.754 -6.032
-2.414 -2.741 -2.760 -2.835 -2.999 -3.138 -3.257 -3.501 -3.727 -4.012 -4.319 -4.598 -4.866 -4.976 -4.926 -4.832 -4.825 -4.919 -4.949 -4.946 -4.807 -4.668 -4.406 -4.288 -4.249 -4.190 -4.144 -4.056 -4.091 -4.133 -4.137 -4.143 -4.176 -4.116 -4.065 -3.993 -3.846 -3.660 -3.423 -3.204 -2.948 -2.762 -2.521 -2.348 -2.482 -2.751 -3.402 -3.899 -4.443 -4.934 -5.473 -5.881 -6.264 -6.348 -6.509 -6.550 -6.580 -6.733 -6.970 -7.216 -7.514 -7.604 -7.229 -7.160 -7.368 -7.658 -7.953 -8.162 -8.247 -8.300 -8.269
-5.343 -5.692 -5.697 -5.786 -5.922 -6.055 -6.244 -6.513 -6.733 -6.888 -7.373 -7.547 -7.881 -8.043 -8.119 -8.214 -7.960 -7.598 -7.444 -7.401 -7.319 -7.182 -6.914 -6.724 -6.640 -6.531 -6.507 -6.526 -6.643 -6.650 -6.648 -6.638 -6.549 -6.424 -6.327 -6.132 -5.894 -5.589 -5.294 -5.089 -4.905 -4.981 -5.000 -5.077 -5.428 -5.829 -6.251 -6.873 -7.769 -8.655 -9.427 -10.035 -10.601 -10.887 -10.798 -10.044 -9.930 -9.874 -9.901 -10.021 -10.191 -10.216 -10.130 -10.193 -10.343 -10.539 -10.605 -10.585 -10.547 -10.415 -10.229
-9.109 -9.292 -9.283 -9.254 -9.389 -9.567 -9.806 -10.116 -10.206 -10.290 -10.489 -10.669 -10.830 -10.817 -10.689 -10.473 -10.247 -10.105 -9.967 -9.866 -9.767 -9.444 -9.089 -8.949 -8.856 -8.783 -8.797 -8.849 -8.831 -8.797 -8.741 -8.585 -8.411 -8.277 -8.124 -7.896 -7.636 -7.365 -7.184 -7.128 -7.126 -7.357 -7.548 -8.001 -8.609 -8.981 -9.997 -12.170 -13.004 -12.942 -13.373 -14.086 -14.737 -15.120 -14.656 -13.392 -12.669 -12.555 -12.482 -12.506 -12.645 -12.747 -12.839 -13.145 -13.444 -13.413 -13.176 -13.070 -12.955 -12.777 -12.451
-13.941 -13.559 -13.380 -13.243 -13.203 -13.207 -13.251 -13.338 -13.365 -13.354 -13.448 -13.469 -13.375 -13.210 -13.048 -12.986 -12.982 -12.854 -12.658 -12.570 -12.549 -12.535 -12.563 -12.574 -12.435 -12.263 -12.231 -12.218 -12.165 -11.950 -11.655 -11.405 -11.153 -10.972 -10.846 -10.727 -10.582 -10.426 -10.451 -10.397 -10.526 -10.709 -10.755 -11.123 -11.907 -15.019 -16.357 -16.336 -15.216 -16.324 -16.927 -17.461 -17.679 -17.910 -17.776 -17.190 -16.546 -16.248 -15.724 -15.544 -15.590 -15.650 -15.757 -16.083 -16.291 -16.437 -16.120 -15.930 -15.843 -15.521 -15.242
-18.431 -17.436 -16.981 -16.617 -16.404 -16.183 -16.079 -16.072 -16.019 -15.984 -15.986 -15.932 -15.828 -15.751 -15.639 -15.556 -15.445 -15.355 -15.346 -15.493 -15.689 -15.867 -15.969 -15.980 -15.822 -15.694 -15.731 -15.830 -15.745 -15.497 -15.226 -14.917 -14.596 -14.424 -14.296 -14.297 -14.262 -14.314 -14.411 -14.343 -14.335 -14.559 -14.807 -15.898 -16.591 -19.915 -19.986 -19.213 -18.479 -19.348 -19.554 -19.732 -20.159 -20.571 -20.666 -20.724 -20.693 -20.467 -19.899 -19.648 -19.506 -19.285 -19.070 -19.017 -18.925 -18.919 -18.880 -18.799 -18.589 -18.546 -18.316
