data-raw/tempfiles/18_grid_data_18000BP.asc
ncols 144
nrows 72
xllcorner -180
yllcorner -90
cellsize 2.5
nodata_value -9999
[rows 0 to 31 of 72, columns 0 to 70 of 144]
-30.110 -30.354 -30.435 -30.477 -30.448 -30.421 -30.447 -30.493 -30.541 -30.651 -30.686 -30.674 -30.702 -30.712 -30.701 -30.725 -30.702 -30.715 -30.768 -30.656 -30.618 -30.503 -30.470 -30.445 -30.355 -30.105 -29.869 -29.834 -29.795 -29.619 -29.741 -29.689 -29.785 -30.050 -30.209 -30.371 -30.082 -30.169 -30.241 -30.010 -30.073 -30.106 -30.019 -30.058 -30.002 -30.015 -29.992 -30.091 -29.960 -29.938 -29.826 -29.780 -29.627 -29.473 -29.346 -29.394 -29.300 -29.265 -29.273 -29.313 -29.382 -29.430 -29.542 -29.676 -29.659 -29.944 -29.701 -29.502 -29.610 -29.782 -29.875
-28.758 -28.914 -28.951 -28.977 -28.960 -28.896 -28.813 -28.738 -28.678 -28.678 -28.656 -28.628 -28.681 -28.717 -28.819 -28.950 -29.073 -29.225 -29.440 -29.569 -29.700 -29.758 -29.946 -30.125 -30.257 -30.354 -30.393 -30.510 -30.659 -30.774 -30.873 -30.895 -30.976 -31.034 -31.006 -30.941 -30.650 -30.542 -30.490 -30.273 -30.163 -30.123 -29.995 -29.954 -29.896 -29.880 -29.851 -29.858 -29.894 -29.890 -29.823 -29.804 -29.703 -29.601 -29.485 -29.449 -29.369 -29.274 -29.247 -29.217 -29.168 -29.127 -29.108 -29.035 -28.916 -28.927 -28.943 -28.850 -28.786 -28.702 -28.609
-26.778 -26.776 -26.877 -26.994 -27.128 -27.038 -27.029 -27.119 -27.213 -27.351 -27.493 -27.566 -27.623 -27.696 -27.874 -28.013 -28.183 -28.288 -28.493 -28.711 -28.929 -29.136 -29.357 -29.660 -29.956 -30.212 -30.408 -30.693 -31.021 -31.339 -31.571 -31.772 -32.030 -32.134 -32.224 -32.103 -31.738 -31.172 -31.402 -31.626 -31.195 -31.193 -31.108 -30.959 -30.782 -30.485 -30.148 -30.035 -30.088 -30.072 -29.971 -29.847 -29.892 -30.166 -30.481 -31.143 -31.941 -32.257 -32.325 -32.345 -31.656 -30.772 -29.197 -28.411 -28.278 -28.399 -28.449 -28.246 -27.958 -27.679 -27.438
-25.686 -25.559 -25.654 -25.777 -25.868 -25.980 -25.992 -26.025 -26.090 -26.161 -26.259 -26.422 -26.463 -26.602 -26.850 -27.066 -27.321 -27.589 -27.938 -28.348 -28.734 -29.254 -29.752 -30.238 -30.714 -31.249 -31.758 -32.144 -32.620 -33.265 -33.305 -33.345 -33.672 -34.276 -36.934 -37.026 -37.092 -36.163 -36.376 -36.837 -36.422 -36.401 -36.401 -35.519 -33.703 -32.586 -32.389 -33.439 -33.598 -33.630 -33.632 -33.530 -33.872 -34.510 -34.873 -35.442 -35.550 -35.036 -34.955 -34.845 -34.340 -33.895 -33.186 -31.626 -31.070 -28.360 -26.929 -26.354 -25.597 -24.844 -24.193
-24.377 -24.185 -24.175 -24.188 -24.096 -24.128 -24.149 -24.236 -24.320 -24.362 -24.437 -24.597 -24.795 -25.028 -25.390 -25.735 -26.078 -26.515 -27.094 -27.748 -28.340 -29.048 -29.654 -30.124 -30.552 -31.204 -32.115 -33.277 -33.345 -33.607 -34.537 -34.726 -33.898 -34.818 -37.228 -37.594 -36.478 -35.312 -35.931 -37.906 -36.542 -33.580 -31.201 -30.997 -31.730 -31.782 -32.831 -33.793 -34.648 -35.453 -36.362 -37.142 -37.911 -38.680 -39.173 -39.237 -38.794 -37.841 -36.465 -34.657 -32.538 -30.497 -29.035 -27.925 -25.935 -24.586 -23.376 -23.306 -21.988 -20.451 -18.833
-22.397 -22.298 -22.207 -22.154 -22.153 -22.101 -22.064 -22.046 -22.111 -22.184 -22.278 -22.342 -22.548 -22.750 -23.192 -23.634 -24.180 -24.692 -25.386 -26.110 -26.581 -27.040 -27.507 -28.014 -28.827 -29.044 -29.776 -30.153 -30.838 -30.795 -31.133 -32.123 -32.641 -32.627 -33.134 -33.735 -34.945 -36.870 -37.668 -37.474 -34.481 -32.051 -31.091 -30.429 -30.394 -29.433 -28.384 -28.098 -28.782 -30.100 -32.260 -34.646 -36.240 -37.541 -38.336 -38.622 -38.366 -37.772 -36.947 -35.734 -33.705 -30.786 -28.170 -25.653 -21.992 -21.044 -20.128 -18.797 -16.812 -14.657 -12.491
-20.703 -20.522 -20.209 -19.827 -19.556 -19.121 -19.058 -19.035 -19.432 -19.266 -19.176 -19.088 -19.255 -19.441 -19.693 -19.810 -19.976 -20.257 -20.786 -21.421 -21.672 -21.605 -23.180 -23.546 -24.261 -24.120 -23.675 -24.274 -24.754 -25.426 -25.472 -27.005 -28.839 -28.889 -31.643 -31.767 -32.612 -33.445 -34.428 -34.848 -34.280 -32.807 -31.924 -31.076 -30.541 -29.269 -27.861 -25.643 -22.902 -22.462 -24.443 -28.674 -31.742 -34.091 -35.619 -36.684 -37.344 -37.497 -36.652 -34.332 -31.193 -27.902 -25.723 -22.999 -19.408 -17.451 -15.831 -13.826 -11.950 -10.616 -9.213
-17.552 -16.496 -15.824 -15.425 -14.835 -14.395 -14.066 -14.179 -14.710 -14.928 -14.415 -13.733 -13.418 -13.584 -13.674 -14.418 -14.533 -14.569 -14.688 -15.310 -15.388 -15.639 -16.939 -17.119 -16.973 -18.451 -18.960 -20.084 -20.800 -21.311 -21.345 -22.357 -24.370 -26.360 -28.060 -27.496 -30.126 -32.535 -33.902 -34.679 -34.419 -34.723 -34.296 -32.792 -30.202 -28.848 -27.765 -25.137 -22.239 -19.139 -18.841 -20.991 -25.188 -29.464 -31.961 -33.697 -35.140 -35.552 -33.821 -30.063 -26.711 -24.397 -22.291 -18.429 -16.104 -13.953 -12.281 -10.276 -8.690 -7.115 -5.748
-13.949 -11.568 -10.169 -9.355 -8.508 -8.000 -8.820 -10.206 -9.481 -9.238 -9.222 -9.091 -8.948 -8.542 -8.092 -8.160 -8.202 -7.868 -8.013 -8.338 -9.274 -10.592 -12.159 -13.584 -13.388 -13.626 -15.317 -17.296 -18.142 -18.662 -19.430 -19.763 -20.598 -21.900 -23.872 -25.760 -26.608 -28.072 -30.442 -30.403 -31.005 -31.664 -31.660 -32.181 -30.365 -27.612 -25.782 -23.707 -21.033 -17.394 -15.281 -15.433 -20.137 -25.599 -29.139 -31.039 -32.054 -30.938 -25.997 -23.512 -21.025 -17.427 -14.198 -12.205 -10.828 -9.461 -8.244 -7.140 -6.086 -4.793 -3.473
-8.669 -7.146 -6.160 -4.594 -2.689 -1.660 -1.754 -1.841 -1.094 -0.045 -0.098 -0.077 -0.087 0.304 0.022 -1.050 -3.142 -3.862 -4.109 -4.692 -5.810 -7.341 -9.466 -11.756 -13.654 -14.913 -16.663 -18.179 -19.069 -19.902 -20.308 -20.954 -21.505 -22.386 -23.806 -25.393 -26.460 -27.511 -29.319 -29.763 -30.732 -31.079 -30.721 -29.853 -28.223 -26.456 -24.888 -20.128 -16.529 -12.579 -11.627 -15.127 -20.042 -24.936 -27.350 -25.025 -20.982 -19.135 -14.058 -10.194 -8.798 -7.535 -7.669 -8.668 -9.495 -8.387 -5.873 -4.507 -3.860 -2.955 -1.919
-2.308 -0.572 -0.544 -0.009 1.251 2.353 2.906 3.154 4.251 5.242 4.907 3.731 3.299 2.608 1.367 0.911 0.128 -1.713 -3.795 -6.468 -8.909 -9.119 -9.373 -11.392 -13.702 -16.095 -18.763 -20.542 -21.400 -21.858 -22.013 -22.169 -22.271 -22.698 -23.500 -24.203 -24.947 -26.646 -28.399 -29.239 -29.899 -30.011 -29.503 -29.335 -29.039 -26.381 -20.473 -16.310 -12.441 -8.962 -7.243 -9.440 -18.292 -25.111 -24.325 -14.485 -8.753 -8.188 -7.975 -6.612 -5.271 -4.036 -3.711 -4.683 -6.892 -5.645 -3.153 -2.194 -1.752 -1.237 -0.591
1.980 2.900 3.592 3.765 3.307 3.815 4.342 4.540 5.028 6.105 4.277 6.166 5.220 4.571 2.533 -1.309 -2.014 -1.327 -3.080 -5.743 -8.405 -10.880 -11.425 -12.971 -15.663 -17.504 -19.836 -21.639 -23.722 -24.542 -24.890 -25.103 -24.789 -24.487 -24.500 -24.734 -25.609 -26.947 -28.381 -29.566 -30.329 -31.643 -31.581 -29.761 -27.127 -23.461 -18.628 -14.669 -10.828 -7.799 -6.107 -5.394 -9.471 -13.640 -14.197 -6.013 -4.893 -4.298 -3.314 -2.549 -1.658 -1.081 -0.539 -0.208 0.076 0.156 0.107 0.150 0.249 0.309 0.392
5.792 6.252 6.117 6.364 6.138 6.320 6.755 6.677 6.999 7.098 8.600 10.785 11.146 11.630 11.347 9.920 6.671 2.651 -0.618 -4.264 -7.039 -9.947 -11.165 -13.066 -16.005 -18.928 -21.207 -22.736 -24.973 -26.387 -27.030 -27.134 -27.064 -26.305 -25.973 -26.285 -27.103 -28.296 -29.547 -30.502 -30.998 -31.779 -31.648 -30.381 -27.593 -24.651 -21.747 -16.001 -11.711 -8.198 -5.420 -3.525 -2.330 -2.149 -2.679 -2.163 -1.905 -1.530 -0.719 0.051 0.870 1.549 2.272 2.574 2.669 2.572 2.346 2.006 1.608 0.809 -0.090
7.534 7.996 8.146 8.209 8.496 8.726 9.129 9.160 9.109 9.822 10.610 11.422 11.797 11.647 11.690 11.368 10.626 9.046 6.503 0.508 -4.358 -8.197 -10.623 -12.305 -14.640 -17.537 -20.341 -22.650 -24.950 -26.764 -27.879 -28.182 -28.274 -27.851 -27.191 -27.427 -28.281 -29.001 -30.045 -31.005 -31.146 -30.760 -31.239 -30.220 -28.031 -25.839 -22.952 -18.242 -13.897 -10.202 -6.487 -3.329 -0.494 0.623 0.936 0.921 0.818 1.081 1.569 2.215 3.057 3.783 4.494 5.113 5.184 4.983 4.620 3.940 2.958 1.586 -0.698
7.854 8.311 8.575 8.758 8.938 9.190 9.518 9.816 10.211 10.642 11.020 11.278 11.402 11.616 11.765 11.642 11.111 10.072 8.836 6.873 1.404 -3.906 -7.086 -12.069 -15.710 -16.778 -18.542 -21.478 -23.707 -25.367 -26.734 -27.770 -29.213 -29.149 -29.224 -29.021 -28.813 -28.603 -28.617 -30.461 -30.407 -29.823 -30.151 -30.265 -29.052 -26.829 -23.774 -19.346 -15.475 -12.064 -8.587 -4.302 -0.635 1.537 2.589 2.848 2.735 2.692 2.900 3.490 4.267 5.067 5.849 6.442 6.761 6.734 6.357 5.474 3.363 2.369 0.995
7.033 7.491 7.742 8.078 8.302 8.563 8.795 9.056 9.369 9.848 10.312 10.581 10.741 10.884 11.025 11.144 10.999 10.716 9.650 8.428 6.121 -0.787 -6.045 -8.580 -12.817 -16.950 -16.056 -17.490 -20.104 -22.153 -24.651 -26.333 -26.870 -27.790 -28.612 -29.057 -29.195 -28.814 -28.206 -28.504 -28.629 -28.275 -28.314 -27.545 -25.691 -23.684 -21.222 -18.127 -14.928 -11.319 -9.029 -5.167 -1.540 1.354 3.395 4.538 4.873 4.866 4.873 5.289 5.858 6.408 7.029 7.514 7.870 8.000 7.804 7.157 6.068 5.049 3.504
6.021 6.505 6.802 7.115 7.336 7.512 7.737 8.020 8.321 8.780 9.256 9.574 9.867 10.096 10.308 10.553 10.709 10.793 10.609 9.801 8.574 6.046 2.860 -2.908 -5.439 -8.762 -11.429 -11.737 -13.747 -16.135 -19.034 -21.609 -23.827 -24.582 -25.497 -26.674 -27.212 -27.522 -27.795 -27.815 -27.537 -26.993 -25.987 -24.024 -21.012 -18.389 -16.154 -14.085 -12.130 -9.102 -6.847 -4.965 -2.153 0.662 3.403 5.404 6.472 6.735 6.740 7.015 7.298 7.608 7.939 8.246 8.561 8.810 8.961 8.854 8.392 7.700 6.572
5.227 5.793 6.115 6.427 6.697 6.904 7.074 7.279 7.546 7.889 8.279 8.622 8.859 9.138 9.427 9.817 10.221 10.611 10.989 11.116 10.646 9.269 7.370 3.395 2.683 -1.712 -5.998 -7.589 -7.533 -8.581 -11.840 -14.770 -18.046 -20.185 -20.850 -21.592 -22.052 -22.679 -24.039 -24.503 -24.571 -23.559 -22.134 -20.851 -17.869 -14.826 -11.770 -9.883 -8.007 -6.283 -5.071 -3.572 -1.422 1.149 3.929 6.084 7.164 7.599 7.912 8.142 8.380 8.508 8.529 8.642 8.795 9.228 9.621 9.899 9.904 9.650 9.001
5.265 5.781 6.161 6.468 6.752 6.934 7.080 7.253 7.521 7.790 8.084 8.468 8.706 8.922 9.120 9.491 10.037 10.673 11.379 11.828 11.573 10.742 8.931 4.566 3.331 2.341 -1.400 -4.261 -5.343 -5.817 -6.909 -8.970 -12.045 -14.948 -15.845 -16.001 -16.738 -17.649 -17.919 -18.516 -18.764 -18.100 -17.366 -15.704 -13.983 -11.961 -9.622 -7.301 -4.953 -3.070 -1.486 -0.503 1.006 3.225 5.456 6.901 7.570 7.918 8.325 8.576 8.734 8.766 8.664 8.840 9.209 9.966 10.425 10.750 10.341 9.013 9.300
6.280 6.539 6.851 7.226 7.477 7.658 7.741 7.871 8.059 8.302 8.607 8.914 9.171 9.333 9.515 9.891 10.424 11.168 11.851 12.460 12.329 11.391 9.815 6.319 5.623 3.570 3.932 -0.368 -1.714 -4.748 -3.079 -5.278 -7.571 -9.547 -10.623 -10.827 -11.152 -11.923 -12.054 -11.625 -12.333 -10.579 -10.335 -9.483 -8.566 -6.401 -3.903 -1.548 0.430 1.907 2.992 3.728 4.576 5.800 6.889 7.622 8.031 8.286 8.640 8.759 8.854 8.810 8.970 9.429 10.207 11.118 11.706 11.895 10.740 8.738 7.880
8.355 8.206 8.438 8.616 8.782 8.942 9.034 9.151 9.274 9.452 9.707 9.991 10.243 10.441 10.712 11.125 11.622 12.270 12.847 13.268 13.161 12.188 11.878 10.728 5.563 4.497 3.899 2.257 0.792 -4.493 -0.351 -0.825 -2.790 -4.677 -5.523 -5.978 -5.690 -5.923 -5.769 -5.501 -3.840 -0.295 -0.273 -0.316 1.004 2.090 2.988 4.335 5.456 6.316 7.048 7.537 7.891 8.363 8.753 9.056 9.290 9.384 9.458 9.282 9.019 9.064 9.636 10.698 11.984 12.939 13.458 13.411 13.357 12.249 9.932
11.506 11.106 11.080 11.019 10.996 10.945 10.945 10.965 11.051 11.202 11.413 11.653 11.867 12.127 12.455 12.841 13.314 13.825 14.242 14.530 14.446 13.492 11.993 12.942 10.356 11.894 8.780 5.463 3.990 1.015 3.257 3.705 1.889 0.372 -1.894 -1.583 -1.103 -1.416 -1.360 0.599 4.432 5.572 7.726 8.933 9.528 9.859 9.747 9.930 10.293 10.704 11.013 11.290 11.496 11.602 11.690 11.761 11.668 11.577 11.468 11.177 10.897 10.978 11.742 12.925 14.176 14.944 15.192 14.905 14.441 13.929 12.373
14.599 14.094 13.919 13.806 13.575 13.440 13.345 13.270 13.369 13.435 13.601 13.856 13.950 14.217 14.545 14.825 15.187 15.573 15.810 15.920 15.719 14.911 13.564 12.771 13.414 14.808 15.866 10.730 6.364 7.943 7.869 7.995 7.616 5.585 4.216 4.144 3.684 4.205 5.487 7.592 10.149 12.201 13.729 14.654 14.894 15.433 15.181 15.136 15.167 15.253 15.326 15.269 15.276 15.237 15.046 14.813 14.600 14.345 14.082 13.898 13.796 14.028 14.778 15.602 16.479 16.721 16.665 16.181 15.479 13.716 12.368
17.448 16.997 16.727 16.511 16.209 15.997 15.947 15.922 15.956 16.053 16.203 16.443 16.567 16.710 16.913 17.038 17.204 17.383 17.423 17.344 17.030 16.378 15.451 14.660 14.151 15.313 18.457 15.080 12.118 12.956 12.330 11.933 11.325 10.219 9.619 8.951 9.600 9.959 10.680 12.603 15.374 17.002 17.684 18.154 18.479 19.281 19.335 19.409 19.430 19.365 19.193 19.004 18.720 18.485 18.159 17.771 17.423 17.150 16.897 16.788 16.911 17.122 17.680 18.032 18.368 18.200 17.670 16.774 15.189 13.305 16.385
19.749 19.400 19.048 18.736 18.463 18.334 18.288 18.290 18.365 18.491 18.692 18.901 19.002 19.098 19.127 19.086 19.067 19.053 18.897 18.617 18.103 17.507 16.804 16.302 15.771 15.465 18.322 18.267 12.366 12.511 14.802 15.358 15.732 13.975 13.454 13.486 14.330 14.694 15.596 16.404 18.813 20.253 20.720 21.178 20.906 21.952 22.283 22.252 22.174 21.966 21.613 21.250 21.015 20.714 20.332 19.914 19.586 19.365 19.201 19.189 19.312 19.507 19.775 19.892 19.737 19.037 18.335 17.935 18.170 19.308 19.546
21.673 21.360 21.078 20.808 20.628 20.565 20.510 20.538 20.653 20.784 20.953 21.045 21.098 21.054 20.896 20.720 20.568 20.405 20.088 19.561 18.889 18.196 17.660 17.315 17.096 16.687 18.244 19.803 17.339 12.402 16.968 17.352 18.990 18.387 17.825 18.122 18.799 19.359 19.684 19.692 21.505 22.510 22.892 23.347 22.540 23.104 23.953 23.911 23.829 23.538 23.140 22.728 22.557 22.351 22.102 21.802 21.506 21.287 21.124 21.065 21.181 21.274 21.133 21.084 20.366 19.340 19.700 19.356 19.287 20.016 20.154
23.136 22.911 22.748 22.639 22.542 22.517 22.508 22.571 22.735 22.899 22.820 22.653 22.514 22.321 22.086 21.808 21.560 21.292 20.842 20.262 19.458 18.687 18.148 17.989 17.990 18.112 18.614 20.549 21.109 17.015 14.351 15.172 18.868 20.605 20.914 21.329 21.958 22.565 22.585 22.646 23.394 24.036 24.418 24.635 24.123 23.778 24.859 24.981 24.805 24.468 24.198 23.881 23.673 23.537 23.477 23.282 23.047 22.825 22.573 22.395 22.310 22.038 21.601 21.102 19.752 19.892 21.216 21.283 21.537 21.897 21.844
24.469 24.231 24.101 24.050 24.007 24.001 24.060 24.125 24.259 24.117 23.970 23.619 23.360 23.147 22.868 22.602 22.261 21.891 21.432 20.825 20.098 19.437 18.996 18.965 19.169 19.604 20.157 21.012 21.912 21.219 16.157 14.413 16.905 20.707 22.040 22.897 23.139 23.877 24.026 24.026 24.193 24.315 25.139 25.257 24.799 24.531 25.419 25.646 25.582 25.248 25.070 24.896 24.678 24.346 24.205 24.230 24.100 23.816 23.475 23.107 22.800 22.302 21.740 20.936 19.594 21.965 23.411 23.062 22.951 23.072 23.421
25.084 24.839 24.776 24.772 24.742 24.662 24.654 24.656 24.674 24.126 24.061 23.844 23.592 23.347 23.112 22.855 22.491 22.157 21.800 21.319 20.836 20.409 20.185 20.216 20.469 21.154 21.797 22.568 23.131 23.255 20.490 18.251 15.936 19.610 22.902 23.504 22.921 24.738 25.118 25.367 25.592 25.399 25.800 23.789 24.732 25.071 25.932 26.025 25.937 25.852 25.532 25.301 25.108 24.790 24.628 24.566 24.460 24.122 23.712 23.285 22.898 22.289 21.703 21.162 20.435 23.458 26.707 25.531 24.840 24.039 24.239
25.218 25.059 25.003 24.922 24.830 24.695 24.573 24.462 24.354 24.205 23.995 23.716 23.510 23.291 23.100 22.826 22.533 22.313 22.080 21.871 21.728 21.651 21.659 21.865 22.207 22.720 23.259 23.799 24.225 24.574 25.109 24.827 23.151 21.348 22.653 20.464 22.906 23.920 25.178 25.759 26.022 26.126 26.004 25.233 25.310 26.085 26.342 26.011 25.953 25.916 25.645 25.471 25.079 24.825 24.578 24.336 24.231 23.970 23.610 23.245 22.925 22.474 22.065 21.914 21.873 25.275 27.612 27.751 26.557 25.055 24.828
25.208 25.036 24.968 24.881 24.773 24.628 24.477 24.328 24.153 24.029 23.886 23.710 23.543 23.372 23.247 23.011 22.854 22.755 22.663 22.650 22.674 22.761 22.948 23.185 23.499 23.810 24.165 24.557 24.995 25.327 25.730 25.858 25.768 25.431 25.455 23.585 23.149 22.599 24.798 26.040 26.204 26.024 25.486 25.528 26.284 26.583 26.412 25.972 25.748 25.708 25.596 25.483 25.186 24.820 24.604 24.233 24.116 23.970 23.669 23.378 23.178 23.008 22.835 22.790 22.897 25.130 26.635 26.556 25.585 25.414 25.447
25.343 25.087 25.002 24.904 24.790 24.713 24.624 24.549 24.438 24.227 24.099 24.001 23.818 23.721 23.666 23.464 23.423 23.403 23.305 23.367 23.458 23.507 23.722 23.903 24.103 24.340 24.595 24.788 25.163 25.506 25.688 25.754 25.706 25.732 25.959 25.950 25.815 25.097 24.644 26.121 26.004 25.059 24.262 25.810 24.811 25.432 25.760 25.745 25.702 25.603 25.500 25.401 25.211 24.894 24.680 24.322 24.198 24.074 23.858 23.690 23.523 23.466 23.417 23.373 23.745 24.481 23.932 24.229 24.436 24.460 25.025
