data-raw/tempfiles/18_grid_data_18000BP.asc
ncols 144
nrows 72
xllcorner -180
yllcorner -90
cellsize 2.5
nodata_value -9999
[rows 0 to 31 of 72, columns 71 to 141 of 144]
-30.154 -30.435 -30.608 -30.936 -30.929 -30.932 -30.317 -30.073 -29.773 -29.846 -29.974 -29.787 -29.454 -29.560 -29.536 -29.608 -29.592 -29.460 -29.468 -29.399 -29.364 -29.580 -29.736 -29.818 -29.662 -29.726 -29.853 -29.698 -29.729 -29.704 -29.970 -29.940 -29.999 -29.787 -29.929 -29.977 -30.170 -30.243 -30.321 -30.337 -30.102 -29.951 -29.826 -29.926 -29.979 -30.065 -30.114 -30.173 -30.240 -30.281 -30.311 -30.269 -30.268 -30.174 -30.173 -30.211 -30.224 -30.248 -30.269 -30.279 -30.349 -30.363 -30.335 -30.379 -30.425 -30.458 -30.414 -30.342 -30.334 -30.328 -30.301
-28.577 -28.587 -28.553 -28.533 -28.488 -28.529 -28.562 -28.676 -28.795 -28.910 -29.149 -29.222 -29.205 -29.439 -29.637 -29.759 -29.897 -29.934 -29.987 -30.121 -30.242 -30.361 -30.484 -30.542 -30.617 -30.637 -30.720 -30.735 -30.758 -30.734 -30.738 -30.686 -30.719 -30.735 -30.749 -30.669 -30.634 -30.585 -30.536 -30.498 -30.417 -30.393 -30.331 -30.265 -30.209 -30.130 -30.021 -29.946 -29.868 -29.791 -29.731 -29.614 -29.567 -29.442 -29.349 -29.349 -29.316 -29.230 -29.173 -29.121 -29.085 -29.022 -28.948 -28.912 -28.914 -28.887 -28.860 -28.852 -28.852 -28.851 -28.854
-27.226 -27.106 -26.953 -26.857 -26.888 -26.964 -27.015 -27.320 -27.711 -27.903 -28.316 -28.897 -28.987 -29.338 -29.902 -30.163 -30.483 -30.806 -31.056 -31.360 -31.606 -31.748 -31.837 -31.960 -32.057 -32.056 -32.099 -32.108 -32.137 -32.159 -32.151 -32.103 -32.025 -31.937 -31.824 -31.709 -31.572 -31.430 -31.285 -31.128 -30.981 -30.740 -30.541 -30.334 -30.158 -29.973 -29.774 -29.601 -29.425 -29.290 -29.188 -29.020 -28.951 -28.886 -28.687 -28.586 -28.539 -28.347 -28.223 -28.152 -28.028 -27.916 -27.854 -27.760 -27.678 -27.591 -27.510 -27.401 -27.157 -27.060 -27.035
-23.313 -22.485 -21.734 -21.162 -21.240 -21.437 -22.633 -23.578 -24.870 -25.666 -26.616 -27.419 -28.327 -29.015 -29.799 -30.212 -30.758 -31.205 -31.413 -31.902 -32.345 -32.284 -32.180 -32.122 -32.631 -32.695 -32.779 -33.273 -33.422 -33.563 -33.138 -33.066 -33.073 -33.549 -33.304 -33.010 -32.706 -32.679 -33.777 -32.756 -31.611 -31.394 -31.479 -31.150 -30.874 -30.403 -30.002 -29.629 -29.224 -28.933 -28.729 -28.525 -28.300 -28.085 -27.926 -27.777 -27.629 -27.408 -27.253 -27.084 -26.771 -26.577 -26.391 -26.109 -25.818 -25.505 -25.434 -25.518 -25.626 -25.700 -25.757
-16.964 -15.531 -14.310 -13.759 -14.237 -16.043 -19.341 -22.630 -24.284 -24.935 -25.901 -26.435 -27.331 -28.332 -29.217 -29.811 -30.363 -30.941 -31.137 -31.299 -31.834 -31.725 -31.441 -31.021 -31.250 -31.477 -31.331 -31.660 -32.078 -32.378 -32.213 -32.191 -32.352 -32.926 -33.298 -33.074 -32.718 -32.539 -33.004 -33.191 -32.249 -33.512 -33.263 -31.590 -30.978 -31.012 -30.550 -30.004 -29.497 -29.010 -28.633 -28.350 -28.043 -27.683 -27.517 -27.358 -27.205 -26.975 -26.759 -26.627 -26.296 -25.989 -25.765 -25.465 -25.106 -24.619 -24.264 -24.126 -24.312 -24.412 -24.453
-10.992 -10.034 -9.577 -9.609 -10.031 -10.897 -12.176 -14.735 -17.529 -20.747 -22.582 -23.458 -24.252 -25.198 -26.281 -27.308 -28.066 -28.548 -28.853 -29.071 -29.326 -29.524 -29.427 -29.542 -29.898 -29.942 -30.038 -30.043 -29.877 -29.885 -30.186 -30.508 -30.837 -31.137 -31.316 -31.297 -31.344 -31.367 -31.673 -31.618 -31.535 -32.185 -32.713 -32.114 -32.107 -32.579 -31.001 -29.987 -29.561 -29.055 -28.434 -27.951 -27.646 -27.337 -27.028 -26.950 -27.619 -27.186 -26.720 -25.941 -25.739 -25.507 -25.123 -24.760 -24.294 -23.750 -22.901 -22.578 -22.589 -22.657 -22.606
-8.087 -7.216 -6.842 -6.977 -7.468 -8.302 -9.334 -10.292 -12.065 -15.041 -17.258 -18.388 -19.519 -20.648 -22.004 -23.436 -24.622 -25.490 -26.112 -26.703 -27.422 -28.322 -29.825 -31.241 -30.424 -29.585 -28.999 -28.676 -28.653 -28.830 -28.708 -28.912 -29.256 -30.179 -30.681 -30.648 -31.038 -31.162 -31.291 -31.092 -30.732 -30.242 -29.894 -29.746 -29.720 -29.747 -29.698 -29.515 -29.067 -28.396 -27.889 -27.700 -26.987 -26.517 -26.403 -26.203 -26.176 -26.275 -25.829 -25.428 -25.270 -24.935 -24.601 -24.363 -24.002 -23.672 -23.112 -22.343 -21.711 -21.283 -20.987
-4.552 -3.661 -3.247 -3.317 -3.579 -4.363 -5.117 -6.038 -7.148 -9.642 -12.376 -14.335 -16.071 -16.580 -17.822 -19.458 -21.083 -22.584 -24.042 -25.367 -26.560 -27.983 -29.862 -29.924 -29.451 -28.947 -28.267 -27.922 -28.983 -28.843 -27.625 -28.392 -29.013 -28.936 -28.722 -28.322 -28.032 -28.056 -28.119 -28.032 -27.965 -28.008 -28.158 -28.460 -28.584 -28.165 -27.700 -27.294 -27.038 -27.097 -27.205 -27.315 -26.579 -25.420 -25.712 -25.291 -24.888 -25.079 -24.699 -24.524 -24.429 -23.867 -23.290 -23.037 -22.775 -21.732 -21.241 -20.713 -19.875 -19.051 -18.541
-2.263 -1.413 -0.969 -1.032 -1.313 -1.840 -2.911 -6.724 -11.046 -12.846 -13.549 -14.295 -15.401 -16.176 -17.061 -17.843 -18.486 -20.334 -22.647 -24.124 -25.471 -26.231 -26.813 -27.119 -27.182 -27.475 -27.458 -26.542 -26.426 -26.573 -25.394 -25.793 -25.992 -26.072 -25.764 -25.394 -25.636 -26.639 -27.709 -28.002 -27.552 -26.450 -25.931 -26.424 -26.968 -26.745 -25.936 -25.327 -25.303 -24.896 -24.300 -24.727 -25.345 -24.060 -23.662 -23.169 -23.905 -23.259 -21.830 -21.376 -21.534 -21.021 -20.256 -19.391 -19.017 -18.678 -18.853 -18.772 -17.656 -17.092 -17.418
-0.848 -0.142 0.122 -0.050 -0.668 -2.014 -7.550 -10.676 -11.700 -11.473 -11.948 -13.014 -14.042 -14.653 -15.324 -16.385 -17.606 -19.010 -19.955 -20.966 -22.327 -22.811 -23.207 -23.077 -23.378 -23.721 -23.481 -23.081 -22.852 -22.860 -23.072 -23.458 -23.170 -22.696 -22.457 -21.940 -22.284 -22.951 -23.598 -24.457 -24.523 -24.148 -23.802 -23.976 -24.291 -24.605 -24.583 -24.140 -23.767 -23.189 -22.341 -23.128 -23.462 -21.837 -21.392 -20.888 -21.316 -20.725 -19.979 -19.683 -18.331 -17.275 -17.570 -17.100 -16.942 -16.592 -15.989 -15.732 -15.082 -13.868 -12.460
0.025 0.339 0.391 -0.783 -3.101 -6.675 -9.973 -10.737 -10.980 -10.940 -11.607 -12.427 -12.953 -13.262 -13.627 -14.468 -14.957 -15.805 -16.671 -17.506 -18.218 -18.376 -18.203 -18.122 -19.341 -18.782 -18.279 -18.351 -18.735 -19.257 -19.723 -19.929 -19.777 -19.262 -18.941 -18.755 -19.301 -19.938 -19.883 -20.065 -20.205 -20.383 -20.512 -20.996 -21.509 -22.128 -22.358 -21.999 -21.795 -21.297 -20.510 -20.101 -20.246 -19.830 -19.317 -18.694 -19.112 -18.603 -18.179 -17.858 -17.175 -16.374 -15.994 -15.578 -15.490 -14.084 -13.014 -11.947 -10.633 -9.414 -8.187
0.355 0.220 -0.502 -6.645 -10.612 -10.447 -11.285 -11.109 -10.696 -11.925 -12.968 -12.751 -12.363 -12.041 -12.268 -12.677 -13.150 -13.312 -13.436 -13.500 -13.544 -13.488 -13.259 -13.162 -13.921 -12.801 -12.889 -13.408 -14.122 -14.853 -15.608 -15.833 -15.834 -16.014 -16.019 -15.734 -15.360 -15.680 -16.204 -16.527 -16.441 -16.587 -17.081 -17.538 -18.331 -18.953 -19.062 -19.145 -19.394 -19.524 -19.164 -18.744 -18.290 -17.650 -17.036 -16.568 -16.362 -14.673 -13.814 -13.289 -13.281 -13.384 -13.224 -10.454 -7.917 -8.085 -7.408 -6.476 -5.737 -4.307 -0.773
-0.655 -1.389 -2.461 -6.333 -7.864 -8.011 -9.908 -10.254 -10.052 -10.354 -11.088 -11.754 -11.101 -10.754 -10.839 -10.746 -10.514 -10.448 -10.193 -9.837 -9.615 -9.685 -9.203 -8.946 -9.561 -8.588 -8.953 -9.994 -10.847 -11.733 -12.286 -12.672 -12.776 -12.720 -12.716 -12.489 -12.127 -12.130 -12.819 -13.117 -13.020 -13.188 -14.031 -14.700 -15.163 -16.332 -17.751 -18.622 -18.054 -18.216 -18.411 -18.334 -17.599 -16.560 -15.216 -14.384 -12.757 -8.235 -6.236 -5.793 -5.262 -5.377 -5.519 -4.004 -4.761 -6.065 -2.213 0.123 1.553 2.884 3.993
-0.363 -1.139 -2.292 -3.345 -4.708 -5.858 -7.614 -7.557 -7.675 -8.272 -9.180 -9.602 -9.295 -9.052 -8.673 -8.011 -7.580 -7.208 -6.619 -6.359 -6.164 -5.873 -5.682 -5.646 -6.566 -6.158 -6.823 -7.824 -8.556 -9.426 -9.929 -10.282 -10.255 -10.004 -9.546 -9.051 -8.999 -9.028 -9.464 -9.701 -9.992 -10.758 -11.406 -12.116 -13.934 -16.355 -17.315 -17.945 -18.897 -18.050 -17.783 -17.449 -17.456 -17.237 -14.780 -12.383 -9.236 -6.304 -4.874 -3.854 -2.845 -1.884 -1.154 -3.132 -5.321 -3.568 0.786 2.462 3.461 4.622 5.667
0.461 0.555 0.000 -0.483 -1.207 -1.943 -2.403 -3.189 -3.987 -4.879 -5.852 -6.249 -6.072 -5.864 -5.518 -5.130 -4.694 -4.319 -4.066 -3.798 -3.367 -3.391 -3.937 -4.393 -5.522 -4.871 -5.312 -6.167 -6.794 -6.983 -7.088 -7.273 -7.226 -6.992 -6.543 -6.565 -7.677 -7.607 -9.071 -11.183 -11.249 -9.544 -9.320 -10.352 -11.275 -13.627 -13.463 -14.137 -14.919 -15.081 -14.442 -13.743 -13.831 -14.384 -13.586 -10.447 -8.570 -6.579 -5.024 -3.382 -1.830 -0.501 0.382 -1.537 -2.543 1.025 2.570 3.488 4.595 5.552 6.335
2.995 3.081 2.752 2.136 1.285 0.767 0.549 -0.159 -0.700 -1.502 -1.992 -2.308 -2.225 -1.891 -1.731 -1.534 -1.325 -1.339 -1.538 -1.421 -1.407 -1.737 -2.246 -3.246 -3.811 -3.823 -4.012 -4.426 -5.012 -4.862 -4.793 -4.340 -3.974 -4.630 -6.267 -8.073 -10.646 -9.750 -9.273 -10.200 -12.311 -11.440 -8.986 -7.934 -8.395 -9.453 -9.123 -10.135 -11.517 -12.923 -12.555 -11.782 -11.488 -12.884 -13.646 -10.548 -9.105 -6.594 -5.351 -3.903 -2.118 -0.586 0.414 0.527 1.434 2.583 3.303 4.026 4.785 5.463 6.074
5.834 5.023 4.794 4.002 3.520 2.507 1.826 2.295 1.263 0.835 -0.250 0.271 1.181 1.517 1.813 1.897 1.978 2.106 1.879 1.485 0.939 0.706 0.368 -1.125 -1.952 -1.429 -1.313 -2.356 -2.850 -2.770 -3.559 -3.755 -3.269 -3.343 -4.026 -7.482 -11.279 -9.440 -6.805 -9.328 -10.234 -7.760 -6.090 -6.664 -8.812 -7.720 -6.457 -6.756 -8.584 -9.908 -8.575 -9.393 -9.388 -9.369 -8.778 -8.858 -9.469 -5.584 -4.743 -3.867 -2.538 -1.305 -0.402 0.490 1.621 2.414 3.121 3.749 4.243 4.768 5.290
8.146 7.034 5.871 3.432 2.382 1.965 3.129 4.528 5.149 4.468 2.233 2.626 5.008 5.450 5.603 6.137 6.333 5.884 5.088 4.595 3.646 3.838 3.555 1.966 0.974 1.525 2.065 1.744 1.857 1.384 1.197 1.609 0.795 -0.912 -1.452 0.010 -1.479 -5.868 -5.655 -6.487 -7.067 -6.414 -4.060 -4.106 -4.189 -4.353 -5.202 -5.196 -7.108 -6.163 -5.101 -6.657 -7.210 -6.077 -6.144 -7.794 -4.936 -2.667 -2.886 -2.999 -2.667 -1.924 -0.980 0.048 1.062 1.900 2.497 2.920 3.196 3.729 4.368
9.091 7.678 8.534 7.572 9.672 8.642 9.015 7.663 5.519 6.424 6.596 7.158 7.666 8.291 8.485 8.864 9.035 6.063 4.848 6.053 6.708 6.778 6.289 5.319 4.942 5.711 6.055 6.044 5.635 4.564 3.226 1.968 -0.542 -2.108 -2.999 -2.309 0.606 0.753 0.026 -0.255 -0.217 -0.354 -0.715 -0.169 0.433 -0.542 -2.077 -3.773 -3.159 -1.350 -2.693 -4.148 -5.056 -3.344 -3.927 -2.513 -0.464 -0.314 -1.198 -1.900 -2.010 -1.423 -0.522 0.342 1.033 1.519 1.869 2.274 2.482 3.003 3.944
8.246 10.038 11.987 12.465 12.044 12.308 11.356 11.463 11.084 7.927 8.963 10.054 10.487 9.207 8.057 9.084 8.448 6.241 3.421 5.231 8.095 9.334 9.986 9.565 9.745 9.564 9.727 8.842 7.989 3.350 -1.837 -4.767 -2.109 2.779 4.587 4.457 5.336 6.252 4.792 1.694 3.220 4.238 3.362 2.871 1.747 0.433 -0.462 -0.280 0.538 0.980 -0.729 -2.759 -2.790 0.717 0.961 2.254 3.455 2.932 2.190 0.918 0.890 1.264 1.806 2.223 2.495 2.734 3.027 3.408 3.815 4.215 4.601
10.499 13.406 13.958 14.210 14.036 14.236 14.197 14.076 14.533 12.297 13.426 13.568 11.049 8.776 8.933 6.973 7.294 6.173 3.316 5.055 9.120 11.525 13.088 11.877 12.291 12.515 12.553 9.625 4.665 -4.257 -9.733 0.182 7.655 7.845 7.786 5.575 1.384 0.308 -0.336 -5.976 -5.084 1.541 5.141 5.120 4.452 3.379 4.152 6.928 4.785 3.205 2.603 2.497 4.075 5.344 5.832 6.581 6.496 6.106 6.514 6.018 5.893 5.897 5.826 5.806 5.863 6.000 6.155 6.396 6.624 6.830 6.976
13.406 13.702 13.891 13.986 14.642 15.614 15.243 15.922 15.968 15.472 15.230 15.518 14.941 14.214 13.899 14.378 14.662 14.950 12.440 6.621 5.797 9.178 10.290 10.589 9.216 12.385 10.668 7.340 4.935 -4.144 -7.848 -11.313 -7.777 -4.089 -6.202 -10.764 -11.221 -9.106 -3.975 -2.550 -4.315 -1.235 3.700 5.520 6.609 6.407 7.655 8.775 6.336 5.701 6.047 6.351 7.266 8.992 9.794 9.106 7.923 10.269 10.841 10.799 10.566 10.597 10.447 10.323 10.269 10.356 10.407 10.418 10.501 10.549 10.599
12.396 12.996 15.249 18.048 18.168 17.981 17.183 16.982 16.954 16.819 16.674 16.553 16.877 17.106 17.444 14.827 15.648 17.212 18.884 14.109 8.010 9.614 13.876 15.137 12.222 12.969 7.184 3.145 3.930 12.227 8.752 -5.045 -11.979 -11.402 -9.276 -9.321 -9.151 -8.724 -6.819 -5.784 -5.228 -2.649 2.274 7.793 9.311 9.706 10.730 10.433 9.442 8.458 9.531 10.304 11.584 11.771 12.378 12.995 13.786 14.353 14.600 14.560 14.250 14.349 14.361 14.264 14.240 14.271 14.284 14.305 14.301 14.270 14.235
16.624 16.857 18.304 19.187 18.851 18.316 19.043 19.208 18.765 19.457 19.120 18.485 18.596 18.572 18.230 16.813 17.565 18.599 20.424 21.483 19.403 9.656 11.352 13.071 16.884 17.349 16.847 13.179 12.622 20.328 19.696 14.119 -1.490 -8.491 -7.551 -6.795 -6.115 -5.736 -5.509 -4.317 -2.539 -0.059 7.968 13.515 11.535 11.589 12.324 11.666 12.151 12.085 13.075 14.500 15.606 15.655 16.689 16.840 16.856 17.111 17.208 17.223 17.153 17.020 17.415 17.462 17.419 17.446 17.480 17.490 17.465 17.429 17.339
19.739 19.422 19.309 19.942 19.918 19.578 19.538 19.840 20.510 20.927 20.047 19.848 19.876 19.795 19.372 18.173 19.019 19.076 20.245 21.374 22.350 19.516 15.444 14.594 18.421 17.000 18.969 16.994 21.071 23.726 23.715 22.057 20.298 14.643 4.062 -2.323 -2.347 -1.364 3.976 5.190 2.253 4.364 11.545 14.505 13.559 13.699 14.105 14.312 13.981 14.196 15.774 17.764 18.621 19.090 19.228 19.396 19.488 19.431 19.431 19.524 19.590 19.503 19.813 19.954 19.917 19.919 19.950 19.980 19.924 19.876 19.738
20.439 21.690 20.975 19.593 20.059 20.713 20.546 20.786 21.243 20.980 20.334 19.493 19.706 21.001 22.446 22.263 20.519 20.135 21.200 21.519 23.100 22.718 22.638 23.481 22.789 21.741 21.783 22.393 24.011 25.586 24.375 24.184 23.878 23.051 22.767 19.747 17.087 15.844 17.013 16.783 10.953 11.584 12.173 14.921 15.658 15.726 16.159 16.157 16.561 17.599 19.436 20.488 20.818 20.956 21.211 21.543 21.604 21.518 21.493 21.581 21.624 21.751 21.953 22.014 21.937 21.935 21.953 22.004 21.907 21.830 21.712
21.904 22.098 21.245 18.261 19.071 19.406 19.530 20.574 20.376 19.758 20.423 19.085 20.913 22.120 23.534 22.667 23.754 22.453 21.774 21.914 23.591 24.711 24.340 24.380 24.514 23.531 23.321 23.502 24.484 25.898 25.750 25.562 24.356 22.600 21.793 21.931 21.042 20.257 18.652 19.739 15.872 15.553 16.189 18.742 19.162 18.573 19.023 19.201 20.247 19.993 22.505 22.828 22.782 22.730 22.882 23.175 23.330 23.341 23.371 23.386 23.407 23.512 23.675 23.681 23.577 23.495 23.496 23.478 23.395 23.301 23.217
23.462 22.941 22.289 22.267 21.133 21.566 21.588 19.846 18.168 20.420 20.401 20.170 21.705 23.227 24.690 24.356 24.877 22.411 22.485 23.360 24.753 25.728 26.277 26.665 25.458 23.474 23.617 23.725 24.094 24.973 25.457 25.544 24.968 23.885 23.182 23.249 23.221 22.894 20.743 20.877 18.964 19.145 18.965 21.248 20.743 21.590 21.989 22.451 23.396 23.911 24.192 24.211 24.268 24.337 24.408 24.512 24.651 24.768 24.838 24.847 24.869 24.967 25.005 24.981 24.911 24.846 24.807 24.733 24.676 24.541 24.466
24.698 24.335 23.976 23.917 21.735 22.394 23.311 23.890 23.965 23.195 21.420 21.898 23.113 24.789 26.118 25.546 25.242 24.244 20.682 23.853 25.484 25.624 25.520 25.362 23.798 23.852 24.160 24.447 24.716 25.235 24.391 25.683 25.842 24.424 23.949 25.127 24.794 24.627 23.601 22.886 22.191 22.507 21.255 22.343 22.407 23.245 24.380 24.738 25.137 25.112 25.357 25.305 25.422 25.559 25.591 25.547 25.677 25.891 25.755 25.748 25.859 25.867 25.860 25.819 25.798 25.695 25.608 25.535 25.446 25.288 25.250
25.773 25.913 25.221 24.738 24.500 24.163 24.715 25.792 26.419 25.352 22.660 22.489 24.263 25.312 26.295 26.136 24.078 26.200 21.406 23.595 23.780 24.243 23.622 23.955 23.986 24.148 24.402 24.713 24.943 25.417 24.691 25.858 26.058 26.184 26.004 25.900 25.533 25.216 25.009 24.958 23.988 24.527 24.531 23.109 24.076 24.900 25.419 25.761 25.827 24.329 25.636 25.715 26.142 26.253 26.170 26.176 26.302 26.467 26.343 26.291 26.375 26.366 26.280 26.182 26.065 25.966 25.861 25.762 25.652 25.560 25.469
25.433 25.404 25.239 24.255 24.567 26.365 26.878 27.172 27.292 25.649 23.260 23.796 24.932 25.675 25.109 22.145 17.958 25.590 22.927 23.058 24.779 25.023 24.457 24.371 24.439 24.599 24.822 25.154 25.329 25.594 25.210 23.718 25.264 26.600 26.372 26.322 26.130 25.822 25.655 25.756 24.465 24.932 24.929 24.418 23.986 25.656 25.984 26.110 26.161 25.664 25.784 26.064 26.440 26.606 26.477 26.493 26.583 26.594 26.380 26.372 26.435 26.394 26.267 26.139 25.992 25.909 25.827 25.777 25.727 25.665 25.550
25.253 25.390 24.893 23.650 22.870 25.487 26.278 26.616 25.901 25.442 24.796 24.887 24.585 24.503 23.906 19.418 15.553 23.645 24.300 24.497 24.227 24.824 24.474 24.710 25.008 25.168 25.379 25.589 25.567 25.755 25.749 23.969 25.959 26.376 26.639 26.547 26.389 26.096 25.858 25.848 25.120 24.924 24.397 24.632 24.617 25.998 26.250 26.257 26.168 25.726 25.666 26.130 26.604 26.598 26.457 26.440 26.504 26.518 26.401 26.366 26.337 26.333 26.241 26.100 25.941 25.900 25.884 25.924 25.966 25.853 25.635
