data-raw/tempfiles/18_grid_data_18000BP.asc
ncols 144
nrows 72
xllcorner -180
yllcorner -90
cellsize 2.5
nodata_value -9999
[rows 32 to 63 of 72, columns 71 to 141 of 144]
24.781 24.132 23.865 24.223 23.550 24.043 24.291 24.898 25.273 24.839 23.643 24.127 24.614 24.682 22.941 17.099 15.594 19.044 20.663 22.965 23.747 24.368 24.542 24.879 25.211 25.417 25.660 25.898 25.945 25.966 25.992 25.349 26.107 26.222 26.535 26.481 26.402 26.196 26.064 26.008 25.385 25.004 24.852 24.954 25.856 26.129 26.252 26.350 26.199 26.070 25.126 25.384 26.230 26.281 26.208 26.180 26.271 26.342 26.315 26.146 26.181 26.309 26.206 26.036 25.988 25.995 26.011 26.078 26.174 26.007 25.743
24.249 24.486 24.206 23.867 22.960 21.124 21.188 22.667 23.726 23.435 23.353 23.793 23.887 24.752 25.806 20.704 17.589 22.155 24.439 25.051 25.262 24.409 24.792 25.010 25.222 25.344 25.506 25.712 25.838 25.945 26.010 26.102 26.011 25.524 26.397 26.404 26.424 26.326 26.197 25.675 25.654 23.738 24.463 25.012 25.739 25.823 26.045 24.771 25.591 25.936 25.436 25.458 26.062 26.072 26.055 26.044 26.079 26.017 25.742 25.906 26.248 26.195 26.156 26.002 26.045 26.104 26.077 26.061 26.118 26.014 25.836
24.626 24.633 24.559 24.104 23.008 21.733 21.226 22.082 22.888 22.570 22.116 22.410 22.393 23.375 25.168 26.666 22.370 24.486 25.422 25.797 24.684 24.749 24.923 25.039 25.172 25.264 25.431 25.618 25.793 25.882 25.916 25.889 25.920 25.984 26.086 26.153 26.220 26.226 26.125 24.313 24.027 23.618 23.538 24.098 24.537 24.632 24.432 23.164 25.447 25.865 25.836 25.798 25.920 25.964 25.896 25.577 25.521 25.824 26.025 26.188 26.279 26.208 26.103 25.950 25.966 26.047 25.999 25.992 26.089 26.166 26.119
24.334 24.351 24.341 24.254 24.010 22.011 21.801 22.691 23.001 22.803 22.407 21.782 20.704 20.970 22.395 21.955 24.019 26.184 25.806 25.027 24.795 24.749 24.856 25.005 25.152 25.262 25.421 25.581 25.721 25.844 25.873 25.820 25.791 25.796 25.855 25.908 25.966 25.911 25.793 25.669 24.155 23.934 23.432 23.255 23.113 23.477 22.793 22.958 25.114 24.832 25.295 25.714 25.475 25.853 25.777 25.984 25.963 26.079 26.120 26.166 26.250 26.256 26.042 25.858 25.842 25.922 25.948 26.023 26.173 26.340 26.370
23.673 23.738 23.809 23.783 23.934 22.640 22.076 23.047 22.974 22.853 22.391 21.435 19.532 19.546 20.722 19.342 23.733 25.680 24.877 24.961 24.893 24.832 24.881 25.038 25.173 25.232 25.308 25.414 25.580 25.685 25.654 25.584 25.557 25.609 25.644 25.628 25.611 25.593 25.555 25.457 24.955 23.195 23.409 23.021 22.902 23.348 23.889 24.518 24.690 23.803 25.513 25.876 25.702 25.119 24.296 25.439 25.431 25.802 25.927 25.965 26.143 26.256 26.133 25.924 25.863 25.962 25.985 26.068 26.176 26.316 26.474
23.340 23.336 23.415 23.470 23.852 22.740 21.991 22.852 23.135 22.929 22.560 22.054 19.960 20.894 22.399 21.664 23.550 24.895 25.183 25.248 24.963 24.854 24.858 24.986 25.091 25.117 25.143 25.172 25.306 25.508 25.524 25.422 25.379 25.426 25.448 25.445 25.378 25.411 25.466 25.348 25.388 24.630 23.490 23.661 23.307 23.706 24.180 24.798 25.039 24.371 25.945 25.567 25.529 25.663 24.771 21.558 20.815 22.644 24.507 25.750 26.130 25.659 25.974 25.948 25.816 25.900 25.936 25.953 26.027 26.171 26.346
22.788 22.626 22.577 22.753 23.059 22.988 22.559 21.931 21.784 22.416 22.461 22.637 21.816 21.589 21.688 21.642 23.812 24.877 25.192 25.242 24.999 24.802 24.810 24.915 25.008 25.047 25.044 25.039 25.158 25.346 25.408 25.327 25.299 25.242 25.299 25.351 25.333 25.357 25.407 25.465 25.695 25.623 25.060 24.374 23.645 23.875 24.372 25.335 26.015 26.384 26.271 26.086 26.028 25.992 25.827 25.337 24.593 22.547 18.524 20.653 24.796 24.863 25.894 25.608 25.752 25.780 25.833 25.831 25.848 25.951 26.114
21.986 21.652 21.457 21.701 22.137 22.729 23.204 21.413 21.044 21.197 21.320 21.945 20.931 20.400 19.865 20.182 22.961 24.690 24.979 25.119 24.929 24.801 24.840 24.898 24.940 24.952 24.913 24.926 25.094 25.267 25.318 25.170 25.185 25.171 25.154 25.219 25.274 25.311 25.334 25.423 25.568 25.653 25.681 25.466 25.179 25.065 25.030 25.656 25.959 26.164 26.070 25.876 26.261 26.164 25.820 25.184 24.327 23.463 23.066 22.402 23.055 25.404 25.774 25.727 25.573 25.371 25.706 25.698 25.710 25.746 25.849
21.009 20.755 20.511 20.462 20.844 21.664 21.371 19.009 20.298 20.950 20.930 20.401 20.834 20.206 19.526 20.801 21.995 24.754 25.249 25.165 24.852 24.798 24.869 24.917 24.872 24.816 24.799 24.809 24.937 25.024 25.033 24.760 24.908 24.937 24.988 25.027 25.075 25.126 25.158 25.191 25.206 25.230 25.183 25.385 25.492 25.688 25.970 26.065 26.333 26.446 26.385 26.346 26.116 26.300 25.838 25.488 24.894 24.347 23.502 24.350 24.301 25.048 25.450 25.525 25.434 25.340 25.454 25.404 25.386 25.445 25.567
20.258 20.097 19.843 19.559 19.447 20.275 21.548 19.165 19.907 20.985 21.584 20.958 20.314 21.116 20.173 20.986 22.049 24.780 24.994 24.813 22.846 24.436 24.952 24.856 24.713 24.633 24.598 24.592 24.617 24.613 24.530 24.343 24.476 24.556 24.609 24.657 24.655 24.660 24.670 24.691 24.585 24.598 24.683 24.762 24.840 25.034 25.333 25.638 25.986 26.151 26.153 25.950 26.153 26.511 25.831 25.791 25.387 25.110 24.101 24.396 24.686 24.926 25.094 25.134 25.031 25.046 25.002 24.805 24.834 24.996 25.203
19.923 19.728 19.443 18.946 18.277 20.455 22.643 21.858 20.645 21.577 22.389 21.061 21.130 21.447 22.838 22.630 23.812 24.808 24.530 24.383 20.974 24.022 24.751 24.611 24.433 24.348 24.277 24.219 24.147 24.047 23.891 23.945 23.957 23.964 23.918 23.889 23.867 23.818 23.770 23.788 23.677 23.677 23.746 23.779 24.054 24.335 24.690 25.086 25.448 25.467 25.869 25.123 26.236 26.065 25.476 25.105 24.814 25.148 24.106 23.370 24.255 24.366 24.463 24.436 24.362 24.392 24.325 24.019 23.952 24.211 24.518
19.827 19.488 19.293 18.786 17.881 18.189 21.008 20.907 20.315 21.371 22.137 21.508 20.119 18.841 21.524 23.793 24.363 24.435 23.673 20.429 20.212 24.054 24.486 24.207 23.832 23.737 23.663 23.605 23.488 23.378 23.205 23.255 23.251 23.060 22.926 22.908 22.780 22.718 22.611 22.563 22.434 22.472 22.374 22.693 22.968 23.384 23.920 24.480 24.464 24.958 25.272 25.124 24.291 24.403 24.339 24.265 24.170 24.811 22.434 21.884 23.448 23.505 23.574 23.501 23.397 23.443 23.445 23.233 22.982 23.170 23.502
19.684 19.299 19.000 18.704 18.072 16.910 19.141 18.896 18.389 20.476 21.794 21.341 20.682 22.210 23.239 23.520 24.064 23.720 23.166 20.172 21.681 23.462 23.900 23.462 23.222 22.897 22.801 22.705 22.615 22.492 22.427 22.296 22.178 22.006 21.840 21.730 21.579 21.451 21.212 21.214 21.048 21.023 21.005 21.360 21.625 22.079 22.930 24.341 23.920 23.803 23.457 23.051 22.502 21.765 21.513 22.023 22.383 23.068 22.299 21.901 21.697 22.333 22.610 22.491 22.348 22.369 22.253 21.876 22.054 22.124 22.349
19.437 19.135 18.720 18.225 17.936 16.699 16.855 19.331 19.145 19.705 20.113 20.112 20.025 22.187 24.326 23.226 23.245 23.067 22.742 20.727 22.734 22.956 22.964 22.690 22.345 22.002 21.839 21.726 21.693 21.577 21.311 21.153 20.956 20.787 20.615 20.500 20.387 20.148 19.844 19.857 19.494 19.414 19.464 19.860 20.287 20.727 22.426 22.381 21.820 22.164 22.548 21.959 20.777 19.509 19.431 21.185 21.939 22.036 21.509 20.477 20.329 20.692 21.574 21.584 21.348 21.251 21.295 21.246 21.085 21.060 21.118
18.981 18.781 18.496 18.141 17.993 17.134 16.246 19.218 19.355 19.666 18.462 17.355 16.775 19.343 22.846 22.287 22.160 22.103 22.470 22.167 22.046 21.650 21.548 21.397 21.027 20.742 20.537 20.457 20.459 20.322 19.922 19.836 19.709 19.532 19.350 19.029 18.766 18.546 18.486 18.328 17.706 17.741 17.828 18.324 18.797 19.277 20.721 20.700 20.322 20.476 20.413 19.581 17.868 17.758 19.238 20.485 20.900 20.670 20.100 19.199 18.471 18.623 20.098 20.593 20.273 20.086 19.938 19.822 19.687 19.661 19.750
18.209 17.977 17.839 17.773 17.640 17.259 16.221 18.130 18.939 18.668 17.011 16.239 14.486 19.344 21.535 21.192 21.093 20.899 20.855 20.700 20.492 19.981 19.443 19.044 19.137 18.852 18.858 18.570 18.787 18.780 18.608 18.315 18.027 17.318 16.221 15.629 15.531 15.533 15.897 15.931 15.529 15.656 16.461 16.979 17.343 17.919 18.853 18.955 18.131 18.469 18.411 18.721 17.788 17.695 18.345 19.449 19.467 19.614 19.482 18.727 18.379 16.020 18.614 19.614 19.268 18.882 18.630 18.323 18.200 18.218 18.297
16.990 16.868 16.926 16.964 16.886 16.842 16.627 16.274 17.752 17.033 16.344 15.232 16.723 20.040 20.061 19.661 19.547 19.310 19.154 18.997 18.591 17.516 17.471 17.345 17.460 17.387 17.186 16.751 16.497 17.050 16.905 16.236 14.754 14.044 13.954 13.925 13.834 13.737 13.583 13.583 13.610 13.761 14.671 15.452 15.714 16.342 17.272 17.379 16.761 16.968 17.806 18.532 17.878 17.435 17.392 17.572 17.054 17.644 17.398 16.885 16.265 14.449 18.159 18.540 18.284 17.927 17.578 17.228 16.965 16.775 16.792
15.162 15.118 15.292 15.606 15.638 15.830 16.061 16.039 16.640 17.262 17.874 18.299 18.316 18.388 18.219 17.832 17.742 17.565 17.395 16.696 15.956 15.923 16.074 15.916 15.529 15.478 14.877 14.387 14.357 14.942 14.471 13.043 12.247 12.173 12.171 11.999 11.822 11.728 11.710 11.691 11.726 11.925 12.447 13.222 13.782 14.557 15.575 15.773 15.836 15.883 15.781 14.784 14.603 14.622 15.286 16.378 15.990 16.367 15.968 14.841 13.269 15.826 17.328 17.261 17.002 16.683 16.297 15.968 15.541 15.192 15.086
13.379 13.375 13.309 13.401 13.638 14.081 14.605 15.239 15.806 16.299 16.564 16.817 16.705 16.545 16.302 16.208 16.048 15.776 15.421 14.705 14.404 14.410 14.222 14.007 13.822 14.000 13.777 13.379 13.050 12.037 11.450 10.888 11.090 11.323 10.840 10.148 9.970 10.019 10.347 10.343 10.166 10.425 10.900 11.248 11.744 12.287 12.985 13.393 13.373 13.077 12.909 12.889 12.955 13.096 13.270 13.621 14.014 14.202 13.666 12.520 11.411 14.530 15.517 15.552 15.411 15.113 14.747 14.449 14.080 13.773 13.331
10.913 11.107 11.057 11.161 11.353 11.837 12.531 13.319 14.077 14.252 14.356 14.122 13.861 13.747 13.702 13.399 13.291 13.095 12.849 12.906 12.961 12.837 12.897 12.773 12.884 12.856 12.730 12.235 11.631 10.658 9.967 10.681 11.212 11.103 10.851 10.348 9.708 9.458 9.294 8.624 8.690 9.191 9.512 9.594 9.775 9.986 10.405 10.843 10.795 10.746 10.770 10.828 11.014 11.173 11.273 11.647 12.062 12.627 12.751 12.295 12.685 13.012 13.310 13.365 13.248 12.985 12.728 12.647 12.645 12.630 11.745
8.427 8.522 8.551 8.548 8.583 8.938 9.392 10.094 10.646 10.585 10.633 10.525 10.483 10.588 10.406 10.345 10.219 9.969 9.768 9.875 9.905 9.814 10.197 10.519 10.969 11.161 11.081 10.701 10.362 9.859 9.332 8.851 8.926 9.246 9.232 8.908 8.741 8.630 8.421 8.115 8.214 8.226 8.057 7.962 7.911 7.914 7.988 8.201 8.418 8.677 8.769 8.685 8.796 9.174 9.308 9.603 10.050 10.519 10.721 9.934 10.805 11.266 11.331 11.272 11.197 11.050 11.016 11.080 11.311 9.975 9.544
6.372 6.156 6.109 5.792 5.909 5.941 6.210 6.388 6.463 6.701 6.760 6.849 6.976 7.109 6.999 6.858 6.833 6.562 6.469 6.476 6.432 6.383 6.728 7.360 8.015 8.500 8.694 8.344 8.021 7.985 7.875 7.748 7.388 7.084 6.869 6.684 6.761 6.676 6.467 6.421 6.447 6.463 6.382 6.415 6.470 6.434 6.405 6.374 6.554 6.932 7.047 7.048 7.100 7.283 7.377 7.633 8.070 8.419 8.854 9.136 9.330 9.344 9.211 9.133 9.190 9.249 9.466 9.289 6.794 6.467 8.926
3.967 3.859 3.644 3.169 2.879 2.773 2.906 3.136 3.290 3.295 3.180 3.340 3.752 3.895 3.882 3.805 3.917 4.018 3.993 3.904 3.734 3.645 3.781 4.088 4.557 4.969 5.129 4.913 4.768 4.790 4.874 4.965 4.869 4.713 4.730 4.841 4.655 4.089 3.964 3.776 3.666 3.783 4.044 4.082 4.150 4.285 4.355 4.490 4.488 4.780 5.186 5.324 5.437 5.637 5.712 5.697 6.084 6.400 6.635 6.945 7.016 7.030 6.992 7.038 7.195 7.508 7.949 7.392 6.066 7.637 7.705
1.432 1.374 1.275 1.056 0.813 0.610 0.518 0.551 0.497 0.498 0.428 0.635 1.025 1.263 1.405 1.449 1.515 1.723 1.849 1.866 1.803 1.711 1.570 1.550 1.731 1.948 2.112 2.078 1.887 1.989 1.764 1.633 1.657 1.700 1.851 1.771 1.567 1.750 1.942 1.472 1.198 1.377 1.516 1.444 1.310 1.558 1.848 2.063 2.212 2.366 2.875 3.185 3.398 3.612 3.773 3.828 3.898 4.243 4.366 4.541 4.742 4.862 4.948 5.108 5.298 5.645 5.977 6.223 6.173 5.824 5.609
-1.212 -1.207 -1.311 -1.495 -1.704 -1.889 -1.936 -1.960 -1.989 -2.037 -1.996 -1.835 -1.549 -1.215 -0.976 -0.803 -0.605 -0.515 -0.466 -0.402 -0.388 -0.425 -0.598 -0.755 -0.699 -0.583 -0.361 -0.248 -0.305 -0.370 -0.779 -1.120 -1.282 -1.283 -1.209 -1.072 -1.039 -0.822 -0.761 -1.053 -1.387 -1.373 -1.254 -1.197 -1.224 -1.280 -1.048 -0.821 -0.534 -0.256 0.147 0.626 0.987 1.077 1.087 1.412 1.547 1.712 1.862 2.017 2.321 2.589 2.814 2.990 3.240 3.549 3.844 4.042 4.165 4.013 3.803
-3.764 -3.797 -3.868 -3.994 -4.187 -4.323 -4.313 -4.252 -4.240 -4.199 -4.087 -3.875 -3.539 -3.194 -2.919 -2.681 -2.591 -2.562 -2.631 -2.702 -2.641 -2.656 -2.812 -2.924 -2.936 -2.732 -2.570 -2.515 -2.623 -2.826 -3.293 -3.748 -4.110 -4.194 -4.000 -3.713 -3.610 -3.434 -3.543 -3.761 -3.814 -3.675 -3.723 -3.827 -3.874 -3.995 -3.732 -3.406 -3.103 -2.790 -2.451 -2.076 -1.820 -1.636 -1.461 -1.148 -1.056 -0.996 -0.888 -0.685 -0.352 0.041 0.359 0.481 0.600 1.099 1.559 1.909 2.026 1.996 1.896
-6.006 -6.074 -6.148 -6.236 -6.319 -6.282 -6.194 -6.024 -5.919 -5.786 -5.436 -5.075 -4.755 -4.501 -4.332 -4.112 -4.109 -4.132 -4.164 -4.398 -4.534 -4.690 -4.934 -5.061 -5.174 -5.110 -5.047 -5.053 -5.135 -5.355 -5.739 -6.169 -6.490 -6.565 -6.463 -6.203 -6.060 -6.033 -6.052 -6.117 -6.225 -6.266 -6.279 -6.228 -6.184 -6.164 -6.026 -5.779 -5.607 -5.310 -5.105 -4.893 -4.744 -4.480 -4.114 -3.866 -3.673 -3.658 -3.700 -3.557 -3.317 -2.952 -2.501 -2.289 -2.254 -1.869 -1.090 -0.549 -0.233 -0.130 -0.150
-8.135 -8.151 -8.188 -8.326 -8.294 -8.060 -7.881 -7.723 -7.496 -7.109 -6.773 -6.491 -6.165 -6.193 -6.224 -6.111 -6.229 -6.289 -6.442 -6.768 -7.013 -7.303 -7.691 -8.050 -8.202 -8.082 -8.081 -7.991 -8.164 -8.536 -8.916 -9.279 -9.455 -9.481 -9.399 -8.983 -8.733 -8.805 -9.046 -9.062 -8.977 -8.909 -8.734 -8.602 -8.414 -8.244 -8.093 -7.996 -7.767 -7.640 -7.517 -7.327 -7.168 -7.034 -6.736 -6.632 -6.611 -6.371 -6.370 -6.474 -6.307 -6.105 -5.831 -5.400 -5.209 -4.937 -4.230 -3.618 -3.210 -2.954 -2.890
-10.046 -9.893 -9.797 -10.070 -10.088 -9.774 -9.617 -9.368 -9.124 -8.993 -8.821 -8.588 -8.495 -8.573 -8.543 -8.616 -8.676 -8.869 -9.215 -9.562 -10.039 -10.689 -11.293 -11.767 -12.083 -12.032 -12.118 -12.115 -12.288 -12.359 -12.452 -12.498 -12.389 -12.380 -12.423 -12.392 -12.255 -12.276 -12.323 -12.307 -12.142 -11.904 -11.572 -11.304 -11.087 -10.856 -10.566 -10.472 -10.216 -10.088 -9.905 -9.706 -9.531 -9.452 -9.483 -9.566 -9.717 -9.666 -9.702 -9.822 -9.813 -9.769 -9.616 -9.041 -8.666 -8.425 -7.932 -7.552 -7.218 -6.870 -6.428
-12.202 -12.036 -11.861 -11.790 -11.836 -11.941 -12.020 -11.907 -11.800 -11.680 -11.587 -11.549 -11.626 -11.694 -11.792 -12.091 -12.111 -12.428 -12.944 -13.235 -13.915 -14.589 -15.075 -15.714 -16.221 -16.213 -16.591 -16.772 -16.907 -16.889 -16.849 -16.696 -16.521 -16.347 -16.338 -16.530 -16.604 -16.553 -16.537 -16.584 -16.476 -16.217 -15.702 -15.226 -14.847 -14.641 -14.536 -14.475 -14.093 -13.680 -13.506 -13.499 -13.432 -13.461 -13.692 -13.868 -14.104 -14.129 -14.100 -14.222 -14.175 -14.042 -13.951 -13.689 -13.597 -13.367 -12.905 -12.489 -12.088 -11.655 -11.248
-15.058 -14.642 -14.600 -14.605 -14.430 -14.648 -14.967 -14.942 -14.888 -14.723 -14.715 -14.749 -14.770 -14.778 -14.838 -14.830 -15.011 -15.442 -15.731 -16.589 -17.695 -21.249 -24.394 -21.905 -20.428 -20.766 -21.105 -20.982 -21.035 -21.287 -20.786 -20.499 -19.683 -19.124 -20.329 -21.365 -21.598 -21.560 -21.851 -23.804 -23.334 -23.537 -23.663 -21.385 -19.238 -20.597 -20.980 -19.106 -17.985 -18.482 -19.400 -19.931 -19.651 -21.728 -22.680 -22.147 -22.029 -20.558 -19.431 -18.647 -18.301 -18.409 -18.256 -17.894 -17.897 -17.482 -17.228 -16.475 -16.386 -16.070 -15.554
-18.399 -18.037 -17.511 -17.269 -16.948 -16.946 -17.423 -17.346 -17.031 -16.931 -16.982 -16.923 -16.857 -17.482 -18.998 -18.321 -17.676 -20.849 -25.785 -28.193 -29.441 -32.593 -34.874 -34.270 -33.917 -32.951 -31.546 -28.956 -27.138 -25.464 -23.203 -21.869 -23.772 -27.451 -29.604 -30.923 -31.874 -33.141 -34.247 -34.812 -34.496 -34.547 -35.233 -34.811 -33.177 -31.428 -30.233 -29.524 -29.430 -30.503 -32.167 -32.910 -33.069 -34.066 -35.581 -35.974 -35.104 -32.558 -29.538 -27.397 -26.549 -25.513 -25.439 -24.246 -22.683 -21.303 -21.413 -20.782 -20.260 -19.925 -19.733
