data-raw/tempfiles/19_grid_data_19000BP.asc
ncols 144
nrows 72
xllcorner -180
yllcorner -90
cellsize 2.5
nodata_value -9999
[rows 0 to 31 of 72, columns 0 to 70 of 144]
-28.603 -28.834 -28.927 -28.978 -28.954 -28.936 -28.965 -29.011 -29.074 -29.191 -29.222 -29.228 -29.252 -29.267 -29.240 -29.254 -29.216 -29.192 -29.218 -29.096 -29.066 -28.954 -28.918 -28.888 -28.792 -28.541 -28.282 -28.244 -28.198 -28.009 -28.147 -28.096 -28.160 -28.426 -28.576 -28.700 -28.401 -28.475 -28.542 -28.350 -28.388 -28.408 -28.351 -28.400 -28.332 -28.359 -28.331 -28.433 -28.305 -28.274 -28.148 -28.113 -27.947 -27.787 -27.675 -27.720 -27.617 -27.593 -27.605 -27.646 -27.729 -27.792 -27.942 -28.098 -28.086 -28.336 -28.107 -27.916 -28.117 -28.328 -28.426
-27.366 -27.531 -27.586 -27.628 -27.624 -27.577 -27.507 -27.441 -27.392 -27.391 -27.358 -27.332 -27.381 -27.420 -27.519 -27.644 -27.763 -27.905 -28.107 -28.234 -28.358 -28.408 -28.593 -28.761 -28.886 -28.986 -29.019 -29.133 -29.277 -29.383 -29.481 -29.505 -29.581 -29.641 -29.620 -29.554 -29.267 -29.170 -29.124 -28.937 -28.835 -28.793 -28.680 -28.655 -28.599 -28.593 -28.572 -28.590 -28.634 -28.637 -28.577 -28.568 -28.473 -28.373 -28.260 -28.224 -28.133 -28.028 -27.994 -27.952 -27.889 -27.840 -27.823 -27.742 -27.608 -27.605 -27.607 -27.497 -27.431 -27.330 -27.207
-25.477 -25.503 -25.636 -25.781 -25.941 -25.892 -25.912 -26.022 -26.137 -26.277 -26.413 -26.479 -26.529 -26.589 -26.746 -26.874 -27.033 -27.131 -27.325 -27.517 -27.720 -27.915 -28.121 -28.400 -28.682 -28.926 -29.116 -29.394 -29.714 -30.025 -30.252 -30.459 -30.721 -30.832 -30.936 -30.834 -30.486 -29.929 -30.181 -30.451 -30.084 -30.088 -30.016 -29.896 -29.729 -29.447 -29.133 -29.061 -29.140 -29.142 -29.063 -28.961 -29.026 -29.313 -29.633 -30.296 -31.081 -31.378 -31.430 -31.426 -30.706 -29.796 -28.229 -27.436 -27.294 -27.387 -27.403 -27.163 -26.853 -26.544 -26.266
-24.526 -24.453 -24.576 -24.726 -24.849 -24.994 -25.038 -25.095 -25.165 -25.220 -25.295 -25.426 -25.464 -25.603 -25.869 -26.090 -26.364 -26.674 -27.038 -27.463 -27.813 -28.306 -28.797 -29.259 -29.727 -30.274 -30.809 -31.191 -31.667 -32.312 -32.316 -32.362 -32.735 -33.345 -36.040 -36.204 -36.305 -35.437 -35.677 -36.149 -35.807 -35.806 -35.793 -34.936 -33.152 -32.037 -31.874 -32.952 -33.127 -33.200 -33.251 -33.156 -33.542 -34.200 -34.541 -35.115 -35.208 -34.640 -34.533 -34.384 -33.808 -33.310 -32.529 -30.904 -30.292 -27.609 -26.110 -25.468 -24.518 -23.636 -22.886
-23.423 -23.269 -23.260 -23.287 -23.217 -23.269 -23.289 -23.388 -23.442 -23.451 -23.483 -23.602 -23.780 -24.025 -24.404 -24.781 -25.170 -25.648 -26.278 -26.997 -27.585 -28.315 -28.936 -29.450 -29.929 -30.625 -31.628 -32.778 -32.825 -33.029 -33.923 -34.084 -33.300 -34.265 -36.705 -37.135 -36.076 -34.999 -35.664 -37.653 -36.333 -33.405 -31.049 -30.847 -31.598 -31.662 -32.725 -33.676 -34.508 -35.324 -36.241 -37.040 -37.840 -38.619 -39.119 -39.173 -38.699 -37.711 -36.285 -34.409 -32.220 -30.088 -28.500 -27.350 -25.239 -23.857 -22.428 -22.206 -20.539 -18.775 -17.015
-21.712 -21.590 -21.461 -21.385 -21.375 -21.329 -21.271 -21.197 -21.195 -21.205 -21.239 -21.277 -21.467 -21.666 -22.116 -22.583 -23.166 -23.715 -24.450 -25.222 -25.758 -26.290 -26.862 -27.511 -28.450 -28.807 -29.714 -30.134 -30.723 -30.524 -30.769 -31.720 -32.264 -32.288 -32.832 -33.468 -34.713 -36.670 -37.561 -37.412 -34.419 -32.060 -31.151 -30.529 -30.508 -29.539 -28.466 -28.135 -28.746 -29.965 -32.065 -34.415 -35.992 -37.300 -38.106 -38.405 -38.135 -37.522 -36.657 -35.386 -33.280 -30.249 -27.463 -24.882 -21.237 -20.196 -18.926 -17.023 -14.557 -12.093 -9.775
-20.120 -19.927 -19.596 -19.170 -18.861 -18.383 -18.293 -18.216 -18.555 -18.335 -18.197 -18.085 -18.237 -18.430 -18.704 -18.845 -19.043 -19.369 -19.939 -20.621 -20.943 -20.933 -22.585 -22.964 -23.771 -23.696 -23.298 -24.022 -24.454 -25.104 -25.109 -26.616 -28.445 -28.524 -31.290 -31.426 -32.319 -33.182 -34.247 -34.768 -34.252 -32.894 -32.054 -31.224 -30.743 -29.460 -27.993 -25.740 -22.868 -22.327 -24.093 -28.225 -31.223 -33.505 -35.022 -36.092 -36.809 -37.022 -36.211 -33.929 -30.747 -27.370 -24.995 -22.130 -18.469 -16.076 -14.033 -11.400 -9.257 -7.666 -6.174
-16.997 -15.928 -15.252 -14.810 -14.166 -13.676 -13.305 -13.379 -13.887 -14.098 -13.566 -12.868 -12.513 -12.686 -12.826 -13.637 -13.784 -13.817 -14.015 -14.691 -14.822 -15.109 -16.453 -16.651 -16.528 -18.015 -18.567 -19.721 -20.454 -20.987 -21.013 -22.043 -24.040 -26.006 -27.696 -27.130 -29.776 -32.227 -33.663 -34.522 -34.354 -34.768 -34.406 -32.891 -30.343 -28.969 -27.766 -24.853 -21.696 -18.493 -18.190 -20.203 -24.299 -28.491 -30.973 -32.710 -34.271 -34.791 -33.149 -29.432 -26.083 -23.717 -21.416 -17.306 -14.837 -12.223 -10.056 -7.433 -5.592 -3.866 -2.515
-13.357 -10.947 -9.552 -8.702 -7.777 -7.233 -8.026 -9.391 -8.679 -8.473 -8.517 -8.391 -8.215 -7.752 -7.371 -7.547 -7.710 -7.307 -7.495 -7.963 -8.946 -10.282 -11.846 -13.335 -13.197 -13.493 -15.250 -17.275 -18.142 -18.663 -19.411 -19.707 -20.491 -21.730 -23.638 -25.495 -26.338 -27.823 -30.232 -30.248 -30.911 -31.632 -31.657 -32.184 -30.391 -27.515 -25.542 -22.920 -19.739 -15.656 -13.896 -14.194 -18.793 -24.179 -27.707 -29.675 -30.845 -29.858 -25.011 -22.471 -19.961 -16.322 -12.935 -10.697 -8.991 -7.217 -5.618 -4.178 -2.873 -1.449 -0.082
-7.943 -6.367 -5.345 -3.766 -1.806 -0.747 -0.839 -0.918 -0.186 0.825 0.726 0.703 0.653 1.036 0.676 -0.493 -2.709 -3.559 -3.864 -4.592 -5.794 -7.380 -9.542 -11.890 -13.842 -15.163 -16.965 -18.531 -19.450 -20.286 -20.654 -21.235 -21.687 -22.463 -23.780 -25.288 -26.309 -27.347 -29.161 -29.634 -30.636 -30.991 -30.599 -29.690 -28.261 -26.002 -23.827 -18.972 -15.099 -10.884 -9.672 -13.367 -18.280 -23.122 -25.493 -23.198 -19.189 -17.372 -12.255 -8.081 -6.683 -5.429 -5.453 -6.309 -6.876 -5.410 -2.639 -1.083 -0.350 0.488 1.390
-1.436 0.385 0.463 1.010 2.287 3.387 3.891 4.109 5.173 6.125 5.753 4.518 4.058 3.302 1.975 1.404 0.508 -1.521 -3.769 -6.611 -9.176 -9.474 -9.805 -11.886 -14.257 -16.701 -19.429 -21.262 -22.154 -22.616 -22.735 -22.806 -22.772 -23.048 -23.706 -24.282 -24.938 -26.582 -28.305 -29.143 -29.809 -29.891 -29.317 -29.017 -28.785 -25.966 -19.097 -14.801 -10.862 -7.396 -5.471 -7.524 -16.376 -23.039 -22.052 -12.152 -6.316 -5.657 -5.320 -3.680 -2.154 -0.991 -0.582 -1.453 -3.544 -2.084 0.511 1.487 1.789 2.059 2.362
3.064 4.034 4.779 4.958 4.460 4.931 5.369 5.430 5.860 6.890 5.002 6.826 5.856 5.200 3.096 -0.850 -1.698 -1.214 -3.179 -6.043 -8.877 -11.487 -12.130 -13.744 -16.492 -18.386 -20.785 -22.656 -24.798 -25.630 -25.952 -26.084 -25.618 -25.138 -24.961 -25.031 -25.776 -27.019 -28.393 -29.536 -30.272 -31.525 -31.363 -29.404 -26.604 -22.695 -17.465 -13.319 -9.374 -6.253 -4.511 -3.710 -7.708 -11.591 -11.820 -3.274 -1.947 -1.168 0.032 0.896 1.870 2.480 3.073 3.471 3.833 3.951 3.854 3.705 3.469 3.122 2.690
7.166 7.634 7.440 7.659 7.363 7.436 7.767 7.540 7.712 7.780 9.261 11.360 11.706 12.206 11.879 10.371 6.998 2.804 -0.690 -4.579 -7.602 -10.701 -12.059 -14.062 -17.060 -20.025 -22.340 -23.933 -26.249 -27.720 -28.374 -28.445 -28.244 -27.320 -26.804 -26.938 -27.599 -28.671 -29.854 -30.716 -31.132 -31.822 -31.554 -30.132 -27.172 -23.990 -20.791 -14.802 -10.378 -6.730 -3.784 -1.725 -0.354 -0.025 -0.330 0.440 0.860 1.350 2.245 3.037 3.886 4.537 5.243 5.568 5.634 5.483 5.185 4.612 3.984 2.839 1.497
9.040 9.441 9.501 9.492 9.684 9.799 10.086 9.984 9.803 10.429 11.229 11.988 12.321 12.200 12.218 11.829 10.989 9.257 6.542 0.301 -4.848 -8.962 -11.585 -13.399 -15.806 -18.736 -21.523 -23.851 -26.216 -28.093 -29.303 -29.630 -29.698 -29.170 -28.358 -28.433 -29.125 -29.701 -30.635 -31.472 -31.467 -30.919 -31.220 -30.012 -27.628 -25.257 -22.120 -17.184 -12.650 -8.792 -4.861 -1.493 1.582 2.791 3.192 3.267 3.215 3.514 3.972 4.564 5.361 6.032 6.677 7.253 7.263 6.981 6.517 5.649 4.456 2.841 0.273
9.319 9.675 9.824 9.901 9.979 10.138 10.372 10.575 10.893 11.267 11.620 11.859 11.968 12.180 12.314 12.144 11.528 10.356 8.975 6.852 1.108 -4.510 -7.985 -13.151 -16.895 -17.994 -19.726 -22.641 -24.861 -26.570 -28.002 -29.144 -30.659 -30.586 -30.590 -30.254 -29.910 -29.561 -29.425 -31.099 -30.847 -30.022 -30.114 -29.994 -28.566 -26.167 -22.950 -18.313 -14.239 -10.658 -6.957 -2.445 1.417 3.641 4.695 4.928 4.760 4.656 4.787 5.277 5.969 6.688 7.396 7.921 8.166 8.076 7.608 6.599 4.306 3.116 1.541
8.338 8.686 8.831 9.069 9.198 9.383 9.550 9.753 10.029 10.472 10.916 11.176 11.329 11.469 11.601 11.690 11.490 11.119 9.918 8.544 6.047 -1.148 -6.727 -9.533 -13.941 -18.181 -17.369 -18.845 -21.505 -23.524 -26.017 -27.569 -28.109 -29.007 -29.770 -30.135 -30.181 -29.701 -28.971 -29.085 -28.969 -28.325 -28.111 -27.109 -25.117 -22.960 -20.355 -17.043 -13.601 -9.753 -7.389 -3.329 0.492 3.446 5.459 6.530 6.756 6.631 6.514 6.790 7.263 7.754 8.347 8.792 9.102 9.177 8.890 8.139 6.918 5.768 4.132
7.167 7.557 7.766 7.990 8.133 8.250 8.426 8.676 8.953 9.395 9.860 10.178 10.472 10.701 10.904 11.125 11.244 11.271 11.004 10.064 8.696 5.960 2.484 -3.571 -6.358 -9.864 -12.723 -13.172 -15.323 -17.827 -21.046 -23.460 -25.133 -25.700 -26.514 -27.623 -28.035 -28.274 -28.440 -28.321 -27.797 -26.975 -25.707 -23.514 -20.382 -17.658 -15.322 -13.105 -10.934 -7.643 -5.270 -3.264 -0.280 2.603 5.350 7.278 8.253 8.390 8.251 8.373 8.539 8.807 9.137 9.492 9.800 10.012 10.069 9.846 9.258 8.450 7.268
6.231 6.731 6.986 7.233 7.447 7.610 7.748 7.929 8.174 8.500 8.882 9.231 9.474 9.756 10.035 10.402 10.770 11.121 11.447 11.505 10.940 9.422 7.320 3.097 2.145 -2.502 -7.057 -8.901 -9.072 -10.326 -14.073 -17.667 -19.994 -21.483 -21.924 -22.586 -22.928 -23.397 -24.696 -25.019 -24.870 -23.590 -21.916 -20.404 -17.268 -14.131 -11.009 -9.038 -7.033 -5.143 -3.770 -2.133 0.163 2.808 5.616 7.752 8.787 9.134 9.328 9.407 9.540 9.634 9.693 9.888 10.131 10.529 10.828 10.964 10.809 10.428 9.694
6.176 6.639 6.967 7.225 7.472 7.633 7.761 7.920 8.170 8.420 8.701 9.083 9.326 9.546 9.733 10.079 10.589 11.188 11.859 12.267 11.947 11.043 9.128 4.570 3.202 2.074 -1.876 -5.060 -6.497 -7.371 -8.765 -11.249 -14.349 -16.735 -17.355 -17.308 -17.905 -18.691 -19.127 -19.594 -19.577 -18.468 -17.447 -15.604 -13.446 -11.271 -8.864 -6.447 -4.018 -2.028 -0.369 0.689 2.267 4.551 6.830 8.295 8.961 9.241 9.546 9.684 9.762 9.781 9.911 10.218 10.699 11.330 11.675 11.840 11.204 9.719 9.906
7.137 7.358 7.621 7.955 8.182 8.355 8.431 8.558 8.731 8.955 9.241 9.539 9.789 9.949 10.113 10.458 10.951 11.654 12.306 12.890 12.722 11.737 10.125 6.565 5.805 3.730 3.949 -0.613 -2.348 -5.819 -4.523 -6.964 -9.451 -11.367 -12.291 -12.384 -12.561 -13.201 -13.406 -12.960 -13.384 -11.144 -10.329 -9.216 -8.009 -5.613 -3.030 -0.623 1.374 2.906 4.017 4.774 5.638 6.902 8.012 8.779 9.174 9.375 9.648 9.701 9.845 9.855 10.352 10.918 11.780 12.552 12.973 12.988 11.558 9.358 8.390
9.167 8.986 9.177 9.324 9.473 9.632 9.725 9.843 9.956 10.117 10.350 10.616 10.852 11.034 11.278 11.651 12.098 12.700 13.245 13.644 13.520 12.522 12.183 11.045 5.904 4.901 4.237 2.411 0.650 -5.034 -1.234 -1.962 -4.120 -6.085 -6.904 -7.359 -7.034 -7.197 -7.029 -6.687 -4.776 -0.830 -0.245 0.389 1.849 3.030 3.986 5.326 6.424 7.249 7.969 8.463 8.827 9.329 9.744 10.051 10.267 10.309 10.301 10.106 9.960 10.235 11.219 12.424 13.567 14.341 14.686 14.481 14.138 12.799 10.357
12.190 11.776 11.740 11.668 11.638 11.587 11.593 11.619 11.707 11.848 12.041 12.255 12.442 12.673 12.964 13.304 13.724 14.188 14.573 14.843 14.747 13.784 12.265 13.180 10.585 12.131 9.129 5.729 4.073 0.901 2.921 3.192 1.397 -0.198 -2.479 -2.126 -1.670 -1.987 -2.010 -0.055 3.880 5.206 7.657 9.247 10.115 10.540 10.470 10.631 10.973 11.351 11.675 11.976 12.217 12.387 12.528 12.636 12.579 12.484 12.357 12.122 12.044 12.458 13.376 14.614 15.662 16.226 16.285 15.840 15.242 14.534 12.847
15.127 14.623 14.471 14.375 14.155 14.027 13.937 13.867 13.972 14.033 14.185 14.411 14.470 14.701 14.987 15.217 15.525 15.863 16.072 16.174 15.977 15.179 13.835 13.033 13.647 14.998 16.051 10.933 6.472 7.977 7.928 7.977 7.551 5.524 4.113 4.055 3.636 4.121 5.387 7.447 9.994 12.087 13.737 14.806 15.193 15.820 15.612 15.559 15.594 15.680 15.790 15.790 15.867 15.927 15.829 15.678 15.555 15.348 15.119 15.034 15.012 15.538 16.303 17.112 17.759 17.838 17.609 16.973 16.140 14.281 12.825
17.830 17.388 17.163 16.986 16.720 16.523 16.477 16.452 16.488 16.576 16.709 16.916 17.001 17.104 17.265 17.344 17.459 17.594 17.612 17.536 17.248 16.635 15.744 14.980 14.469 15.599 18.631 15.172 12.155 12.988 12.497 12.272 11.529 10.326 9.672 9.008 9.688 10.068 10.847 12.774 15.524 17.109 17.805 18.328 18.689 19.518 19.561 19.648 19.696 19.683 19.574 19.458 19.267 19.145 18.936 18.671 18.436 18.247 18.063 18.048 18.230 18.473 18.946 19.200 19.386 19.114 18.447 17.426 15.714 13.740 16.769
20.068 19.728 19.423 19.151 18.917 18.801 18.755 18.749 18.808 18.912 19.080 19.243 19.301 19.354 19.347 19.270 19.213 19.166 18.999 18.735 18.278 17.755 17.131 16.693 16.176 15.847 18.635 18.468 12.469 12.553 15.053 15.930 15.981 14.076 13.499 13.555 14.468 14.918 15.883 16.690 19.047 20.457 20.908 21.380 21.135 22.198 22.541 22.545 22.507 22.363 22.064 21.762 21.603 21.378 21.090 20.776 20.534 20.383 20.257 20.218 20.343 20.499 20.766 20.858 20.670 19.884 19.014 18.416 18.603 19.680 19.891
21.976 21.666 21.408 21.162 21.007 20.947 20.884 20.894 20.981 21.083 21.211 21.256 21.267 21.183 20.995 20.799 20.627 20.452 20.138 19.638 19.030 18.425 17.989 17.725 17.535 17.104 18.589 20.082 17.517 12.528 17.118 17.812 19.309 18.490 17.869 18.214 18.952 19.613 19.973 19.996 21.753 22.735 23.112 23.572 22.784 23.368 24.240 24.241 24.200 23.964 23.604 23.228 23.097 22.927 22.734 22.498 22.256 22.103 21.965 21.898 22.010 22.070 21.975 21.937 21.251 20.105 20.338 19.789 19.649 20.329 20.450
23.425 23.195 23.036 22.930 22.832 22.794 22.764 22.800 22.933 23.064 22.948 22.741 22.567 22.346 22.093 21.809 21.564 21.307 20.881 20.339 19.600 18.910 18.463 18.383 18.412 18.511 18.934 20.801 21.315 17.190 14.533 15.379 19.034 20.731 21.001 21.468 22.154 22.821 22.845 22.894 23.610 24.243 24.625 24.857 24.354 24.025 25.133 25.293 25.156 24.856 24.605 24.303 24.105 23.977 23.936 23.764 23.563 23.381 23.163 23.009 22.948 22.715 22.341 21.882 20.568 20.568 21.752 21.707 21.899 22.187 22.087
24.678 24.440 24.298 24.235 24.171 24.139 24.173 24.209 24.319 24.153 23.983 23.613 23.334 23.106 22.825 22.569 22.252 21.924 21.508 20.953 20.288 19.692 19.319 19.324 19.533 19.927 20.416 21.215 22.075 21.326 16.291 14.601 16.943 20.821 22.341 23.151 23.388 24.118 24.251 24.236 24.385 24.500 25.315 25.424 24.958 24.691 25.589 25.845 25.810 25.500 25.341 25.181 24.976 24.663 24.535 24.575 24.474 24.225 23.924 23.595 23.312 22.839 22.281 21.458 20.066 22.417 23.778 23.361 23.315 23.358 23.579
25.184 24.942 24.871 24.858 24.805 24.705 24.676 24.656 24.660 24.101 24.029 23.813 23.555 23.312 23.085 22.842 22.513 22.228 21.918 21.492 21.056 20.669 20.486 20.528 20.771 21.410 22.004 22.728 23.264 23.360 20.574 18.404 16.069 19.690 23.190 23.786 23.157 24.938 25.312 25.557 25.778 25.584 25.977 23.952 24.879 25.208 26.071 26.185 26.118 26.053 25.750 25.530 25.356 25.063 24.917 24.875 24.798 24.479 24.102 23.690 23.301 22.690 22.066 21.484 20.663 23.602 26.883 25.708 25.172 24.392 24.475
25.227 25.071 25.009 24.923 24.822 24.680 24.550 24.431 24.319 24.171 23.968 23.701 23.507 23.300 23.121 22.866 22.603 22.424 22.231 22.064 21.948 21.891 21.908 22.107 22.431 22.909 23.415 23.929 24.339 24.682 25.212 24.936 23.310 21.525 22.852 20.641 23.037 24.026 25.319 25.922 26.204 26.316 26.197 25.418 25.481 26.251 26.508 26.191 26.150 26.127 25.868 25.704 25.327 25.093 24.869 24.651 24.570 24.326 23.976 23.600 23.255 22.760 22.290 22.081 21.969 25.258 27.596 27.834 26.817 25.380 25.122
25.190 25.011 24.940 24.851 24.744 24.603 24.456 24.312 24.142 24.024 23.892 23.727 23.574 23.418 23.305 23.085 22.946 22.867 22.797 22.800 22.829 22.919 23.100 23.329 23.629 23.924 24.274 24.662 25.104 25.434 25.840 25.977 25.907 25.586 25.598 23.637 23.128 22.526 24.891 26.190 26.369 26.201 25.667 25.731 26.485 26.795 26.636 26.199 25.987 25.954 25.843 25.731 25.432 25.065 24.862 24.510 24.411 24.271 23.963 23.646 23.412 23.194 22.963 22.872 22.945 25.151 26.690 26.735 25.751 25.550 25.473
25.342 25.079 24.989 24.884 24.773 24.699 24.614 24.547 24.443 24.237 24.117 24.026 23.853 23.768 23.723 23.534 23.503 23.493 23.405 23.470 23.558 23.601 23.806 23.976 24.167 24.396 24.653 24.855 25.245 25.595 25.788 25.865 25.835 25.868 26.085 26.032 25.836 25.067 24.659 26.193 26.052 25.022 24.194 25.748 24.867 25.558 25.913 25.899 25.891 25.806 25.705 25.605 25.404 25.076 24.867 24.516 24.399 24.280 24.050 23.861 23.673 23.579 23.494 23.406 23.759 24.492 23.953 24.346 24.529 24.512 24.958
