data-raw/tempfiles/19_grid_data_19000BP.asc
ncols 144
nrows 72
xllcorner -180
yllcorner -90
cellsize 2.5
nodata_value -9999
[rows 32 to 63 of 72, columns 0 to 70 of 144]
25.516 25.214 25.162 25.107 25.026 24.948 24.931 24.860 24.805 24.675 24.570 24.477 24.393 24.301 24.234 24.168 24.149 24.102 24.054 24.050 24.082 24.096 24.138 24.273 24.440 24.576 24.698 24.821 25.020 25.238 25.324 25.404 25.497 25.629 25.751 25.701 25.634 25.616 24.434 24.571 24.587 23.877 23.651 21.710 24.315 25.367 25.341 24.701 25.023 25.297 25.378 25.386 25.370 25.196 25.074 24.818 24.652 24.365 24.281 24.182 24.117 24.114 24.105 24.085 24.388 24.871 24.936 23.417 22.516 23.445 24.174
25.657 25.438 25.363 25.306 25.237 25.172 25.126 25.116 25.146 25.063 24.916 24.827 24.755 24.659 24.592 24.535 24.513 24.436 24.350 24.281 24.262 24.213 24.150 24.226 24.349 24.483 24.561 24.624 24.689 24.734 24.784 24.873 25.011 25.145 25.212 25.254 25.347 25.455 25.480 25.252 24.154 20.555 18.865 21.948 23.905 20.943 22.196 21.964 23.249 24.599 24.899 25.106 25.176 25.115 25.059 24.916 24.789 24.544 24.450 24.483 24.531 24.546 24.501 24.463 24.653 24.995 25.480 24.539 23.368 23.531 23.947
25.638 25.587 25.536 25.546 25.464 25.400 25.435 25.487 25.581 25.546 25.286 25.075 25.041 24.939 24.764 24.802 24.712 24.524 24.500 24.385 24.183 24.121 24.009 23.945 24.034 24.084 24.135 24.246 24.237 24.242 24.230 24.262 24.383 24.536 24.667 24.771 24.885 24.837 24.729 24.527 23.886 20.322 20.870 23.354 23.134 21.184 21.378 23.694 23.684 24.018 24.232 24.463 25.055 25.019 25.117 25.065 24.850 24.621 24.510 24.612 24.717 24.643 24.497 24.349 24.372 24.497 24.789 24.805 24.570 24.410 24.594
25.674 25.727 25.688 25.639 25.545 25.447 25.416 25.522 25.637 25.531 25.245 25.019 24.854 24.754 24.651 24.615 24.513 24.285 24.143 24.051 23.844 23.642 23.463 23.342 23.255 23.283 23.273 23.353 23.422 23.353 23.281 23.237 23.247 23.207 23.285 23.422 23.592 23.576 23.652 23.564 20.925 20.126 22.857 23.107 23.490 23.221 23.549 24.412 23.945 24.541 24.863 24.502 25.108 25.153 25.268 25.166 25.021 24.833 24.701 24.726 24.669 24.487 24.258 24.033 23.901 23.896 24.070 24.182 24.279 24.257 24.287
25.924 25.900 25.908 25.877 25.767 25.653 25.587 25.627 25.661 25.565 25.382 25.205 25.042 24.925 24.895 24.833 24.688 24.516 24.370 24.222 24.073 23.857 23.593 23.349 23.170 23.043 22.978 23.003 23.046 23.008 22.888 22.714 22.613 22.447 22.371 22.301 22.497 22.331 22.316 22.246 17.314 22.932 23.681 24.030 24.140 23.930 23.720 24.546 24.841 25.649 26.445 26.680 25.930 25.252 25.294 25.372 25.223 25.077 24.892 24.825 24.715 24.510 24.240 23.946 23.704 23.606 23.565 23.578 23.676 23.712 23.646
26.170 26.039 26.148 26.108 25.956 25.863 25.782 25.768 25.758 25.606 25.475 25.390 25.248 25.186 25.233 25.068 24.914 24.815 24.648 24.501 24.409 24.193 24.014 23.857 23.594 23.451 23.360 23.180 23.132 23.130 22.952 22.803 22.696 22.450 22.315 22.194 22.169 21.942 21.485 21.748 19.481 23.199 23.832 24.347 24.583 23.291 23.766 24.670 25.733 25.535 25.483 26.073 25.798 24.777 26.154 26.155 25.707 25.518 25.141 25.025 24.950 24.729 24.462 24.153 23.913 23.778 23.644 23.546 23.525 23.521 23.420
26.271 26.061 26.276 26.324 26.100 25.952 25.951 25.897 25.824 25.694 25.596 25.536 25.492 25.433 25.371 25.196 25.063 24.915 24.813 24.676 24.524 24.393 24.227 24.114 23.991 23.803 23.652 23.469 23.331 23.173 22.960 22.740 22.598 22.406 22.175 21.978 21.904 21.827 21.397 21.448 18.346 21.812 23.564 24.478 25.080 24.329 24.072 24.086 24.878 24.447 23.888 24.340 25.123 25.046 25.395 25.607 26.123 25.134 25.112 25.163 25.070 24.849 24.582 24.306 24.048 23.866 23.632 23.299 23.098 23.030 22.928
26.277 26.077 26.360 26.449 26.211 26.080 26.084 26.068 25.938 25.709 25.579 25.543 25.556 25.553 25.432 25.233 25.078 24.972 24.899 24.767 24.608 24.420 24.236 24.113 24.017 23.900 23.783 23.624 23.386 23.099 22.826 22.550 22.273 21.975 21.626 21.358 21.308 21.372 21.063 20.259 17.382 17.342 22.946 22.661 23.703 24.226 24.653 24.016 23.771 23.417 23.138 23.564 24.687 24.412 24.799 24.550 24.283 22.978 25.012 25.102 24.978 24.732 24.429 24.130 23.836 23.545 23.204 22.734 22.285 22.181 22.127
26.052 25.823 26.056 26.211 26.071 26.033 26.023 25.950 25.823 25.623 25.531 25.548 25.636 25.650 25.516 25.349 25.186 25.034 24.961 24.809 24.620 24.423 24.223 24.026 23.939 23.807 23.658 23.540 23.258 22.957 22.653 22.263 21.828 21.452 21.026 20.709 20.534 20.498 20.328 20.044 18.993 12.387 18.837 22.083 22.877 23.694 23.527 23.393 22.876 23.138 23.299 23.607 23.747 22.102 23.036 21.736 23.114 24.301 25.031 24.885 24.631 24.361 24.032 23.688 23.300 22.912 22.544 22.078 21.653 21.283 21.101
25.603 25.410 25.541 25.553 25.557 25.545 25.557 25.531 25.442 25.340 25.371 25.466 25.561 25.582 25.474 25.332 25.171 24.939 24.739 24.615 24.476 24.272 24.075 23.888 23.685 23.497 23.287 23.074 22.872 22.590 22.243 21.881 21.425 20.988 20.487 19.895 19.516 19.467 19.594 19.473 18.952 16.429 9.638 10.001 19.025 23.103 22.578 22.324 21.830 22.777 22.875 23.375 22.191 20.900 21.577 20.143 23.014 24.863 24.884 24.561 24.200 23.857 23.492 23.094 22.687 22.406 22.091 21.629 21.105 20.667 20.371
24.966 24.869 24.938 24.848 24.755 24.790 24.889 24.964 24.924 24.899 24.978 25.080 25.135 25.140 25.095 25.011 24.841 24.540 24.328 24.191 24.093 23.922 23.746 23.535 23.358 23.133 22.876 22.618 22.329 22.077 21.799 21.419 20.878 20.339 20.000 19.350 19.147 19.023 18.878 18.757 18.494 18.531 16.034 9.290 8.674 17.840 21.764 21.917 22.799 23.525 22.517 22.264 20.451 20.368 20.439 20.227 23.117 24.593 24.573 24.230 23.880 23.487 23.079 22.625 22.173 22.026 21.810 21.363 20.928 20.434 20.039
23.945 23.840 23.875 23.799 23.688 23.745 23.927 24.029 24.024 24.012 24.019 24.013 24.045 24.132 24.158 24.221 24.131 23.829 23.581 23.421 23.348 23.263 23.131 23.044 22.914 22.726 22.524 22.257 21.986 21.736 21.172 20.645 20.071 20.105 19.976 19.580 19.072 18.886 18.596 18.490 18.261 18.063 17.910 17.220 7.513 9.397 18.344 22.065 22.746 23.158 21.977 21.332 20.597 19.474 19.659 21.432 23.046 23.995 23.971 23.719 23.440 23.105 22.729 22.279 21.816 21.733 21.666 21.238 20.897 20.472 20.075
22.668 22.494 22.445 22.390 22.373 22.475 22.586 22.626 22.654 22.659 22.655 22.627 22.705 22.836 22.949 23.060 23.044 22.794 22.526 22.400 22.359 22.354 22.303 22.248 22.173 22.084 21.960 21.796 21.578 21.296 20.544 20.055 19.875 19.942 19.726 19.387 18.999 18.710 18.417 18.114 17.878 17.546 16.983 17.104 9.606 5.759 17.612 21.940 22.160 20.985 21.387 21.464 20.242 18.509 18.777 21.760 22.992 23.358 23.132 22.936 22.719 22.472 22.231 21.908 21.428 21.325 21.254 21.035 20.775 20.447 19.973
21.172 21.052 20.999 20.978 20.989 21.031 21.062 21.046 21.085 21.142 21.131 21.172 21.292 21.401 21.459 21.553 21.534 21.413 21.295 21.221 21.199 21.215 21.195 21.155 21.083 21.074 21.055 21.092 20.976 20.465 19.979 19.691 19.646 19.514 19.257 18.916 18.609 18.379 18.107 17.809 17.507 17.003 16.348 16.733 8.985 4.914 19.114 21.286 20.614 19.437 19.502 18.708 18.602 19.882 21.403 22.173 22.291 22.251 22.013 21.849 21.780 21.655 21.507 21.305 20.975 20.755 20.709 20.533 20.337 20.112 19.692
19.553 19.517 19.512 19.541 19.549 19.544 19.543 19.491 19.470 19.510 19.565 19.620 19.716 19.777 19.794 19.858 19.839 19.794 19.819 19.814 19.805 19.819 19.803 19.762 19.764 19.753 19.920 20.039 19.763 19.160 19.402 19.115 18.979 18.719 18.478 18.134 17.903 17.666 17.472 17.128 16.947 16.348 15.616 15.970 3.510 8.570 19.262 20.073 19.532 18.420 17.286 16.105 18.867 20.277 20.957 21.063 20.900 20.778 20.627 20.565 20.558 20.524 20.409 20.293 20.091 19.818 19.710 19.607 19.438 19.297 19.043
18.017 18.057 18.085 18.089 18.031 18.043 18.021 17.971 17.944 17.922 17.948 17.981 18.039 18.059 18.062 18.101 18.078 18.112 18.147 18.151 18.172 18.163 18.136 18.159 18.193 18.246 18.609 18.611 18.064 17.998 18.051 17.943 17.762 17.486 17.370 17.075 16.903 16.668 16.471 16.207 16.166 15.646 14.944 13.867 5.716 15.664 18.630 18.367 17.919 17.625 16.476 15.995 18.487 19.614 19.705 19.486 19.317 19.250 19.158 19.148 19.119 19.118 19.054 18.956 18.821 18.613 18.429 18.321 18.330 18.348 18.209
16.672 16.692 16.677 16.606 16.540 16.498 16.439 16.403 16.374 16.356 16.326 16.321 16.343 16.368 16.354 16.353 16.335 16.357 16.410 16.398 16.365 16.342 16.326 16.332 16.379 16.629 17.076 16.829 16.568 16.580 16.470 16.348 16.288 16.145 16.058 15.811 15.674 15.517 15.446 15.395 15.343 14.845 14.123 11.091 10.497 16.882 16.278 16.401 16.197 15.806 16.125 17.533 18.039 18.365 18.156 17.815 17.646 17.569 17.562 17.623 17.589 17.539 17.496 17.464 17.370 17.200 17.093 16.944 16.781 16.630 16.869
15.241 15.324 15.231 15.106 14.972 14.905 14.859 14.790 14.727 14.712 14.660 14.592 14.556 14.550 14.518 14.551 14.529 14.536 14.541 14.471 14.372 14.357 14.290 14.289 14.468 14.749 15.014 14.671 14.272 14.408 14.491 14.465 14.542 14.450 14.424 14.323 14.227 14.160 14.207 14.222 14.169 13.819 13.105 10.517 10.071 14.672 15.021 14.552 14.766 14.784 15.474 16.171 16.863 16.854 16.588 16.312 16.104 15.980 15.902 15.861 15.811 15.730 15.652 15.691 15.654 15.551 15.524 15.326 15.153 14.968 14.950
13.823 13.910 13.780 13.647 13.477 13.370 13.267 13.190 13.129 13.076 12.995 12.920 12.799 12.756 12.746 12.771 12.758 12.734 12.707 12.634 12.541 12.442 12.335 12.493 12.324 12.622 12.507 12.398 12.292 12.000 12.264 12.471 12.548 12.654 12.570 12.599 12.697 12.713 12.729 12.726 12.779 12.358 11.764 9.083 10.822 14.048 13.208 12.486 13.189 13.661 14.163 14.891 15.496 15.313 15.015 14.753 14.555 14.333 14.199 14.048 13.902 13.772 13.717 13.709 13.741 13.699 13.617 13.382 13.158 13.020 12.994
12.476 12.643 12.444 12.285 12.055 11.897 11.761 11.654 11.574 11.482 11.400 11.286 11.160 11.038 10.955 10.950 10.968 10.967 10.955 10.907 10.796 10.677 10.655 10.623 10.224 10.213 10.278 10.234 10.170 9.756 10.302 10.538 10.625 10.729 10.778 10.893 11.013 11.171 11.318 11.337 11.293 11.075 10.102 7.054 12.011 13.216 12.511 12.400 12.123 11.409 12.183 13.303 13.621 13.338 13.041 12.832 12.626 12.430 12.297 12.140 11.927 11.776 11.698 11.673 11.650 11.594 11.521 11.362 11.101 10.830 10.633
10.839 11.084 10.879 10.690 10.453 10.239 10.087 9.951 9.863 9.762 9.650 9.536 9.398 9.274 9.161 9.092 9.084 9.077 9.033 8.996 8.891 8.772 8.672 8.457 8.405 8.271 8.452 8.190 8.280 8.213 8.621 8.720 8.755 8.809 8.858 9.049 9.188 9.417 9.671 9.729 9.623 9.382 8.287 5.532 7.862 10.931 11.744 10.838 9.724 9.241 9.974 11.059 11.103 10.669 10.379 10.123 9.952 9.847 9.789 9.741 9.660 9.544 9.527 9.449 9.388 9.287 9.265 9.196 8.885 8.482 8.226
8.729 9.117 9.072 8.941 8.721 8.475 8.338 8.208 8.115 8.039 7.945 7.790 7.656 7.524 7.431 7.329 7.261 7.203 7.128 7.083 7.005 6.948 6.897 6.661 6.588 6.557 6.414 6.385 6.544 6.803 6.991 7.048 6.983 6.940 7.012 7.179 7.409 7.680 7.950 7.990 7.967 7.758 6.167 3.817 7.717 10.149 9.328 8.277 7.558 7.587 8.363 8.791 8.632 8.141 7.804 7.578 7.421 7.263 7.196 7.129 7.066 7.049 7.093 7.119 7.075 6.858 6.726 6.654 6.494 6.227 6.185
6.450 6.843 6.949 6.911 6.777 6.620 6.516 6.415 6.336 6.243 6.144 6.012 5.896 5.798 5.710 5.615 5.556 5.467 5.379 5.302 5.281 5.248 5.239 5.038 5.129 4.893 4.748 4.920 5.200 5.334 5.322 5.272 5.191 5.226 5.340 5.455 5.664 5.953 6.148 6.201 6.173 5.860 2.296 2.017 6.324 7.474 7.122 6.402 5.824 5.931 6.472 6.650 6.383 5.967 5.753 5.643 5.441 5.189 4.969 4.739 4.585 4.544 4.602 4.712 4.707 4.431 4.132 3.923 3.781 3.722 3.728
4.818 5.109 5.283 5.262 5.157 5.088 5.017 4.981 4.904 4.793 4.697 4.577 4.429 4.309 4.198 4.123 4.101 4.042 3.954 3.905 3.849 3.748 3.734 3.396 3.335 3.290 3.403 3.671 3.681 3.704 3.650 3.639 3.644 3.659 3.783 3.893 3.999 4.265 4.525 4.643 4.600 4.046 -0.912 1.248 5.428 6.061 5.426 5.006 4.488 4.346 4.339 4.176 3.952 3.680 3.461 3.391 3.189 2.935 2.725 2.467 2.215 2.152 2.164 2.281 2.324 2.149 1.805 1.452 1.151 1.018 1.046
3.235 3.423 3.508 3.444 3.339 3.328 3.311 3.312 3.293 3.204 3.068 2.912 2.758 2.632 2.573 2.530 2.486 2.437 2.403 2.362 2.314 1.977 1.773 1.811 1.606 1.462 1.863 2.006 1.961 1.999 1.966 1.997 2.050 2.041 2.050 2.165 2.338 2.567 2.793 2.957 2.938 2.875 0.151 1.590 3.536 3.611 3.511 3.389 3.230 2.598 2.056 1.697 1.394 1.038 0.685 0.499 0.352 0.246 0.101 -0.108 -0.241 -0.291 -0.247 -0.100 -0.113 -0.224 -0.504 -0.900 -1.312 -1.523 -1.657
1.576 1.655 1.652 1.565 1.418 1.350 1.337 1.300 1.250 1.119 0.901 0.666 0.445 0.347 0.361 0.358 0.338 0.304 0.264 0.272 0.190 0.095 0.154 -0.034 -0.147 0.001 0.119 0.146 0.177 0.216 0.239 0.238 0.112 0.130 0.167 0.242 0.382 0.536 0.679 0.735 1.009 1.265 0.765 0.021 0.661 1.564 1.642 1.482 1.350 0.788 0.149 -0.289 -0.714 -1.159 -1.574 -1.808 -1.928 -2.113 -2.212 -2.547 -2.745 -2.776 -2.700 -2.582 -2.558 -2.601 -2.810 -3.085 -3.511 -3.810 -4.071
-0.583 -0.677 -0.756 -0.887 -1.032 -1.167 -1.245 -1.364 -1.566 -1.756 -2.060 -2.398 -2.680 -2.793 -2.731 -2.597 -2.518 -2.537 -2.652 -2.757 -2.764 -2.657 -2.493 -2.368 -2.332 -2.276 -2.233 -2.178 -2.150 -2.150 -2.123 -2.152 -2.232 -2.260 -2.242 -2.194 -2.089 -1.968 -1.820 -1.625 -1.306 -0.855 -0.663 -0.574 -0.545 -0.530 -0.992 -1.385 -1.709 -2.100 -2.625 -3.011 -3.404 -3.669 -3.902 -3.991 -3.990 -4.075 -4.339 -4.739 -5.093 -5.244 -5.023 -4.864 -4.880 -5.016 -5.227 -5.504 -5.814 -6.118 -6.405
-3.334 -3.648 -3.643 -3.696 -3.844 -3.972 -4.087 -4.332 -4.569 -4.867 -5.194 -5.485 -5.765 -5.879 -5.831 -5.739 -5.730 -5.827 -5.859 -5.855 -5.709 -5.550 -5.262 -5.119 -5.049 -4.966 -4.896 -4.782 -4.795 -4.807 -4.783 -4.761 -4.766 -4.683 -4.617 -4.526 -4.365 -4.165 -3.917 -3.685 -3.413 -3.220 -2.979 -2.810 -2.959 -3.239 -3.909 -4.415 -4.973 -5.474 -6.031 -6.447 -6.836 -6.909 -7.053 -7.068 -7.067 -7.194 -7.407 -7.627 -7.907 -7.983 -7.596 -7.521 -7.718 -8.007 -8.307 -8.520 -8.619 -8.687 -8.673
-6.301 -6.636 -6.622 -6.696 -6.819 -6.950 -7.142 -7.423 -7.658 -7.833 -8.335 -8.522 -8.867 -9.037 -9.121 -9.222 -8.974 -8.617 -8.464 -8.421 -8.330 -8.174 -7.880 -7.662 -7.545 -7.400 -7.343 -7.330 -7.413 -7.382 -7.344 -7.300 -7.180 -7.030 -6.911 -6.704 -6.457 -6.149 -5.853 -5.646 -5.458 -5.527 -5.541 -5.618 -5.976 -6.381 -6.804 -7.420 -8.321 -9.221 -10.013 -10.632 -11.195 -11.460 -11.345 -10.558 -10.410 -10.321 -10.316 -10.409 -10.557 -10.566 -10.472 -10.532 -10.683 -10.894 -10.981 -10.986 -10.979 -10.875 -10.714
-10.016 -10.178 -10.158 -10.123 -10.254 -10.445 -10.699 -11.030 -11.146 -11.258 -11.483 -11.692 -11.875 -11.881 -11.766 -11.555 -11.330 -11.183 -11.033 -10.912 -10.781 -10.431 -10.040 -9.860 -9.729 -9.614 -9.593 -9.618 -9.574 -9.521 -9.444 -9.267 -9.075 -8.925 -8.761 -8.536 -8.279 -8.019 -7.853 -7.797 -7.794 -8.011 -8.183 -8.620 -9.208 -9.562 -10.562 -12.715 -13.548 -13.496 -13.940 -14.674 -15.335 -15.715 -15.230 -13.938 -13.189 -13.041 -12.935 -12.922 -13.037 -13.122 -13.216 -13.525 -13.835 -13.836 -13.631 -13.563 -13.484 -13.337 -13.041
-14.809 -14.410 -14.214 -14.061 -14.018 -14.026 -14.090 -14.204 -14.265 -14.294 -14.423 -14.481 -14.421 -14.284 -14.138 -14.083 -14.074 -13.935 -13.719 -13.597 -13.534 -13.469 -13.454 -13.411 -13.227 -13.013 -12.949 -12.911 -12.842 -12.621 -12.327 -12.076 -11.827 -11.646 -11.521 -11.415 -11.282 -11.143 -11.180 -11.128 -11.253 -11.420 -11.445 -11.783 -12.531 -15.591 -16.894 -16.857 -15.735 -16.855 -17.471 -18.027 -18.269 -18.513 -18.377 -17.774 -17.110 -16.784 -16.232 -16.026 -16.050 -16.098 -16.213 -16.553 -16.779 -16.969 -16.684 -16.535 -16.483 -16.191 -15.940
-19.280 -18.281 -17.806 -17.421 -17.189 -16.956 -16.856 -16.869 -16.854 -16.860 -16.907 -16.896 -16.828 -16.781 -16.686 -16.606 -16.486 -16.377 -16.342 -16.456 -16.607 -16.733 -16.776 -16.727 -16.519 -16.350 -16.362 -16.440 -16.341 -16.094 -15.833 -15.542 -15.239 -15.081 -14.970 -14.987 -14.967 -15.034 -15.133 -15.060 -15.040 -15.246 -15.471 -16.537 -17.188 -20.455 -20.456 -19.681 -18.959 -19.847 -20.071 -20.273 -20.732 -21.171 -21.278 -21.336 -21.291 -21.045 -20.453 -20.190 -20.043 -19.826 -19.622 -19.586 -19.523 -19.559 -19.555 -19.499 -19.306 -19.285 -19.080
