data-raw/tempfiles/19_grid_data_19000BP.asc
ncols 144
nrows 72
xllcorner -180
yllcorner -90
cellsize 2.5
nodata_value -9999
[rows 0 to 31 of 72, columns 71 to 141 of 144]
-28.775 -29.075 -29.271 -29.592 -29.524 -29.524 -28.881 -28.511 -28.185 -28.257 -28.415 -28.235 -27.928 -28.097 -28.136 -28.181 -28.203 -28.061 -28.068 -28.028 -28.052 -28.268 -28.440 -28.516 -28.400 -28.472 -28.624 -28.478 -28.511 -28.483 -28.748 -28.709 -28.775 -28.576 -28.723 -28.764 -28.960 -29.025 -29.091 -29.099 -28.826 -28.641 -28.481 -28.578 -28.617 -28.685 -28.711 -28.769 -28.809 -28.841 -28.872 -28.827 -28.844 -28.739 -28.721 -28.776 -28.802 -28.797 -28.799 -28.804 -28.865 -28.868 -28.831 -28.854 -28.874 -28.900 -28.864 -28.811 -28.815 -28.824 -28.800
-27.156 -27.139 -27.082 -27.037 -26.954 -26.984 -27.002 -27.083 -27.213 -27.346 -27.610 -27.693 -27.676 -27.967 -28.243 -28.392 -28.568 -28.614 -28.684 -28.842 -29.003 -29.145 -29.298 -29.368 -29.455 -29.491 -29.599 -29.624 -29.649 -29.620 -29.624 -29.575 -29.614 -29.639 -29.656 -29.566 -29.531 -29.481 -29.423 -29.379 -29.290 -29.256 -29.191 -29.121 -29.053 -28.959 -28.833 -28.749 -28.646 -28.547 -28.471 -28.337 -28.280 -28.132 -28.014 -28.009 -27.975 -27.856 -27.778 -27.718 -27.674 -27.602 -27.522 -27.473 -27.466 -27.441 -27.412 -27.408 -27.412 -27.419 -27.430
-25.985 -25.803 -25.603 -25.434 -25.403 -25.410 -25.411 -25.680 -25.991 -26.190 -26.625 -27.229 -27.323 -27.733 -28.407 -28.714 -29.083 -29.479 -29.795 -30.138 -30.429 -30.593 -30.718 -30.879 -31.000 -31.021 -31.086 -31.122 -31.164 -31.197 -31.204 -31.167 -31.098 -31.013 -30.901 -30.788 -30.653 -30.516 -30.378 -30.230 -30.093 -29.857 -29.652 -29.439 -29.258 -29.048 -28.825 -28.624 -28.411 -28.240 -28.107 -27.888 -27.787 -27.706 -27.447 -27.314 -27.260 -27.029 -26.880 -26.800 -26.654 -26.525 -26.445 -26.336 -26.246 -26.146 -26.066 -25.960 -25.726 -25.656 -25.651
-21.808 -20.860 -19.994 -19.360 -19.447 -19.620 -20.824 -21.921 -23.300 -24.151 -25.117 -25.934 -26.793 -27.525 -28.417 -28.966 -29.548 -30.044 -30.302 -30.807 -31.252 -31.261 -31.215 -31.204 -31.671 -31.766 -31.873 -32.378 -32.531 -32.661 -32.238 -32.192 -32.204 -32.683 -32.438 -32.129 -31.817 -31.801 -32.898 -31.875 -30.780 -30.603 -30.749 -30.414 -30.129 -29.647 -29.243 -28.846 -28.419 -28.081 -27.829 -27.577 -27.285 -27.023 -26.825 -26.630 -26.449 -26.186 -26.007 -25.826 -25.504 -25.308 -25.123 -24.843 -24.576 -24.282 -24.189 -24.246 -24.343 -24.409 -24.486
-15.012 -13.493 -12.153 -11.613 -12.165 -14.068 -17.494 -21.007 -22.979 -23.750 -24.806 -25.368 -26.266 -27.278 -28.240 -28.972 -29.613 -30.194 -30.437 -30.616 -31.094 -31.043 -30.791 -30.427 -30.623 -30.814 -30.687 -31.014 -31.404 -31.663 -31.497 -31.473 -31.639 -32.217 -32.572 -32.319 -31.952 -31.761 -32.221 -32.410 -31.477 -32.803 -32.617 -30.984 -30.367 -30.466 -30.042 -29.494 -28.976 -28.410 -27.958 -27.604 -27.258 -26.827 -26.647 -26.467 -26.268 -25.991 -25.741 -25.596 -25.266 -24.955 -24.748 -24.475 -24.134 -23.695 -23.311 -23.142 -23.290 -23.389 -23.427
-8.325 -7.447 -7.110 -7.277 -7.884 -8.991 -10.524 -13.408 -16.595 -19.942 -21.897 -22.906 -23.804 -24.821 -25.977 -27.066 -27.880 -28.399 -28.709 -28.936 -29.205 -29.402 -29.301 -29.394 -29.734 -29.760 -29.837 -29.801 -29.587 -29.530 -29.809 -30.117 -30.437 -30.717 -30.869 -30.813 -30.829 -30.832 -31.125 -31.069 -30.985 -31.636 -32.173 -31.587 -31.599 -32.218 -30.750 -29.812 -29.372 -28.784 -28.015 -27.406 -27.050 -26.750 -26.450 -26.385 -27.060 -26.565 -26.059 -25.266 -25.064 -24.829 -24.442 -24.119 -23.678 -23.142 -22.240 -21.878 -21.876 -21.965 -21.926
-4.999 -4.252 -4.062 -4.463 -5.242 -6.393 -7.804 -9.094 -11.232 -14.395 -16.773 -18.066 -19.324 -20.553 -21.963 -23.407 -24.600 -25.445 -26.008 -26.585 -27.269 -28.136 -29.667 -31.061 -30.301 -29.506 -28.921 -28.594 -28.555 -28.681 -28.528 -28.699 -29.000 -29.884 -30.352 -30.277 -30.641 -30.747 -30.861 -30.659 -30.301 -29.809 -29.466 -29.308 -29.274 -29.304 -29.313 -29.145 -28.673 -27.987 -27.390 -27.171 -26.417 -25.959 -25.857 -25.686 -25.681 -25.793 -25.332 -24.931 -24.784 -24.454 -24.117 -23.877 -23.528 -23.189 -22.604 -21.795 -21.140 -20.700 -20.420
-1.340 -0.621 -0.430 -0.856 -1.458 -2.594 -3.711 -4.990 -6.424 -9.174 -12.081 -14.224 -16.083 -16.656 -17.943 -19.550 -21.124 -22.571 -23.965 -25.252 -26.402 -27.828 -29.738 -29.825 -29.453 -29.026 -28.396 -28.073 -29.109 -28.939 -27.665 -28.359 -28.903 -28.750 -28.465 -28.015 -27.691 -27.693 -27.745 -27.644 -27.570 -27.612 -27.751 -28.038 -28.136 -27.674 -27.176 -26.712 -26.418 -26.440 -26.531 -26.638 -25.913 -24.777 -25.087 -24.698 -24.327 -24.547 -24.195 -24.046 -23.969 -23.422 -22.854 -22.593 -22.335 -21.275 -20.771 -20.224 -19.364 -18.522 -18.007
0.977 1.533 1.562 1.067 0.407 -0.452 -1.786 -5.863 -10.468 -12.572 -13.506 -14.424 -15.628 -16.454 -17.333 -18.069 -18.656 -20.421 -22.717 -24.185 -25.537 -26.356 -27.009 -27.409 -27.578 -27.952 -27.992 -27.089 -26.935 -27.005 -25.714 -25.991 -26.063 -26.013 -25.595 -25.135 -25.325 -26.294 -27.346 -27.611 -27.141 -26.022 -25.479 -25.942 -26.444 -26.172 -25.312 -24.647 -24.577 -24.131 -23.503 -23.923 -24.550 -23.285 -22.915 -22.454 -23.229 -22.610 -21.211 -20.793 -20.983 -20.491 -19.736 -18.879 -18.516 -18.190 -18.370 -18.282 -17.153 -16.576 -16.887
2.087 2.392 2.156 1.552 0.576 -1.064 -6.871 -10.139 -11.311 -11.197 -11.856 -13.068 -14.216 -14.927 -15.648 -16.758 -18.068 -19.521 -20.622 -21.657 -23.058 -23.608 -24.038 -23.983 -24.304 -24.650 -24.413 -23.955 -23.632 -23.517 -23.563 -23.783 -23.326 -22.688 -22.321 -21.696 -21.970 -22.586 -23.193 -24.022 -24.071 -23.682 -23.316 -23.463 -23.738 -23.994 -23.927 -23.441 -23.037 -22.429 -21.561 -22.345 -22.686 -21.082 -20.662 -20.170 -20.620 -20.051 -19.328 -19.063 -17.743 -16.717 -17.038 -16.603 -16.467 -16.144 -15.560 -15.294 -14.636 -13.401 -11.947
2.496 2.338 1.855 0.244 -2.362 -6.146 -9.595 -10.446 -10.711 -10.698 -11.442 -12.379 -13.058 -13.589 -14.120 -15.266 -15.985 -17.018 -18.014 -18.885 -19.608 -19.750 -19.533 -19.440 -20.588 -19.945 -19.357 -19.316 -19.577 -19.935 -20.223 -20.269 -19.936 -19.270 -18.821 -18.529 -18.999 -19.578 -19.469 -19.612 -19.719 -19.887 -19.996 -20.474 -20.963 -21.540 -21.720 -21.331 -21.108 -20.593 -19.796 -19.392 -19.539 -19.135 -18.626 -18.010 -18.426 -17.933 -17.526 -17.227 -16.574 -15.800 -15.449 -15.076 -15.016 -13.631 -12.554 -11.457 -10.117 -8.846 -7.559
2.128 1.520 0.378 -6.167 -10.385 -10.310 -11.157 -10.952 -10.464 -11.690 -12.782 -12.683 -12.493 -12.429 -13.009 -13.930 -14.836 -15.351 -15.473 -15.467 -15.388 -15.188 -14.810 -14.546 -15.146 -13.869 -13.790 -14.170 -14.747 -15.328 -15.933 -16.023 -15.903 -15.981 -15.890 -15.524 -15.078 -15.339 -15.816 -16.090 -15.963 -16.075 -16.540 -16.994 -17.808 -18.412 -18.492 -18.541 -18.775 -18.895 -18.530 -18.118 -17.667 -17.022 -16.384 -15.901 -15.689 -14.012 -13.167 -12.655 -12.673 -12.796 -12.653 -9.910 -7.371 -7.533 -6.803 -5.809 -4.989 -3.474 0.143
0.462 -0.689 -2.117 -6.206 -7.932 -8.135 -10.024 -10.349 -10.095 -10.418 -11.182 -11.967 -11.787 -11.648 -11.991 -12.004 -12.047 -12.186 -11.933 -11.502 -11.125 -11.020 -10.378 -9.925 -10.386 -9.272 -9.478 -10.409 -11.162 -11.938 -12.415 -12.716 -12.747 -12.632 -12.556 -12.260 -11.835 -11.773 -12.404 -12.649 -12.507 -12.636 -13.468 -14.127 -14.599 -15.768 -17.191 -18.063 -17.480 -17.627 -17.807 -17.723 -16.987 -15.932 -14.572 -13.722 -12.084 -7.559 -5.575 -5.145 -4.622 -4.736 -4.862 -3.332 -3.979 -5.146 -1.188 1.207 2.708 4.135 5.304
0.321 -0.744 -2.151 -3.335 -4.916 -6.146 -7.996 -7.966 -8.092 -8.725 -9.677 -10.157 -10.101 -10.071 -9.810 -9.137 -8.722 -8.370 -7.730 -7.407 -7.095 -6.660 -6.346 -6.160 -6.959 -6.456 -7.020 -7.959 -8.630 -9.442 -9.909 -10.209 -10.145 -9.844 -9.331 -8.775 -8.661 -8.642 -9.018 -9.208 -9.463 -10.192 -10.834 -11.541 -13.357 -15.779 -16.727 -17.376 -18.311 -17.471 -17.192 -16.864 -16.873 -16.640 -14.173 -11.752 -8.590 -5.643 -4.211 -3.202 -2.188 -1.201 -0.424 -2.329 -4.365 -2.374 2.103 3.898 4.947 6.172 7.256
0.927 0.927 0.280 -0.234 -1.126 -2.169 -2.833 -3.771 -4.684 -5.607 -6.635 -7.110 -6.900 -6.647 -6.175 -5.748 -5.266 -4.830 -4.500 -4.169 -3.676 -3.630 -4.109 -4.511 -5.580 -4.883 -5.298 -6.142 -6.751 -6.921 -7.013 -7.167 -7.074 -6.784 -6.276 -6.234 -7.284 -7.166 -8.596 -10.676 -10.718 -8.995 -8.763 -9.789 -10.712 -13.060 -12.882 -13.532 -14.284 -14.449 -13.846 -13.179 -13.290 -13.854 -13.058 -9.902 -7.990 -5.968 -4.397 -2.749 -1.184 0.185 1.142 -0.664 -1.475 2.362 4.017 5.038 6.251 7.238 8.018
3.579 3.677 3.359 2.705 1.797 1.103 0.725 -0.168 -0.858 -1.768 -2.331 -2.704 -2.654 -2.280 -2.011 -1.736 -1.463 -1.411 -1.595 -1.441 -1.415 -1.720 -2.195 -3.180 -3.727 -3.724 -3.915 -4.327 -4.906 -4.742 -4.644 -4.170 -3.769 -4.384 -5.968 -7.715 -10.234 -9.297 -8.794 -9.705 -11.802 -10.921 -8.436 -7.361 -7.800 -8.840 -8.505 -9.508 -10.891 -12.296 -11.962 -11.238 -10.990 -12.426 -13.203 -10.105 -8.642 -6.067 -4.799 -3.343 -1.537 0.045 1.129 1.368 2.454 3.842 4.748 5.568 6.406 7.073 7.652
6.505 5.806 5.661 4.875 4.379 3.297 2.512 2.908 1.747 1.255 0.036 0.480 1.321 1.613 1.935 2.042 2.164 2.335 2.074 1.700 1.142 0.900 0.574 -0.919 -1.755 -1.241 -1.138 -2.187 -2.682 -2.585 -3.348 -3.517 -3.003 -3.053 -3.706 -7.116 -10.874 -9.009 -6.355 -8.864 -9.749 -7.265 -5.561 -6.099 -8.207 -7.085 -5.808 -6.105 -7.935 -9.265 -7.956 -8.809 -8.854 -8.888 -8.329 -8.430 -9.037 -5.111 -4.235 -3.348 -2.000 -0.723 0.261 1.268 2.547 3.537 4.419 5.158 5.711 6.214 6.691
8.774 7.759 6.832 4.427 3.399 2.991 4.074 5.439 6.087 5.402 3.084 3.350 5.635 5.999 6.096 6.571 6.750 6.304 5.424 4.909 3.999 4.167 3.871 2.286 1.272 1.802 2.321 1.991 2.102 1.637 1.469 1.901 1.112 -0.587 -1.114 0.368 -1.100 -5.475 -5.261 -6.077 -6.634 -5.947 -3.559 -3.569 -3.613 -3.738 -4.561 -4.543 -6.449 -5.504 -4.448 -6.029 -6.615 -5.516 -5.629 -7.310 -4.462 -2.179 -2.381 -2.481 -2.135 -1.355 -0.347 0.777 1.906 2.875 3.617 4.134 4.439 4.955 5.554
9.625 8.239 9.230 8.349 10.515 9.542 9.860 8.488 6.361 7.272 7.373 7.797 8.405 8.980 9.102 9.417 9.543 6.542 5.299 6.470 7.146 7.214 6.694 5.700 5.298 6.045 6.368 6.332 5.912 4.834 3.520 2.269 -0.242 -1.805 -2.694 -2.000 0.921 1.086 0.371 0.115 0.169 0.056 -0.277 0.295 0.921 -0.020 -1.517 -3.190 -2.545 -0.730 -2.079 -3.563 -4.501 -2.821 -3.429 -2.051 -0.019 0.174 -0.690 -1.387 -1.467 -0.843 0.117 1.053 1.827 2.399 2.822 3.297 3.529 4.049 4.970
8.741 10.543 12.565 13.088 12.695 13.036 12.057 12.148 11.785 8.607 9.633 10.601 11.054 9.839 8.648 9.681 9.019 6.779 3.918 5.693 8.556 9.766 10.393 9.929 10.079 9.894 10.043 9.149 8.299 3.650 -1.534 -4.454 -1.810 3.064 4.868 4.734 5.614 6.545 5.102 2.015 3.550 4.575 3.705 3.253 2.155 0.895 0.043 0.266 1.104 1.557 -0.158 -2.213 -2.279 1.196 1.412 2.676 3.857 3.383 2.720 1.475 1.487 1.882 2.471 2.927 3.249 3.546 3.897 4.320 4.749 5.160 5.530
10.959 13.918 14.537 14.804 14.635 14.831 14.771 14.646 15.129 12.854 13.969 14.114 11.549 9.264 9.417 7.528 7.883 6.758 3.853 5.540 9.565 11.919 13.436 12.181 12.570 12.793 12.845 9.928 4.981 -3.919 -9.407 0.502 7.971 8.135 8.063 5.849 1.658 0.594 -0.030 -5.674 -4.790 1.818 5.400 5.408 4.801 3.803 4.626 7.467 5.356 3.770 3.147 3.015 4.558 5.789 6.242 6.961 6.856 6.511 7.001 6.612 6.537 6.567 6.507 6.491 6.567 6.736 6.938 7.223 7.487 7.705 7.848
13.872 14.190 14.408 14.538 15.195 16.152 15.769 16.435 16.492 16.009 15.766 16.077 15.516 14.783 14.468 14.904 15.196 15.479 12.969 7.095 6.214 9.561 10.637 10.909 9.516 12.694 11.009 7.693 5.289 -3.781 -7.504 -10.980 -7.458 -3.786 -5.909 -10.462 -10.908 -8.783 -3.635 -2.225 -4.002 -0.933 3.939 5.793 6.970 6.856 8.105 9.193 6.977 6.341 6.622 6.872 7.741 9.422 10.176 9.456 8.259 10.659 11.284 11.307 11.111 11.166 11.021 10.905 10.857 10.960 11.038 11.081 11.192 11.263 11.314
12.840 13.438 15.690 18.542 18.688 18.497 17.693 17.484 17.456 17.339 17.211 17.118 17.458 17.693 18.029 15.351 16.105 17.629 19.294 14.502 8.354 10.003 14.236 15.483 12.556 13.305 7.556 3.529 4.277 12.560 9.078 -4.698 -11.637 -11.046 -8.954 -8.993 -8.799 -8.380 -6.465 -5.441 -4.922 -2.352 2.554 8.108 9.739 10.268 11.359 10.990 10.056 9.116 10.104 10.816 12.037 12.175 12.745 13.331 14.106 14.702 14.992 14.983 14.691 14.800 14.815 14.723 14.706 14.745 14.769 14.810 14.824 14.806 14.777
17.013 17.239 18.660 19.610 19.318 18.805 19.540 19.710 19.268 19.965 19.643 19.035 19.156 19.126 18.763 17.288 17.973 18.919 20.726 21.766 19.648 9.997 11.732 13.425 17.237 17.707 17.224 13.577 12.991 20.623 20.013 14.471 -1.098 -8.074 -7.179 -6.474 -5.771 -5.388 -5.181 -3.986 -2.233 0.201 8.246 13.871 12.032 12.239 13.073 12.464 12.863 12.723 13.599 14.961 16.015 16.012 17.022 17.155 17.162 17.426 17.541 17.570 17.501 17.369 17.761 17.814 17.778 17.811 17.849 17.869 17.855 17.826 17.734
20.080 19.766 19.641 20.318 20.318 19.971 19.961 20.293 20.983 21.371 20.485 20.291 20.372 20.289 19.832 18.573 19.398 19.451 20.566 21.692 22.666 19.771 15.719 14.861 18.741 17.333 19.310 17.357 21.446 24.081 24.188 22.608 20.848 15.161 4.436 -2.124 -2.140 -1.151 4.185 5.455 2.519 4.622 11.814 14.864 14.062 14.330 14.784 14.968 14.552 14.696 16.209 18.135 18.950 19.386 19.504 19.659 19.744 19.694 19.703 19.803 19.865 19.777 20.088 20.237 20.207 20.216 20.250 20.287 20.242 20.206 20.069
20.741 22.011 21.295 19.929 20.435 21.081 20.935 21.213 21.710 21.431 20.771 19.926 20.163 21.470 22.885 22.646 20.835 20.463 21.484 21.808 23.414 23.029 22.924 23.758 23.097 22.071 22.118 22.735 24.436 26.047 24.862 24.946 24.691 23.647 23.157 19.904 17.308 16.031 17.176 16.920 11.099 11.740 12.430 15.259 16.123 16.274 16.734 16.671 17.002 17.964 19.768 20.784 21.085 21.206 21.446 21.770 21.826 21.745 21.723 21.815 21.857 21.979 22.186 22.256 22.185 22.192 22.217 22.275 22.193 22.137 22.023
22.167 22.390 21.568 18.586 19.413 19.783 19.927 21.003 20.848 20.226 20.894 19.569 21.393 22.586 23.973 23.055 24.078 22.708 21.986 22.138 23.867 25.044 24.678 24.722 24.857 23.875 23.657 23.813 24.853 26.435 26.252 26.270 25.413 23.342 22.194 22.071 21.304 20.560 18.860 19.860 15.932 15.585 16.374 19.059 19.571 19.022 19.468 19.579 20.566 20.262 22.741 23.054 23.001 22.947 23.089 23.375 23.527 23.540 23.570 23.583 23.600 23.706 23.874 23.888 23.790 23.713 23.719 23.713 23.649 23.575 23.507
23.704 23.225 22.611 22.621 21.490 21.932 21.994 20.276 18.632 20.887 20.884 20.687 22.193 23.678 25.090 24.711 25.182 22.660 22.695 23.604 25.098 26.163 26.696 27.003 25.769 23.772 23.898 23.989 24.347 25.277 25.895 26.209 25.991 24.644 23.623 23.425 23.488 23.211 20.998 21.084 19.116 19.265 19.139 21.527 21.098 21.911 22.292 22.720 23.608 24.090 24.360 24.386 24.449 24.524 24.592 24.688 24.820 24.926 24.986 24.982 24.997 25.095 25.139 25.119 25.050 24.985 24.951 24.884 24.837 24.712 24.650
24.933 24.590 24.265 24.235 22.077 22.732 23.711 24.282 24.368 23.625 21.831 22.334 23.554 25.203 26.479 25.873 25.543 24.512 20.918 24.084 25.792 25.950 25.893 25.645 24.034 24.074 24.368 24.654 24.919 25.429 24.649 26.063 26.510 24.952 24.317 25.306 24.983 24.888 23.817 23.056 22.364 22.664 21.453 22.589 22.700 23.513 24.591 24.918 25.279 25.225 25.468 25.427 25.556 25.700 25.729 25.679 25.799 25.996 25.847 25.821 25.924 25.933 25.931 25.891 25.872 25.766 25.682 25.613 25.527 25.365 25.330
26.032 26.143 25.445 25.037 24.820 24.474 25.081 26.143 26.711 25.681 23.015 22.808 24.616 25.678 26.635 26.453 24.360 26.479 21.661 23.833 24.025 24.451 23.811 24.141 24.135 24.281 24.535 24.865 25.101 25.571 24.842 26.043 26.294 26.343 26.099 26.036 25.675 25.375 25.156 25.066 24.099 24.681 24.729 23.334 24.306 25.111 25.591 25.883 25.920 24.406 25.712 25.800 26.235 26.349 26.261 26.258 26.374 26.525 26.385 26.316 26.394 26.384 26.304 26.207 26.089 25.988 25.887 25.791 25.679 25.578 25.480
25.515 25.459 25.261 24.593 24.993 26.754 27.215 27.437 27.425 25.786 23.468 24.088 25.259 26.046 25.506 22.531 18.296 25.811 23.154 23.264 24.956 25.194 24.598 24.488 24.532 24.686 24.928 25.289 25.471 25.717 25.258 23.749 25.303 26.673 26.428 26.403 26.224 25.929 25.763 25.846 24.587 25.100 25.122 24.617 24.163 25.810 26.110 26.205 26.239 25.731 25.853 26.134 26.513 26.676 26.537 26.543 26.624 26.629 26.407 26.391 26.447 26.404 26.277 26.146 25.997 25.913 25.833 25.787 25.738 25.673 25.552
25.252 25.428 24.894 23.745 23.164 25.766 26.478 26.799 25.981 25.556 24.930 25.114 24.810 24.800 24.249 19.760 16.014 24.049 24.496 24.680 24.385 24.966 24.601 24.812 25.088 25.232 25.460 25.685 25.672 25.844 25.796 23.976 25.962 26.393 26.675 26.603 26.454 26.168 25.934 25.925 25.299 25.186 24.560 24.792 24.752 26.109 26.343 26.332 26.235 25.786 25.728 26.197 26.669 26.658 26.503 26.475 26.531 26.544 26.423 26.385 26.350 26.342 26.248 26.106 25.945 25.902 25.885 25.926 25.970 25.863 25.645
