data-raw/tempfiles/19_grid_data_19000BP.asc
ncols 144
nrows 72
xllcorner -180
yllcorner -90
cellsize 2.5
nodata_value -9999
[rows 32 to 63 of 72, columns 71 to 141 of 144]
24.788 24.197 23.948 24.264 23.614 24.145 24.332 24.902 25.307 24.933 23.782 24.282 24.739 24.859 23.200 17.331 15.904 19.590 20.953 23.105 23.898 24.502 24.659 24.980 25.289 25.479 25.718 25.959 26.008 26.017 26.030 25.376 26.144 26.255 26.575 26.535 26.457 26.251 26.118 26.051 25.501 25.323 25.037 25.052 25.951 26.206 26.316 26.410 26.259 26.129 25.181 25.445 26.292 26.335 26.247 26.207 26.292 26.362 26.334 26.163 26.195 26.319 26.212 26.041 25.994 26.002 26.014 26.077 26.172 26.010 25.751
24.284 24.548 24.279 23.901 22.974 21.131 21.212 22.664 23.712 23.429 23.373 23.811 23.881 24.836 26.066 20.894 17.764 22.374 24.651 25.182 25.386 24.524 24.890 25.090 25.277 25.379 25.528 25.728 25.858 25.968 26.044 26.136 26.051 25.570 26.446 26.461 26.479 26.378 26.246 25.717 25.704 23.836 24.569 25.077 25.805 25.881 26.094 24.817 25.641 25.989 25.488 25.510 26.111 26.112 26.084 26.064 26.092 26.024 25.745 25.906 26.248 26.194 26.156 26.003 26.047 26.107 26.076 26.054 26.102 25.995 25.817
24.630 24.641 24.568 24.104 23.046 21.769 21.283 22.117 22.900 22.570 22.115 22.374 22.152 23.187 25.163 26.736 22.465 24.594 25.511 25.875 24.776 24.837 24.999 25.098 25.217 25.296 25.452 25.634 25.807 25.904 25.947 25.924 25.959 26.022 26.128 26.199 26.265 26.269 26.164 24.344 24.066 23.664 23.594 24.141 24.592 24.683 24.478 23.209 25.498 25.919 25.891 25.850 25.966 26.003 25.931 25.606 25.544 25.836 26.028 26.184 26.276 26.205 26.100 25.941 25.955 26.035 25.984 25.971 26.059 26.126 26.072
24.283 24.300 24.288 24.231 24.093 22.162 21.910 22.777 23.049 22.833 22.428 21.782 20.438 20.575 22.122 21.824 23.983 26.248 25.853 25.068 24.858 24.818 24.920 25.053 25.194 25.298 25.455 25.610 25.748 25.874 25.907 25.856 25.824 25.825 25.885 25.939 25.999 25.943 25.825 25.692 24.175 23.977 23.485 23.309 23.166 23.525 22.840 23.005 25.169 24.891 25.355 25.769 25.521 25.895 25.825 26.029 26.004 26.106 26.134 26.169 26.254 26.258 26.041 25.844 25.818 25.891 25.912 25.983 26.129 26.288 26.308
23.592 23.669 23.769 23.782 24.115 23.076 22.221 23.079 22.992 22.875 22.411 21.436 19.451 19.338 20.468 19.205 23.688 25.674 24.900 24.997 24.952 24.901 24.950 25.100 25.230 25.285 25.356 25.451 25.609 25.709 25.677 25.606 25.575 25.626 25.664 25.653 25.641 25.625 25.589 25.492 24.977 23.203 23.450 23.073 22.947 23.383 23.925 24.561 24.743 23.861 25.572 25.934 25.748 25.151 24.361 25.508 25.487 25.842 25.953 25.981 26.157 26.266 26.134 25.906 25.831 25.918 25.933 26.011 26.116 26.256 26.412
23.277 23.276 23.383 23.469 23.900 22.996 22.168 22.869 23.127 22.940 22.591 22.076 19.913 20.811 22.254 21.444 23.466 24.876 25.195 25.278 25.015 24.915 24.918 25.040 25.137 25.157 25.175 25.193 25.322 25.517 25.534 25.433 25.389 25.439 25.463 25.467 25.408 25.446 25.505 25.391 25.429 24.654 23.521 23.720 23.366 23.726 24.203 24.831 25.076 24.414 25.988 25.611 25.572 25.694 24.812 21.614 20.860 22.678 24.534 25.768 26.137 25.663 25.970 25.937 25.794 25.869 25.894 25.899 25.969 26.112 26.289
22.745 22.582 22.544 22.739 23.066 23.008 22.589 21.925 21.772 22.429 22.509 22.694 21.797 21.528 21.654 21.498 23.652 24.862 25.209 25.271 25.041 24.845 24.849 24.947 25.032 25.065 25.051 25.039 25.152 25.338 25.402 25.324 25.300 25.246 25.306 25.365 25.354 25.386 25.442 25.505 25.739 25.668 25.102 24.424 23.717 23.904 24.380 25.360 26.038 26.408 26.294 26.111 26.055 26.021 25.855 25.364 24.614 22.563 18.539 20.668 24.800 24.859 25.885 25.597 25.742 25.770 25.814 25.801 25.807 25.908 26.071
21.942 21.597 21.388 21.640 22.099 22.736 23.269 21.450 21.085 21.238 21.392 22.057 20.956 20.369 19.827 20.199 22.971 24.711 25.007 25.149 24.954 24.814 24.844 24.894 24.934 24.944 24.902 24.917 25.083 25.257 25.305 25.156 25.171 25.155 25.139 25.208 25.270 25.315 25.345 25.442 25.595 25.689 25.726 25.512 25.223 25.100 25.053 25.684 25.976 26.174 26.077 25.887 26.276 26.181 25.833 25.188 24.322 23.462 23.069 22.417 23.060 25.401 25.767 25.721 25.570 25.374 25.705 25.692 25.697 25.732 25.834
20.931 20.668 20.407 20.379 20.782 21.698 21.798 19.247 20.366 21.009 20.979 20.469 20.875 20.201 19.509 20.800 22.031 24.782 25.288 25.197 24.882 24.801 24.862 24.904 24.856 24.797 24.781 24.792 24.917 25.002 25.006 24.733 24.880 24.910 24.962 25.003 25.058 25.114 25.151 25.187 25.207 25.240 25.201 25.413 25.520 25.718 25.994 26.091 26.352 26.445 26.385 26.326 26.118 26.310 25.861 25.497 24.896 24.378 23.516 24.363 24.315 25.056 25.453 25.521 25.430 25.339 25.454 25.406 25.389 25.451 25.574
20.146 19.980 19.712 19.457 19.398 20.294 22.033 19.818 20.097 21.057 21.636 20.983 20.323 21.105 20.168 20.983 22.054 24.786 25.008 24.804 22.847 24.439 24.945 24.847 24.698 24.611 24.574 24.568 24.592 24.583 24.496 24.309 24.444 24.528 24.582 24.632 24.635 24.644 24.655 24.673 24.566 24.580 24.671 24.758 24.847 25.050 25.353 25.659 26.000 26.153 26.173 26.040 26.232 26.598 25.929 25.838 25.402 25.153 24.146 24.408 24.702 24.946 25.111 25.142 25.032 25.043 25.001 24.806 24.841 25.007 25.218
19.805 19.607 19.313 18.841 18.236 20.523 22.902 22.305 21.077 21.724 22.430 21.107 21.146 21.444 22.816 22.619 23.805 24.797 24.525 24.334 20.845 23.993 24.759 24.617 24.423 24.325 24.244 24.185 24.111 24.010 23.857 23.917 23.939 23.952 23.907 23.878 23.857 23.808 23.757 23.766 23.647 23.641 23.709 23.747 24.032 24.326 24.692 25.098 25.464 25.470 25.870 25.449 26.646 26.381 25.775 25.314 24.839 25.158 24.135 23.371 24.267 24.389 24.495 24.461 24.378 24.402 24.336 24.030 23.960 24.217 24.525
19.710 19.367 19.166 18.680 17.822 18.224 21.208 21.208 20.636 21.544 22.183 21.549 20.124 18.853 21.538 23.804 24.364 24.413 23.566 20.336 20.079 24.001 24.488 24.212 23.822 23.714 23.631 23.577 23.458 23.347 23.173 23.223 23.228 23.038 22.904 22.884 22.756 22.695 22.585 22.529 22.389 22.416 22.313 22.635 22.921 23.355 23.919 24.509 24.570 25.101 25.434 25.340 24.678 24.711 24.444 24.382 24.144 24.571 22.338 21.879 23.468 23.537 23.613 23.536 23.423 23.464 23.467 23.249 22.992 23.170 23.500
19.565 19.182 18.878 18.602 18.007 16.901 19.270 19.176 18.626 20.566 21.805 21.366 20.682 22.207 23.279 23.557 24.087 23.712 23.065 20.023 21.572 23.420 23.905 23.458 23.204 22.869 22.767 22.675 22.581 22.451 22.375 22.241 22.126 21.954 21.789 21.675 21.526 21.400 21.160 21.155 20.978 20.941 20.915 21.271 21.548 22.026 22.913 24.362 24.003 23.952 23.692 23.265 22.736 21.995 21.566 21.953 22.337 22.818 22.025 21.892 21.724 22.372 22.648 22.519 22.366 22.381 22.264 21.885 22.053 22.114 22.334
19.294 19.002 18.599 18.129 17.873 16.679 16.879 19.512 19.492 19.798 20.084 20.106 20.024 22.198 24.358 23.256 23.262 23.063 22.711 20.667 22.674 22.925 22.951 22.668 22.313 21.964 21.801 21.687 21.640 21.500 21.209 21.039 20.840 20.677 20.509 20.399 20.293 20.058 19.756 19.764 19.390 19.298 19.339 19.734 20.172 20.636 22.378 22.384 21.806 22.154 22.569 22.011 20.855 19.630 19.567 21.273 21.971 21.985 21.452 20.550 20.376 20.722 21.603 21.592 21.336 21.226 21.268 21.215 21.050 21.023 21.081
18.832 18.648 18.380 18.043 17.918 17.087 16.217 19.272 19.571 19.776 18.436 17.335 16.737 19.327 22.857 22.306 22.168 22.096 22.451 22.141 22.018 21.628 21.529 21.362 20.978 20.684 20.476 20.381 20.366 20.196 19.768 19.671 19.542 19.373 19.197 18.882 18.626 18.411 18.352 18.188 17.557 17.580 17.655 18.148 18.627 19.115 20.600 20.634 20.277 20.375 20.286 19.515 17.825 17.760 19.348 20.636 21.035 20.672 20.062 19.219 18.545 18.661 20.123 20.596 20.254 20.051 19.891 19.762 19.616 19.580 19.669
18.057 17.842 17.721 17.662 17.539 17.172 16.135 18.073 18.992 18.716 16.973 16.210 14.445 19.301 21.525 21.195 21.096 20.889 20.841 20.686 20.486 19.974 19.427 19.007 19.083 18.787 18.787 18.483 18.677 18.635 18.439 18.131 17.841 17.132 16.034 15.445 15.349 15.352 15.716 15.746 15.337 15.453 16.247 16.757 17.121 17.698 18.648 18.802 18.022 18.357 18.214 18.561 17.677 17.599 18.341 19.522 19.598 19.660 19.481 18.721 18.417 16.060 18.630 19.613 19.251 18.848 18.580 18.249 18.100 18.099 18.169
16.837 16.729 16.792 16.824 16.745 16.702 16.493 16.142 17.638 17.041 16.356 15.174 16.685 20.016 20.047 19.656 19.545 19.302 19.150 18.996 18.596 17.520 17.464 17.317 17.415 17.331 17.126 16.678 16.408 16.938 16.779 16.095 14.601 13.872 13.764 13.719 13.618 13.515 13.359 13.359 13.384 13.531 14.430 15.201 15.456 16.083 17.018 17.142 16.570 16.800 17.633 18.345 17.710 17.299 17.271 17.484 16.998 17.621 17.415 16.968 16.341 14.488 18.146 18.516 18.255 17.894 17.525 17.144 16.845 16.620 16.623
14.970 14.939 15.117 15.436 15.471 15.669 15.918 15.903 16.506 17.153 17.820 18.214 18.241 18.340 18.188 17.816 17.733 17.560 17.397 16.699 15.963 15.924 16.066 15.893 15.498 15.440 14.841 14.351 14.312 14.893 14.420 12.970 12.156 12.047 12.011 11.812 11.615 11.504 11.478 11.454 11.485 11.682 12.196 12.958 13.506 14.273 15.291 15.497 15.580 15.648 15.551 14.547 14.363 14.395 15.072 16.178 15.818 16.282 15.958 14.911 13.312 15.786 17.190 17.116 16.858 16.538 16.143 15.788 15.322 14.945 14.841
13.153 13.158 13.097 13.202 13.449 13.905 14.446 15.090 15.665 16.155 16.425 16.681 16.581 16.444 16.223 16.144 15.994 15.733 15.385 14.672 14.371 14.370 14.174 13.948 13.756 13.930 13.711 13.311 12.984 11.979 11.397 10.830 11.010 11.211 10.700 9.975 9.776 9.805 10.117 10.102 9.916 10.170 10.638 10.975 11.455 11.984 12.673 13.085 13.072 12.784 12.614 12.588 12.648 12.783 12.964 13.331 13.743 14.004 13.557 12.490 11.328 14.384 15.238 15.248 15.112 14.816 14.447 14.131 13.730 13.409 13.001
10.666 10.865 10.825 10.946 11.151 11.647 12.347 13.138 13.893 14.062 14.162 13.926 13.672 13.574 13.548 13.254 13.150 12.956 12.716 12.777 12.832 12.703 12.757 12.623 12.727 12.690 12.558 12.053 11.446 10.481 9.802 10.520 11.045 10.926 10.662 10.151 9.501 9.238 9.058 8.371 8.423 8.913 9.226 9.298 9.466 9.660 10.066 10.497 10.447 10.397 10.418 10.469 10.646 10.796 10.894 11.278 11.716 12.308 12.486 12.092 12.387 12.642 12.902 12.924 12.799 12.541 12.280 12.182 12.157 12.137 11.303
8.184 8.276 8.309 8.307 8.345 8.702 9.149 9.848 10.390 10.323 10.367 10.253 10.211 10.322 10.149 10.083 9.958 9.703 9.507 9.620 9.649 9.558 9.937 10.250 10.684 10.860 10.760 10.354 10.006 9.501 8.990 8.526 8.608 8.936 8.928 8.609 8.446 8.333 8.114 7.794 7.882 7.884 7.710 7.609 7.550 7.543 7.604 7.807 8.020 8.274 8.362 8.274 8.376 8.747 8.876 9.169 9.627 10.116 10.317 9.548 10.420 10.812 10.853 10.780 10.696 10.550 10.501 10.529 10.730 9.390 8.971
6.114 5.894 5.842 5.517 5.626 5.650 5.908 6.079 6.143 6.378 6.433 6.518 6.641 6.769 6.658 6.507 6.474 6.195 6.104 6.112 6.068 6.017 6.356 6.978 7.614 8.073 8.238 7.856 7.512 7.467 7.365 7.251 6.907 6.614 6.409 6.240 6.324 6.246 6.037 5.983 6.002 6.014 5.928 5.958 6.011 5.968 5.934 5.896 6.072 6.449 6.561 6.559 6.608 6.788 6.878 7.130 7.565 7.921 8.360 8.613 8.814 8.823 8.672 8.591 8.652 8.715 8.919 8.684 6.138 5.816 8.283
3.667 3.553 3.328 2.842 2.540 2.424 2.548 2.774 2.926 2.932 2.816 2.974 3.381 3.516 3.492 3.403 3.508 3.604 3.575 3.482 3.304 3.207 3.331 3.621 4.068 4.451 4.575 4.328 4.162 4.172 4.253 4.346 4.252 4.104 4.125 4.239 4.058 3.497 3.376 3.189 3.076 3.192 3.449 3.485 3.551 3.683 3.751 3.887 3.888 4.181 4.589 4.726 4.840 5.043 5.118 5.103 5.489 5.800 6.035 6.342 6.403 6.415 6.378 6.430 6.595 6.923 7.373 6.766 5.341 6.934 7.028
1.084 1.024 0.918 0.693 0.442 0.230 0.134 0.161 0.105 0.100 0.027 0.229 0.616 0.851 0.988 1.030 1.090 1.295 1.413 1.418 1.343 1.233 1.073 1.031 1.184 1.374 1.510 1.459 1.245 1.336 1.105 0.967 0.987 1.028 1.173 1.090 0.882 1.062 1.255 0.780 0.501 0.674 0.803 0.726 0.588 0.833 1.125 1.342 1.495 1.651 2.161 2.473 2.687 2.907 3.079 3.139 3.213 3.565 3.687 3.863 4.068 4.181 4.272 4.443 4.630 4.978 5.330 5.570 5.466 5.093 4.914
-1.588 -1.584 -1.690 -1.875 -2.088 -2.277 -2.327 -2.357 -2.391 -2.448 -2.414 -2.261 -1.977 -1.643 -1.403 -1.226 -1.030 -0.943 -0.904 -0.855 -0.861 -0.921 -1.118 -1.302 -1.274 -1.186 -0.988 -0.889 -0.962 -1.039 -1.457 -1.810 -1.983 -1.998 -1.939 -1.817 -1.800 -1.592 -1.537 -1.836 -2.176 -2.170 -2.061 -2.009 -2.042 -2.101 -1.872 -1.644 -1.359 -1.083 -0.682 -0.208 0.154 0.250 0.268 0.606 0.750 0.927 1.089 1.248 1.565 1.835 2.063 2.259 2.508 2.804 3.121 3.313 3.430 3.280 3.082
-4.146 -4.179 -4.250 -4.374 -4.566 -4.704 -4.698 -4.642 -4.639 -4.610 -4.510 -4.305 -3.971 -3.624 -3.344 -3.102 -3.013 -2.989 -3.072 -3.161 -3.123 -3.165 -3.348 -3.486 -3.526 -3.347 -3.208 -3.172 -3.299 -3.518 -3.997 -4.465 -4.845 -4.952 -4.782 -4.521 -4.444 -4.284 -4.404 -4.628 -4.683 -4.547 -4.597 -4.701 -4.748 -4.869 -4.612 -4.295 -4.003 -3.699 -3.371 -3.007 -2.758 -2.576 -2.395 -2.075 -1.975 -1.899 -1.778 -1.563 -1.207 -0.804 -0.485 -0.332 -0.206 0.277 0.762 1.109 1.194 1.207 1.141
-6.385 -6.460 -6.536 -6.625 -6.708 -6.670 -6.582 -6.418 -6.319 -6.198 -5.861 -5.508 -5.193 -4.941 -4.771 -4.555 -4.560 -4.596 -4.648 -4.900 -5.058 -5.237 -5.507 -5.658 -5.794 -5.758 -5.722 -5.759 -5.865 -6.106 -6.509 -6.954 -7.294 -7.390 -7.308 -7.071 -6.945 -6.928 -6.952 -7.015 -7.118 -7.150 -7.147 -7.091 -7.038 -7.019 -6.890 -6.651 -6.490 -6.207 -6.012 -5.809 -5.673 -5.414 -5.051 -4.810 -4.618 -4.608 -4.650 -4.504 -4.262 -3.883 -3.429 -3.204 -3.153 -2.778 -2.004 -1.445 -1.137 -1.025 -1.014
-8.551 -8.575 -8.620 -8.763 -8.733 -8.498 -8.318 -8.162 -7.942 -7.566 -7.241 -6.968 -6.648 -6.681 -6.716 -6.616 -6.746 -6.826 -7.003 -7.350 -7.616 -7.931 -8.338 -8.720 -8.893 -8.793 -8.821 -8.765 -8.972 -9.371 -9.775 -10.148 -10.337 -10.376 -10.299 -9.893 -9.643 -9.714 -9.951 -9.956 -9.863 -9.780 -9.588 -9.447 -9.250 -9.085 -8.941 -8.853 -8.637 -8.518 -8.407 -8.229 -8.083 -7.960 -7.678 -7.590 -7.585 -7.365 -7.370 -7.481 -7.316 -7.103 -6.820 -6.376 -6.176 -5.904 -5.202 -4.592 -4.173 -3.916 -3.841
-10.547 -10.407 -10.320 -10.599 -10.622 -10.310 -10.153 -9.908 -9.668 -9.547 -9.385 -9.160 -9.070 -9.151 -9.126 -9.212 -9.286 -9.499 -9.866 -10.234 -10.734 -11.407 -12.033 -12.527 -12.858 -12.827 -12.938 -12.963 -13.169 -13.278 -13.393 -13.447 -13.337 -13.326 -13.360 -13.315 -13.160 -13.168 -13.202 -13.174 -12.999 -12.748 -12.406 -12.133 -11.920 -11.697 -11.416 -11.333 -11.085 -10.965 -10.791 -10.603 -10.443 -10.381 -10.436 -10.545 -10.725 -10.698 -10.748 -10.874 -10.862 -10.806 -10.634 -10.040 -9.653 -9.409 -8.914 -8.537 -8.205 -7.863 -7.419
-12.821 -12.672 -12.514 -12.458 -12.511 -12.627 -12.714 -12.605 -12.511 -12.404 -12.314 -12.284 -12.353 -12.408 -12.495 -12.773 -12.783 -13.097 -13.623 -13.927 -14.628 -15.318 -15.818 -16.472 -16.997 -17.012 -17.419 -17.636 -17.794 -17.791 -17.766 -17.613 -17.433 -17.255 -17.224 -17.390 -17.449 -17.390 -17.373 -17.437 -17.333 -17.083 -16.569 -16.083 -15.705 -15.497 -15.393 -15.337 -14.950 -14.536 -14.369 -14.377 -14.323 -14.370 -14.613 -14.806 -15.064 -15.096 -15.081 -15.209 -15.170 -15.033 -14.920 -14.650 -14.549 -14.315 -13.845 -13.432 -13.033 -12.606 -12.201
-15.788 -15.390 -15.364 -15.381 -15.209 -15.433 -15.758 -15.732 -15.685 -15.524 -15.516 -15.550 -15.561 -15.558 -15.596 -15.561 -15.709 -16.113 -16.391 -17.236 -18.348 -21.905 -25.075 -22.601 -21.171 -21.536 -21.910 -21.855 -21.949 -22.213 -21.738 -21.385 -20.543 -19.968 -21.125 -22.123 -22.339 -22.296 -22.591 -24.546 -24.090 -24.309 -24.430 -22.156 -19.998 -21.343 -21.727 -19.845 -18.703 -19.199 -20.112 -20.643 -20.383 -22.472 -23.425 -22.912 -22.803 -21.335 -20.249 -19.479 -19.159 -19.310 -19.152 -18.784 -18.785 -18.378 -18.132 -17.372 -17.287 -16.968 -16.457
-19.186 -18.839 -18.323 -18.077 -17.748 -17.737 -18.206 -18.122 -17.798 -17.688 -17.730 -17.661 -17.585 -18.202 -19.708 -19.016 -18.345 -21.482 -26.397 -28.781 -29.995 -33.141 -35.436 -34.864 -34.587 -33.669 -32.292 -29.786 -28.032 -26.401 -24.187 -22.808 -24.574 -28.229 -30.334 -31.569 -32.508 -33.771 -34.874 -35.431 -35.109 -35.153 -35.831 -35.400 -33.754 -31.993 -30.786 -30.064 -29.950 -31.008 -32.661 -33.401 -33.561 -34.562 -36.082 -36.482 -35.620 -33.078 -30.090 -28.017 -27.204 -26.221 -26.222 -25.025 -23.464 -22.104 -22.252 -21.648 -21.124 -20.784 -20.590
