data-raw/tempfiles/20_grid_data_20000BP.asc
ncols 144
nrows 72
xllcorner -180
yllcorner -90
cellsize 2.5
nodata_value -9999
[rows 0 to 31 of 72, columns 0 to 70 of 144]
-28.742 -28.980 -29.085 -29.147 -29.135 -29.115 -29.151 -29.197 -29.259 -29.384 -29.419 -29.454 -29.494 -29.523 -29.515 -29.530 -29.491 -29.459 -29.480 -29.359 -29.296 -29.169 -29.116 -29.068 -28.968 -28.714 -28.454 -28.427 -28.378 -28.189 -28.334 -28.283 -28.375 -28.656 -28.825 -28.980 -28.675 -28.766 -28.843 -28.643 -28.694 -28.726 -28.694 -28.772 -28.662 -28.689 -28.669 -28.770 -28.645 -28.622 -28.499 -28.465 -28.300 -28.141 -28.023 -28.064 -27.972 -27.953 -27.963 -28.012 -28.095 -28.158 -28.310 -28.467 -28.460 -28.713 -28.472 -28.279 -28.481 -28.717 -28.833
-27.675 -27.831 -27.874 -27.904 -27.897 -27.846 -27.775 -27.708 -27.660 -27.656 -27.619 -27.591 -27.637 -27.673 -27.768 -27.887 -28.000 -28.137 -28.336 -28.464 -28.586 -28.638 -28.822 -28.987 -29.116 -29.218 -29.254 -29.370 -29.511 -29.617 -29.717 -29.742 -29.825 -29.884 -29.862 -29.798 -29.501 -29.403 -29.360 -29.167 -29.066 -29.031 -28.917 -28.892 -28.837 -28.832 -28.812 -28.834 -28.876 -28.878 -28.817 -28.806 -28.710 -28.612 -28.496 -28.459 -28.375 -28.277 -28.246 -28.209 -28.151 -28.107 -28.096 -28.021 -27.894 -27.896 -27.900 -27.796 -27.734 -27.647 -27.539
-25.891 -25.897 -25.995 -26.109 -26.244 -26.188 -26.206 -26.317 -26.439 -26.576 -26.703 -26.763 -26.802 -26.854 -26.995 -27.110 -27.260 -27.353 -27.544 -27.741 -27.941 -28.139 -28.348 -28.632 -28.921 -29.174 -29.373 -29.655 -29.981 -30.297 -30.530 -30.743 -31.017 -31.124 -31.217 -31.110 -30.744 -30.160 -30.406 -30.664 -30.279 -30.293 -30.213 -30.096 -29.928 -29.643 -29.329 -29.259 -29.333 -29.327 -29.236 -29.127 -29.189 -29.473 -29.791 -30.451 -31.234 -31.537 -31.594 -31.596 -30.885 -29.983 -28.424 -27.639 -27.502 -27.595 -27.613 -27.368 -27.055 -26.753 -26.495
-25.176 -25.061 -25.122 -25.219 -25.306 -25.440 -25.467 -25.527 -25.600 -25.630 -25.681 -25.751 -25.747 -25.848 -26.068 -26.269 -26.524 -26.835 -27.201 -27.629 -28.037 -28.562 -29.089 -29.580 -30.065 -30.624 -31.170 -31.536 -32.010 -32.653 -32.651 -32.699 -33.039 -33.615 -36.267 -36.378 -36.458 -35.553 -35.782 -36.254 -35.890 -35.885 -35.820 -34.903 -33.204 -32.093 -31.917 -33.007 -33.172 -33.224 -33.267 -33.167 -33.548 -34.207 -34.554 -35.132 -35.225 -34.669 -34.573 -34.421 -33.862 -33.378 -32.614 -31.004 -30.403 -27.728 -26.258 -25.638 -24.700 -23.810 -23.069
-24.341 -24.141 -24.045 -23.977 -23.840 -23.837 -23.820 -23.902 -23.931 -23.912 -23.903 -23.952 -24.078 -24.266 -24.603 -24.948 -25.316 -25.801 -26.439 -27.156 -27.797 -28.574 -29.252 -29.814 -30.349 -31.056 -32.006 -33.129 -33.151 -33.331 -34.210 -34.366 -33.546 -34.473 -36.850 -37.228 -36.128 -35.016 -35.677 -37.679 -36.357 -33.439 -31.038 -30.700 -31.488 -31.584 -32.616 -33.563 -34.387 -35.171 -36.071 -36.855 -37.648 -38.423 -38.927 -39.001 -38.537 -37.567 -36.172 -34.310 -32.142 -30.036 -28.470 -27.330 -25.239 -23.869 -22.473 -22.304 -20.644 -18.866 -17.100
-22.820 -22.686 -22.458 -22.260 -22.114 -21.948 -21.809 -21.677 -21.616 -21.581 -21.568 -21.558 -21.716 -21.903 -22.346 -22.805 -23.383 -23.940 -24.692 -25.479 -26.034 -26.575 -27.150 -27.836 -28.840 -29.272 -30.035 -30.361 -30.906 -30.675 -30.891 -31.813 -32.347 -32.354 -32.875 -33.495 -34.719 -36.659 -37.542 -37.412 -34.471 -32.148 -31.218 -30.514 -30.422 -29.390 -28.269 -27.886 -28.462 -29.657 -31.729 -34.048 -35.597 -36.890 -37.694 -38.003 -37.763 -37.188 -36.367 -35.147 -33.089 -30.100 -27.345 -24.775 -21.127 -20.111 -18.868 -17.003 -14.530 -12.034 -9.669
-20.873 -20.679 -20.326 -19.820 -19.367 -18.812 -18.656 -18.519 -18.824 -18.581 -18.419 -18.297 -18.437 -18.640 -18.956 -19.118 -19.336 -19.693 -20.291 -21.008 -21.344 -21.306 -22.921 -23.239 -24.042 -23.990 -23.552 -24.202 -24.611 -25.248 -25.225 -26.709 -28.515 -28.585 -31.345 -31.453 -32.327 -33.175 -34.225 -34.741 -34.259 -33.038 -32.224 -31.371 -30.849 -29.388 -27.729 -25.370 -22.429 -21.845 -23.613 -27.711 -30.669 -32.923 -34.445 -35.537 -36.299 -36.572 -35.828 -33.631 -30.521 -27.207 -24.846 -21.998 -18.344 -16.043 -13.994 -11.358 -9.155 -7.512 -5.969
-17.370 -16.322 -15.640 -15.181 -14.436 -13.905 -13.498 -13.542 -14.034 -14.237 -13.712 -13.024 -12.679 -12.868 -13.044 -13.896 -14.077 -14.130 -14.350 -15.067 -15.190 -15.463 -16.752 -16.885 -16.720 -18.171 -18.703 -19.830 -20.577 -21.105 -21.126 -22.143 -24.124 -26.079 -27.771 -27.183 -29.805 -32.236 -33.656 -34.507 -34.328 -34.827 -34.522 -33.017 -30.460 -29.054 -27.569 -24.468 -21.197 -17.919 -17.602 -19.596 -23.648 -27.817 -30.298 -32.068 -33.686 -34.291 -32.734 -29.124 -25.864 -23.581 -21.329 -17.229 -14.755 -12.185 -10.006 -7.326 -5.391 -3.586 -2.185
-13.520 -11.111 -9.696 -8.847 -7.936 -7.386 -8.169 -9.523 -8.811 -8.606 -8.655 -8.543 -8.383 -7.934 -7.557 -7.750 -7.933 -7.532 -7.715 -8.172 -9.128 -10.437 -11.970 -13.446 -13.295 -13.585 -15.334 -17.352 -18.215 -18.734 -19.480 -19.774 -20.561 -21.798 -23.704 -25.550 -26.377 -27.845 -30.241 -30.247 -30.904 -31.613 -31.618 -32.094 -30.289 -27.428 -25.478 -22.636 -19.290 -15.107 -13.292 -13.550 -18.109 -23.480 -27.013 -29.013 -30.242 -29.343 -24.605 -22.165 -19.747 -16.190 -12.888 -10.697 -8.991 -7.169 -5.484 -3.907 -2.490 -0.986 0.430
-8.065 -6.506 -5.494 -3.906 -1.969 -0.917 -1.020 -1.108 -0.390 0.620 0.518 0.498 0.442 0.818 0.491 -0.678 -2.907 -3.748 -4.029 -4.730 -5.911 -7.468 -9.607 -11.946 -13.896 -15.220 -17.023 -18.596 -19.523 -20.365 -20.731 -21.312 -21.756 -22.529 -23.843 -25.341 -26.352 -27.378 -29.174 -29.631 -30.617 -30.948 -30.519 -29.552 -28.073 -25.751 -23.554 -18.680 -14.705 -10.417 -9.114 -12.750 -17.615 -22.438 -24.809 -22.538 -18.610 -16.862 -11.827 -7.615 -6.280 -5.081 -5.142 -6.066 -6.651 -5.117 -2.257 -0.564 0.268 1.147 2.056
-1.576 0.213 0.262 0.788 2.048 3.129 3.623 3.824 4.876 5.832 5.468 4.259 3.811 3.061 1.779 1.244 0.347 -1.657 -3.884 -6.691 -9.240 -9.532 -9.852 -11.933 -14.310 -16.761 -19.497 -21.333 -22.242 -22.708 -22.822 -22.891 -22.845 -23.112 -23.763 -24.330 -24.975 -26.611 -28.318 -29.128 -29.767 -29.812 -29.198 -28.845 -28.548 -25.672 -18.705 -14.416 -10.480 -7.002 -5.018 -6.988 -15.781 -22.407 -21.403 -11.503 -5.686 -5.065 -4.788 -3.111 -1.564 -0.430 -0.023 -0.895 -3.017 -1.496 1.154 2.222 2.554 2.806 3.063
2.882 3.821 4.521 4.661 4.127 4.574 4.995 5.046 5.475 6.519 4.662 6.539 5.601 4.966 2.911 -0.992 -1.810 -1.285 -3.218 -6.062 -8.889 -11.504 -12.166 -13.790 -16.552 -18.468 -20.877 -22.754 -24.900 -25.731 -26.046 -26.164 -25.685 -25.195 -25.008 -25.074 -25.811 -27.039 -28.400 -29.513 -30.203 -31.404 -31.191 -29.181 -26.309 -22.343 -17.078 -12.927 -8.999 -5.894 -4.133 -3.285 -7.211 -11.042 -11.235 -2.665 -1.283 -0.475 0.743 1.592 2.562 3.168 3.778 4.203 4.605 4.775 4.712 4.568 4.278 3.845 3.283
6.935 7.368 7.148 7.333 7.006 7.068 7.388 7.158 7.346 7.432 8.948 11.094 11.475 12.000 11.732 10.265 6.923 2.750 -0.708 -4.571 -7.585 -10.678 -12.043 -14.056 -17.068 -20.048 -22.376 -23.978 -26.295 -27.785 -28.440 -28.506 -28.309 -27.379 -26.856 -26.993 -27.654 -28.720 -29.882 -30.700 -31.058 -31.681 -31.346 -29.864 -26.843 -23.599 -20.363 -14.386 -9.987 -6.352 -3.307 -1.239 0.146 0.476 0.210 1.017 1.475 1.993 2.894 3.670 4.513 5.156 5.873 6.222 6.311 6.171 5.891 5.292 4.618 3.401 1.951
8.813 9.189 9.228 9.193 9.363 9.470 9.755 9.655 9.493 10.137 10.967 11.764 12.130 12.026 12.085 11.740 10.927 9.215 6.519 0.307 -4.826 -8.918 -11.530 -13.346 -15.765 -18.710 -21.514 -23.853 -26.218 -28.104 -29.326 -29.656 -29.739 -29.224 -28.409 -28.486 -29.171 -29.742 -30.644 -31.423 -31.344 -30.710 -30.941 -29.669 -27.236 -24.820 -21.639 -16.708 -12.221 -8.397 -4.413 -0.965 2.094 3.289 3.708 3.820 3.794 4.100 4.542 5.111 5.889 6.551 7.191 7.775 7.794 7.509 7.033 6.131 4.898 3.247 0.624
9.138 9.482 9.617 9.679 9.742 9.889 10.120 10.330 10.666 11.055 11.418 11.679 11.809 12.038 12.189 12.042 11.449 10.300 8.940 6.836 1.112 -4.472 -7.911 -13.069 -16.825 -17.947 -19.706 -22.640 -24.862 -26.562 -27.985 -29.128 -30.659 -30.603 -30.623 -30.284 -29.924 -29.546 -29.363 -30.967 -30.625 -29.703 -29.722 -29.549 -28.098 -25.673 -22.425 -17.781 -13.744 -10.231 -6.550 -2.002 1.910 4.129 5.199 5.473 5.318 5.204 5.303 5.763 6.430 7.129 7.819 8.335 8.576 8.479 7.991 6.947 4.618 3.411 1.841
8.214 8.556 8.690 8.917 9.036 9.215 9.378 9.584 9.863 10.317 10.768 11.033 11.194 11.338 11.470 11.567 11.378 11.028 9.852 8.505 6.030 -1.122 -6.653 -9.456 -13.881 -18.159 -17.394 -18.902 -21.577 -23.573 -26.027 -27.549 -28.065 -28.960 -29.722 -30.075 -30.096 -29.562 -28.757 -28.792 -28.581 -27.879 -27.623 -26.606 -24.622 -22.472 -19.860 -16.534 -13.103 -9.297 -6.978 -2.892 0.990 3.959 5.985 7.082 7.306 7.162 7.007 7.254 7.704 8.180 8.758 9.189 9.488 9.550 9.237 8.453 7.203 6.042 4.424
7.095 7.482 7.682 7.896 8.032 8.141 8.311 8.560 8.834 9.278 9.746 10.062 10.353 10.575 10.768 10.985 11.105 11.144 10.902 9.997 8.666 5.972 2.554 -3.490 -6.294 -9.844 -12.760 -13.261 -15.441 -17.932 -21.083 -23.435 -25.064 -25.616 -26.417 -27.527 -27.916 -28.104 -28.192 -27.986 -27.369 -26.491 -25.195 -23.017 -19.926 -17.246 -14.934 -12.712 -10.518 -7.234 -4.866 -2.841 0.209 3.121 5.884 7.831 8.807 8.924 8.744 8.834 8.971 9.230 9.555 9.903 10.198 10.389 10.411 10.148 9.525 8.695 7.524
6.205 6.703 6.950 7.188 7.393 7.546 7.673 7.845 8.083 8.404 8.783 9.127 9.363 9.634 9.897 10.252 10.616 10.971 11.316 11.408 10.894 9.430 7.386 3.190 2.236 -2.446 -7.061 -8.963 -9.181 -10.447 -14.148 -17.640 -19.921 -21.390 -21.828 -22.504 -22.845 -23.288 -24.528 -24.776 -24.548 -23.202 -21.491 -19.981 -16.891 -13.813 -10.757 -8.785 -6.756 -4.831 -3.412 -1.728 0.628 3.307 6.137 8.287 9.327 9.660 9.825 9.865 9.968 10.047 10.110 10.308 10.549 10.914 11.170 11.254 11.051 10.639 9.890
6.195 6.652 6.970 7.219 7.456 7.607 7.722 7.866 8.102 8.340 8.610 8.984 9.216 9.424 9.598 9.932 10.436 11.037 11.721 12.157 11.886 11.032 9.173 4.694 3.355 2.223 -1.796 -5.031 -6.510 -7.407 -8.814 -11.271 -14.367 -16.751 -17.379 -17.322 -17.910 -18.697 -19.141 -19.557 -19.474 -18.288 -17.206 -15.334 -13.162 -11.006 -8.626 -6.192 -3.738 -1.705 -0.002 1.098 2.715 5.025 7.321 8.796 9.459 9.722 9.994 10.085 10.129 10.129 10.309 10.618 11.085 11.665 11.964 12.077 11.376 9.876 10.035
7.220 7.426 7.673 7.992 8.209 8.370 8.430 8.538 8.692 8.895 9.164 9.446 9.682 9.830 9.984 10.324 10.816 11.527 12.186 12.788 12.652 11.708 10.142 6.648 5.950 3.904 4.105 -0.503 -2.271 -5.768 -4.524 -7.006 -9.536 -11.468 -12.392 -12.435 -12.536 -13.149 -13.329 -12.907 -13.294 -10.997 -10.122 -8.948 -7.703 -5.308 -2.719 -0.300 1.706 3.272 4.416 5.201 6.088 7.364 8.475 9.244 9.629 9.810 10.049 10.061 10.181 10.170 10.696 11.269 12.105 12.819 13.187 13.152 11.665 9.540 8.584
9.317 9.114 9.282 9.411 9.543 9.687 9.764 9.860 9.948 10.084 10.291 10.535 10.752 10.919 11.155 11.531 11.989 12.608 13.164 13.571 13.459 12.482 12.176 11.084 5.994 5.034 4.406 2.577 0.791 -4.911 -1.165 -1.991 -4.233 -6.230 -7.026 -7.362 -6.872 -6.911 -6.681 -6.363 -4.504 -0.569 0.049 0.754 2.250 3.451 4.411 5.745 6.839 7.660 8.393 8.905 9.283 9.784 10.191 10.482 10.683 10.702 10.661 10.432 10.267 10.547 11.535 12.722 13.814 14.526 14.818 14.569 14.155 12.892 10.666
12.367 11.936 11.880 11.788 11.740 11.674 11.663 11.669 11.729 11.839 12.000 12.184 12.348 12.562 12.847 13.195 13.636 14.129 14.531 14.809 14.708 13.752 12.253 13.202 10.655 12.249 9.309 5.922 4.249 1.026 3.030 3.211 1.327 -0.300 -2.530 -1.969 -1.202 -1.192 -1.257 0.596 4.364 5.565 7.968 9.558 10.461 10.914 10.861 11.018 11.357 11.731 12.069 12.385 12.639 12.810 12.942 13.035 12.965 12.848 12.694 12.439 12.335 12.734 13.631 14.842 15.836 16.341 16.353 15.876 15.231 14.520 12.930
15.303 14.789 14.623 14.511 14.273 14.129 14.022 13.933 14.009 14.036 14.153 14.347 14.384 14.599 14.882 15.125 15.458 15.830 16.061 16.170 15.961 15.155 13.820 13.047 13.712 15.108 16.197 11.107 6.636 8.138 8.196 8.220 7.569 5.500 4.142 4.276 4.130 5.003 6.293 8.238 10.564 12.501 14.049 15.063 15.452 16.098 15.910 15.857 15.898 15.985 16.112 16.131 16.221 16.285 16.184 16.022 15.888 15.666 15.411 15.301 15.250 15.746 16.482 17.269 17.870 17.905 17.633 16.974 16.114 14.252 12.827
17.991 17.544 17.308 17.116 16.834 16.621 16.558 16.514 16.521 16.577 16.677 16.857 16.927 17.021 17.185 17.278 17.418 17.583 17.620 17.551 17.248 16.621 15.727 14.987 14.520 15.710 18.754 15.301 12.276 13.117 12.784 12.795 11.729 10.359 9.768 9.246 10.123 10.726 11.551 13.417 16.015 17.465 18.065 18.527 18.874 19.705 19.753 19.844 19.899 19.899 19.809 19.709 19.532 19.416 19.206 18.935 18.693 18.491 18.290 18.246 18.392 18.595 19.039 19.276 19.444 19.148 18.450 17.406 15.680 13.717 16.786
20.217 19.871 19.552 19.263 19.009 18.872 18.808 18.782 18.817 18.896 19.039 19.189 19.245 19.308 19.320 19.256 19.214 19.172 19.011 18.744 18.273 17.739 17.115 16.703 16.219 15.928 18.736 18.582 12.599 12.646 15.256 16.376 16.220 14.151 13.583 13.724 14.742 15.286 16.211 17.008 19.333 20.675 21.071 21.513 21.266 22.330 22.680 22.695 22.666 22.533 22.241 21.946 21.789 21.563 21.270 20.946 20.692 20.528 20.385 20.322 20.421 20.546 20.799 20.886 20.703 19.914 19.017 18.390 18.567 19.661 19.913
22.106 21.785 21.509 21.244 21.067 20.984 20.903 20.895 20.966 21.052 21.164 21.204 21.222 21.158 20.994 20.812 20.645 20.460 20.138 19.628 19.011 18.406 17.975 17.741 17.586 17.185 18.684 20.181 17.657 12.772 17.202 18.021 19.475 18.539 17.913 18.297 19.092 19.786 20.122 20.100 21.880 22.856 23.212 23.674 22.884 23.470 24.349 24.361 24.326 24.098 23.736 23.357 23.221 23.044 22.844 22.596 22.339 22.175 22.025 21.950 22.048 22.091 21.988 21.944 21.272 20.112 20.334 19.757 19.623 20.328 20.488
23.531 23.284 23.104 22.977 22.857 22.797 22.751 22.775 22.899 23.023 22.900 22.694 22.529 22.329 22.100 21.827 21.580 21.304 20.860 20.304 19.565 18.885 18.459 18.412 18.475 18.606 19.039 20.905 21.420 17.492 14.792 15.340 19.022 20.734 21.014 21.500 22.207 22.877 22.898 22.940 23.664 24.316 24.706 24.950 24.443 24.112 25.221 25.387 25.254 24.956 24.698 24.389 24.180 24.046 23.998 23.815 23.600 23.409 23.186 23.039 22.981 22.747 22.368 21.904 20.598 20.591 21.760 21.692 21.902 22.234 22.170
24.739 24.484 24.326 24.248 24.168 24.123 24.145 24.174 24.283 24.117 23.948 23.578 23.303 23.086 22.816 22.566 22.243 21.898 21.469 20.909 20.261 19.686 19.342 19.377 19.613 20.029 20.528 21.330 22.184 21.402 16.364 14.535 16.928 20.855 22.420 23.212 23.448 24.175 24.302 24.288 24.447 24.571 25.388 25.493 25.012 24.739 25.633 25.892 25.860 25.550 25.389 25.226 25.016 24.703 24.573 24.609 24.502 24.247 23.949 23.633 23.361 22.897 22.332 21.491 20.090 22.511 23.893 23.472 23.405 23.508 23.824
25.216 24.963 24.883 24.859 24.800 24.693 24.656 24.633 24.639 24.084 24.017 23.801 23.543 23.302 23.080 22.839 22.505 22.212 21.895 21.472 21.057 20.693 20.539 20.602 20.859 21.510 22.109 22.836 23.370 23.439 20.604 18.371 16.066 19.729 23.270 23.880 23.235 25.005 25.371 25.612 25.838 25.639 26.033 23.997 24.919 25.242 26.102 26.215 26.147 26.082 25.782 25.561 25.387 25.094 24.948 24.908 24.830 24.508 24.133 23.729 23.351 22.752 22.132 21.552 20.735 23.811 27.143 25.979 25.347 24.537 24.698
25.244 25.085 25.020 24.931 24.831 24.689 24.557 24.436 24.327 24.184 23.987 23.723 23.528 23.319 23.139 22.884 22.619 22.439 22.247 22.087 21.989 21.950 21.987 22.196 22.523 22.998 23.501 24.015 24.424 24.761 25.274 24.974 23.364 21.591 22.902 20.713 23.118 24.094 25.379 25.979 26.259 26.361 26.236 25.449 25.518 26.291 26.550 26.230 26.187 26.163 25.908 25.745 25.369 25.133 24.907 24.690 24.610 24.365 24.014 23.640 23.298 22.809 22.350 22.156 22.073 25.516 27.957 28.218 27.082 25.548 25.253
25.213 25.036 24.965 24.877 24.774 24.637 24.492 24.350 24.182 24.070 23.945 23.787 23.637 23.482 23.369 23.149 23.012 22.933 22.864 22.871 22.903 22.999 23.185 23.411 23.706 23.990 24.332 24.714 25.153 25.482 25.885 26.017 25.948 25.637 25.644 23.655 23.158 22.574 24.935 26.237 26.426 26.260 25.728 25.794 26.559 26.871 26.712 26.265 26.050 26.014 25.906 25.794 25.493 25.118 24.910 24.553 24.453 24.311 24.000 23.679 23.443 23.224 23.005 22.939 23.052 25.298 26.899 26.959 26.002 25.739 25.606
25.374 25.115 25.026 24.923 24.817 24.748 24.669 24.606 24.506 24.305 24.191 24.106 23.938 23.855 23.811 23.621 23.590 23.578 23.489 23.553 23.637 23.678 23.879 24.042 24.224 24.440 24.685 24.876 25.260 25.605 25.799 25.881 25.857 25.900 26.122 26.063 25.857 25.110 24.706 26.243 26.122 25.120 24.307 25.865 24.963 25.641 25.987 25.968 25.961 25.876 25.777 25.680 25.476 25.146 24.929 24.571 24.447 24.324 24.090 23.899 23.705 23.607 23.525 23.452 23.837 24.587 24.069 24.462 24.640 24.632 25.040
