data-raw/tempfiles/20_grid_data_20000BP.asc
ncols 144
nrows 72
xllcorner -180
yllcorner -90
cellsize 2.5
nodata_value -9999
[rows 0 to 31 of 72, columns 71 to 141 of 144]
-29.221 -29.564 -29.782 -30.144 -30.085 -30.103 -29.452 -29.079 -28.723 -28.782 -28.933 -28.732 -28.400 -28.541 -28.574 -28.652 -28.661 -28.536 -28.528 -28.472 -28.461 -28.666 -28.821 -28.894 -28.776 -28.837 -28.964 -28.806 -28.834 -28.806 -29.065 -29.041 -29.107 -28.925 -29.063 -29.100 -29.288 -29.353 -29.412 -29.408 -29.134 -28.941 -28.782 -28.874 -28.899 -28.956 -28.965 -29.006 -29.015 -29.030 -29.053 -28.988 -29.002 -28.890 -28.863 -28.916 -28.945 -28.911 -28.923 -28.926 -28.988 -29.011 -28.981 -29.008 -29.032 -29.054 -29.020 -28.969 -28.967 -28.952 -28.925
-27.510 -27.518 -27.473 -27.448 -27.378 -27.423 -27.450 -27.556 -27.694 -27.829 -28.102 -28.187 -28.171 -28.435 -28.683 -28.821 -28.974 -29.015 -29.068 -29.208 -29.341 -29.464 -29.601 -29.663 -29.741 -29.768 -29.861 -29.877 -29.897 -29.868 -29.871 -29.825 -29.860 -29.885 -29.901 -29.816 -29.787 -29.744 -29.691 -29.653 -29.571 -29.542 -29.481 -29.415 -29.350 -29.259 -29.137 -29.056 -28.951 -28.853 -28.781 -28.645 -28.589 -28.441 -28.319 -28.314 -28.282 -28.159 -28.080 -28.023 -27.983 -27.913 -27.836 -27.790 -27.784 -27.760 -27.733 -27.730 -27.737 -27.742 -27.753
-26.248 -26.097 -25.935 -25.787 -25.770 -25.787 -25.806 -26.120 -26.485 -26.690 -27.140 -27.764 -27.859 -28.234 -28.842 -29.128 -29.465 -29.812 -30.076 -30.385 -30.645 -30.792 -30.900 -31.041 -31.146 -31.160 -31.218 -31.246 -31.281 -31.309 -31.315 -31.281 -31.222 -31.147 -31.045 -30.940 -30.825 -30.708 -30.591 -30.458 -30.337 -30.115 -29.926 -29.728 -29.562 -29.367 -29.159 -28.969 -28.764 -28.601 -28.473 -28.261 -28.163 -28.084 -27.823 -27.688 -27.634 -27.401 -27.248 -27.166 -27.038 -26.915 -26.839 -26.743 -26.659 -26.559 -26.488 -26.388 -26.159 -26.098 -26.096
-21.979 -21.019 -20.146 -19.490 -19.597 -19.777 -21.027 -22.205 -23.666 -24.551 -25.558 -26.423 -27.332 -28.038 -28.862 -29.310 -29.852 -30.295 -30.534 -31.018 -31.448 -31.421 -31.359 -31.334 -31.773 -31.866 -31.980 -32.482 -32.629 -32.760 -32.345 -32.280 -32.281 -32.721 -32.495 -32.208 -31.926 -31.935 -33.061 -32.080 -31.010 -30.860 -31.016 -30.703 -30.459 -30.009 -29.647 -29.293 -28.922 -28.622 -28.398 -28.181 -27.898 -27.651 -27.456 -27.263 -27.086 -26.867 -26.665 -26.498 -26.186 -25.955 -25.765 -25.485 -25.213 -24.931 -24.841 -24.897 -25.015 -25.124 -25.206
-15.073 -13.532 -12.144 -11.582 -12.131 -14.045 -17.521 -21.108 -23.188 -24.005 -25.099 -25.727 -26.680 -27.721 -28.639 -29.297 -29.880 -30.416 -30.653 -30.819 -31.304 -31.223 -30.947 -30.574 -30.748 -30.926 -30.814 -31.137 -31.517 -31.776 -31.609 -31.575 -31.709 -32.243 -32.581 -32.356 -32.007 -31.840 -32.326 -32.549 -31.647 -33.007 -32.836 -31.238 -30.689 -30.915 -30.572 -30.094 -29.686 -29.231 -28.832 -28.528 -28.190 -27.764 -27.596 -27.424 -27.199 -26.831 -26.544 -26.393 -26.054 -25.718 -25.475 -25.205 -24.879 -24.453 -24.083 -23.959 -24.139 -24.335 -24.429
-8.201 -7.315 -6.975 -7.147 -7.771 -8.913 -10.486 -13.435 -16.692 -20.077 -22.063 -23.103 -24.028 -25.071 -26.238 -27.332 -28.140 -28.660 -28.969 -29.185 -29.430 -29.609 -29.492 -29.577 -29.906 -29.923 -29.998 -29.953 -29.725 -29.650 -29.913 -30.203 -30.496 -30.758 -30.900 -30.854 -30.861 -30.868 -31.173 -31.131 -31.061 -31.723 -32.284 -31.733 -31.819 -32.685 -31.383 -30.553 -30.231 -29.786 -29.186 -28.605 -28.246 -27.923 -27.607 -27.557 -28.243 -27.434 -26.737 -25.860 -25.647 -25.388 -24.953 -24.668 -24.266 -23.769 -22.900 -22.604 -22.717 -22.965 -23.034
-4.754 -4.005 -3.830 -4.261 -5.066 -6.260 -7.748 -9.119 -11.334 -14.499 -16.901 -18.224 -19.516 -20.756 -22.182 -23.619 -24.818 -25.668 -26.210 -26.784 -27.448 -28.306 -29.831 -31.219 -30.446 -29.643 -29.048 -28.710 -28.667 -28.781 -28.616 -28.778 -29.064 -29.935 -30.392 -30.311 -30.671 -30.775 -30.892 -30.696 -30.347 -29.859 -29.519 -29.380 -29.377 -29.461 -29.610 -29.487 -29.045 -28.454 -27.924 -27.716 -27.006 -26.500 -26.374 -26.231 -26.208 -26.274 -25.687 -25.225 -25.063 -24.742 -24.383 -24.156 -23.848 -23.535 -22.979 -22.220 -21.635 -21.286 -21.119
-0.981 -0.280 -0.123 -0.599 -1.254 -2.439 -3.652 -5.034 -6.565 -9.327 -12.232 -14.398 -16.273 -16.851 -18.142 -19.739 -21.302 -22.750 -24.124 -25.393 -26.532 -27.951 -29.859 -29.948 -29.569 -29.135 -28.496 -28.173 -29.210 -29.045 -27.776 -28.473 -29.018 -28.866 -28.578 -28.115 -27.785 -27.782 -27.836 -27.740 -27.672 -27.717 -27.856 -28.136 -28.234 -27.775 -27.292 -26.813 -26.525 -26.548 -26.628 -26.741 -26.000 -24.851 -25.159 -24.752 -24.362 -24.597 -24.226 -24.103 -24.023 -23.477 -22.921 -22.673 -22.436 -21.393 -20.915 -20.400 -19.573 -18.789 -18.324
1.480 1.982 1.922 1.354 0.622 -0.315 -1.757 -5.937 -10.642 -12.776 -13.718 -14.640 -15.828 -16.639 -17.501 -18.228 -18.809 -20.564 -22.848 -24.304 -25.646 -26.457 -27.107 -27.507 -27.676 -28.050 -28.091 -27.204 -27.068 -27.158 -25.892 -26.190 -26.279 -26.243 -25.836 -25.381 -25.562 -26.525 -27.574 -27.843 -27.377 -26.266 -25.720 -26.170 -26.653 -26.364 -25.492 -24.815 -24.728 -24.269 -23.627 -24.025 -24.633 -23.350 -22.971 -22.497 -23.254 -22.620 -21.209 -20.779 -20.956 -20.456 -19.701 -18.850 -18.502 -18.197 -18.396 -18.335 -17.240 -16.694 -17.031
2.662 2.869 2.504 1.793 0.730 -1.006 -6.941 -10.266 -11.484 -11.360 -12.012 -13.210 -14.335 -15.034 -15.744 -16.858 -18.177 -19.633 -20.743 -21.782 -23.187 -23.734 -24.160 -24.104 -24.415 -24.767 -24.544 -24.105 -23.812 -23.732 -23.807 -24.057 -23.632 -23.026 -22.679 -22.073 -22.351 -22.963 -23.575 -24.415 -24.453 -24.057 -23.682 -23.810 -24.058 -24.281 -24.176 -23.659 -23.220 -22.584 -21.694 -22.458 -22.777 -21.156 -20.724 -20.220 -20.657 -20.064 -19.322 -19.040 -17.694 -16.652 -16.966 -16.530 -16.396 -16.087 -15.526 -15.283 -14.652 -13.445 -12.018
3.077 2.800 2.169 0.442 -2.249 -6.117 -9.644 -10.555 -10.815 -10.781 -11.511 -12.429 -13.093 -13.621 -14.157 -15.321 -16.078 -17.139 -18.168 -19.046 -19.784 -19.929 -19.700 -19.603 -20.738 -20.088 -19.516 -19.489 -19.778 -20.178 -20.497 -20.579 -20.282 -19.648 -19.225 -18.954 -19.430 -20.018 -19.917 -20.074 -20.189 -20.336 -20.432 -20.880 -21.334 -21.863 -22.002 -21.566 -21.300 -20.753 -19.932 -19.517 -19.655 -19.241 -18.726 -18.096 -18.502 -17.985 -17.552 -17.231 -16.545 -15.743 -15.377 -14.992 -14.930 -13.548 -12.494 -11.430 -10.115 -8.864 -7.615
2.597 1.882 0.644 -5.999 -10.288 -10.257 -11.115 -10.919 -10.419 -11.639 -12.733 -12.643 -12.459 -12.408 -13.014 -13.961 -14.915 -15.505 -15.680 -15.697 -15.616 -15.418 -15.032 -14.748 -15.330 -14.048 -13.970 -14.354 -14.950 -15.564 -16.199 -16.323 -16.240 -16.342 -16.269 -15.914 -15.471 -15.738 -16.227 -16.519 -16.402 -16.516 -16.973 -17.397 -18.154 -18.704 -18.738 -18.744 -18.938 -19.028 -18.644 -18.235 -17.791 -17.156 -16.524 -16.036 -15.807 -14.112 -13.242 -12.702 -12.681 -12.771 -12.603 -9.839 -7.293 -7.459 -6.750 -5.790 -5.012 -3.506 0.077
0.829 -0.392 -1.868 -5.981 -7.749 -7.973 -9.877 -10.211 -9.963 -10.311 -11.093 -11.910 -11.754 -11.628 -11.996 -12.037 -12.101 -12.282 -12.061 -11.664 -11.297 -11.198 -10.560 -10.097 -10.544 -9.435 -9.653 -10.608 -11.379 -12.183 -12.691 -13.015 -13.070 -12.963 -12.897 -12.606 -12.185 -12.124 -12.760 -13.010 -12.872 -12.997 -13.808 -14.449 -14.882 -15.998 -17.388 -18.231 -17.597 -17.720 -17.886 -17.802 -17.082 -16.045 -14.704 -13.861 -12.214 -7.688 -5.679 -5.215 -4.652 -4.736 -4.839 -3.303 -3.953 -5.133 -1.190 1.183 2.650 4.042 5.188
0.641 -0.455 -1.870 -3.051 -4.643 -5.879 -7.745 -7.735 -7.881 -8.549 -9.530 -10.050 -10.020 -10.008 -9.762 -9.105 -8.710 -8.370 -7.755 -7.455 -7.165 -6.751 -6.454 -6.278 -7.091 -6.603 -7.193 -8.158 -8.855 -9.692 -10.174 -10.489 -10.435 -10.135 -9.620 -9.062 -8.944 -8.920 -9.293 -9.478 -9.727 -10.445 -11.072 -11.759 -13.557 -15.952 -16.875 -17.519 -18.435 -17.563 -17.277 -16.950 -16.960 -16.747 -14.302 -11.902 -8.739 -5.785 -4.335 -3.293 -2.245 -1.233 -0.439 -2.341 -4.389 -2.419 2.047 3.825 4.855 6.053 7.110
1.247 1.264 0.633 0.122 -0.778 -1.834 -2.522 -3.474 -4.407 -5.358 -6.406 -6.904 -6.712 -6.474 -6.013 -5.595 -5.127 -4.705 -4.407 -4.102 -3.631 -3.625 -4.139 -4.568 -5.684 -5.024 -5.475 -6.343 -6.976 -7.166 -7.255 -7.406 -7.311 -7.019 -6.506 -6.455 -7.496 -7.368 -8.783 -10.850 -10.874 -9.132 -8.894 -9.912 -10.823 -13.173 -12.995 -13.649 -14.420 -14.585 -13.968 -13.302 -13.414 -13.978 -13.195 -10.059 -8.165 -6.122 -4.527 -2.852 -1.261 0.123 1.084 -0.719 -1.541 2.272 3.921 4.935 6.135 7.110 7.876
3.890 4.016 3.723 3.043 2.109 1.383 0.971 0.101 -0.552 -1.435 -1.975 -2.328 -2.278 -1.923 -1.671 -1.438 -1.212 -1.192 -1.412 -1.302 -1.308 -1.673 -2.205 -3.240 -3.827 -3.859 -4.081 -4.514 -5.107 -4.953 -4.852 -4.367 -3.955 -4.558 -6.139 -7.885 -10.396 -9.457 -8.946 -9.840 -11.908 -10.994 -8.493 -7.414 -7.854 -8.901 -8.577 -9.593 -10.995 -12.412 -12.074 -11.347 -11.107 -12.551 -13.343 -10.255 -8.795 -6.182 -4.893 -3.421 -1.608 -0.025 1.050 1.278 2.357 3.731 4.630 5.450 6.285 6.958 7.537
6.774 6.077 5.948 5.133 4.600 3.479 2.688 3.110 2.030 1.604 0.451 0.951 1.789 2.063 2.355 2.411 2.442 2.555 2.314 1.860 1.254 0.990 0.595 -0.960 -1.826 -1.339 -1.255 -2.321 -2.834 -2.741 -3.507 -3.670 -3.143 -3.177 -3.820 -7.235 -10.998 -9.135 -6.484 -8.975 -9.832 -7.305 -5.564 -6.085 -8.192 -7.070 -5.808 -6.120 -7.962 -9.318 -8.014 -8.863 -8.924 -8.974 -8.428 -8.549 -9.153 -5.189 -4.283 -3.386 -2.036 -0.769 0.197 1.185 2.448 3.431 4.307 5.052 5.610 6.126 6.612
8.975 7.949 6.989 4.556 3.492 3.053 4.168 5.584 6.313 5.713 3.480 3.831 6.111 6.441 6.491 6.924 7.007 6.433 5.642 5.108 4.067 4.256 3.929 2.271 1.235 1.757 2.271 1.925 2.022 1.547 1.370 1.803 1.018 -0.664 -1.180 0.305 -1.176 -5.566 -5.364 -6.167 -6.699 -5.978 -3.539 -3.512 -3.535 -3.647 -4.469 -4.467 -6.376 -5.449 -4.424 -6.009 -6.609 -5.538 -5.665 -7.364 -4.528 -2.213 -2.389 -2.479 -2.129 -1.356 -0.367 0.737 1.851 2.809 3.546 4.068 4.387 4.917 5.524
9.749 8.353 9.319 8.413 10.550 9.555 9.927 8.593 6.517 7.517 7.687 8.173 8.833 9.379 9.448 9.723 9.782 6.677 5.438 6.622 7.225 7.300 6.744 5.664 5.233 5.978 6.305 6.268 5.844 4.768 3.460 2.222 -0.268 -1.823 -2.700 -1.996 0.922 1.069 0.332 0.058 0.125 0.034 -0.269 0.338 1.001 0.084 -1.387 -3.042 -2.401 -0.597 -1.968 -3.498 -4.460 -2.810 -3.425 -2.066 -0.051 0.171 -0.671 -1.366 -1.444 -0.816 0.139 1.080 1.850 2.424 2.849 3.324 3.562 4.082 5.004
8.839 10.624 12.633 13.141 12.734 13.058 12.113 12.240 11.898 8.770 9.862 10.867 11.344 10.125 8.881 9.881 9.219 6.922 4.069 5.820 8.632 9.813 10.433 9.888 10.011 9.818 9.977 9.079 8.228 3.588 -1.572 -4.479 -1.805 3.090 4.895 4.769 5.646 6.576 5.122 2.036 3.574 4.609 3.764 3.273 2.192 0.961 0.136 0.394 1.239 1.676 -0.059 -2.142 -2.226 1.221 1.425 2.679 3.843 3.393 2.774 1.541 1.571 1.969 2.567 3.034 3.359 3.666 4.024 4.449 4.879 5.289 5.649
11.118 13.992 14.617 14.879 14.707 14.905 14.857 14.746 15.235 12.975 14.121 14.298 11.736 9.429 9.525 7.603 7.963 6.886 4.016 5.694 9.650 11.942 13.423 12.144 12.519 12.737 12.796 9.872 4.919 -3.981 -9.437 0.488 7.965 8.158 8.097 5.875 1.679 0.622 0.017 -5.588 -4.685 1.923 5.508 5.489 4.788 3.811 4.664 7.526 5.441 3.842 3.175 3.036 4.579 5.816 6.258 6.965 6.850 6.525 7.055 6.721 6.678 6.727 6.680 6.674 6.757 6.929 7.137 7.426 7.693 7.909 8.047
13.985 14.254 14.480 14.631 15.297 16.257 15.867 16.539 16.603 16.137 15.913 16.247 15.687 14.950 14.615 14.991 15.260 15.556 13.046 7.186 6.287 9.601 10.640 10.892 9.492 12.661 10.976 7.677 5.274 -3.803 -7.529 -11.015 -7.508 -3.839 -5.948 -10.500 -10.935 -8.788 -3.596 -2.089 -3.830 -0.777 3.887 5.750 6.965 6.842 8.124 9.246 7.074 6.438 6.689 6.910 7.775 9.461 10.208 9.481 8.279 10.699 11.350 11.406 11.234 11.308 11.175 11.069 11.030 11.138 11.225 11.275 11.392 11.469 11.521
12.875 13.484 15.763 18.638 18.819 18.640 17.826 17.608 17.584 17.483 17.367 17.290 17.631 17.859 18.195 15.478 16.191 17.699 19.346 14.546 8.402 10.049 14.259 15.485 12.541 13.270 7.513 3.521 4.299 12.580 9.071 -4.741 -11.712 -11.095 -8.990 -9.031 -8.844 -8.400 -6.439 -5.346 -4.766 -2.191 2.615 8.023 9.723 10.255 11.389 11.064 10.161 9.231 10.197 10.889 12.095 12.232 12.798 13.376 14.148 14.754 15.062 15.070 14.788 14.906 14.928 14.842 14.836 14.883 14.916 14.971 14.994 14.986 14.965
17.056 17.305 18.749 19.717 19.462 18.990 19.720 19.876 19.425 20.133 19.812 19.206 19.324 19.290 18.922 17.430 18.088 19.014 20.799 21.819 19.691 10.053 11.781 13.450 17.237 17.683 17.170 13.573 13.043 20.703 20.062 14.464 -1.161 -8.073 -7.114 -6.412 -5.761 -5.383 -5.142 -3.915 -2.129 0.313 8.369 13.947 12.047 12.245 13.114 12.579 12.994 12.850 13.703 15.052 16.095 16.086 17.092 17.219 17.220 17.486 17.607 17.642 17.574 17.442 17.834 17.890 17.862 17.906 17.959 17.993 17.993 17.978 17.894
20.146 19.861 19.764 20.448 20.481 20.182 20.192 20.513 21.184 21.579 20.668 20.434 20.515 20.425 19.962 18.725 19.533 19.565 20.709 21.821 22.769 19.869 15.805 14.920 18.761 17.344 19.334 17.416 21.572 24.281 24.371 22.736 20.919 15.277 4.673 -1.767 -1.989 -1.050 4.298 5.533 2.632 4.752 11.932 14.967 14.132 14.426 14.903 15.132 14.705 14.836 16.328 18.234 19.038 19.466 19.578 19.727 19.806 19.754 19.764 19.863 19.920 19.828 20.139 20.296 20.277 20.302 20.353 20.407 20.377 20.354 20.224
20.839 22.128 21.439 20.109 20.623 21.299 21.148 21.444 21.926 21.648 20.968 20.069 20.299 21.606 23.015 22.796 20.997 20.612 21.661 22.002 23.583 23.167 23.050 23.860 23.194 22.135 22.195 22.834 24.571 26.281 25.253 25.279 24.954 23.881 23.363 20.204 17.408 16.080 17.237 16.985 11.259 11.953 12.560 15.381 16.236 16.426 16.899 16.854 17.168 18.101 19.881 20.880 21.169 21.283 21.517 21.837 21.889 21.810 21.789 21.881 21.920 22.040 22.248 22.330 22.268 22.292 22.333 22.402 22.334 22.287 22.175
22.298 22.549 21.721 18.794 19.649 20.012 20.122 21.193 21.059 20.440 21.087 19.724 21.548 22.747 24.133 23.225 24.261 22.896 22.203 22.381 24.107 25.245 24.839 24.864 25.017 24.023 23.772 23.924 24.980 26.609 26.687 26.755 25.788 23.624 22.418 22.171 21.214 20.405 18.816 19.854 16.023 15.873 16.551 19.175 19.713 19.210 19.669 19.754 20.715 20.383 22.834 23.134 23.072 23.013 23.151 23.435 23.588 23.606 23.641 23.659 23.677 23.786 23.960 23.985 23.897 23.833 23.847 23.846 23.788 23.718 23.649
23.855 23.379 22.780 22.829 21.736 22.181 22.208 20.478 18.851 21.102 21.080 20.846 22.391 23.899 25.320 24.909 25.384 22.882 22.937 23.880 25.412 26.487 26.972 27.208 25.971 23.952 24.030 24.068 24.430 25.409 26.219 26.533 26.082 24.558 23.548 23.435 23.469 23.154 21.022 21.178 19.226 19.414 19.296 21.655 21.247 22.084 22.470 22.867 23.726 24.183 24.432 24.449 24.505 24.578 24.642 24.738 24.873 24.986 25.054 25.057 25.080 25.183 25.232 25.214 25.149 25.085 25.052 24.984 24.936 24.810 24.745
25.133 24.758 24.450 24.443 22.342 23.020 23.949 24.495 24.584 23.855 22.071 22.559 23.777 25.463 26.760 26.140 25.773 24.753 21.176 24.331 26.056 26.186 26.162 25.857 24.225 24.234 24.468 24.695 24.957 25.512 24.890 26.381 26.625 24.917 24.168 25.289 24.981 24.884 23.879 23.233 22.525 22.778 21.572 22.707 22.843 23.661 24.739 25.039 25.377 25.300 25.526 25.475 25.600 25.742 25.769 25.719 25.842 26.043 25.901 25.884 25.995 26.009 26.009 25.966 25.947 25.837 25.752 25.681 25.590 25.422 25.383
26.182 26.317 25.656 25.260 25.065 24.783 25.348 26.396 26.943 25.902 23.238 23.076 24.874 25.949 26.937 26.755 24.615 26.706 21.907 24.069 24.212 24.580 23.929 24.303 24.287 24.398 24.587 24.862 25.091 25.616 25.026 26.304 26.523 26.470 26.154 26.077 25.716 25.414 25.211 25.246 24.312 24.795 24.834 23.448 24.435 25.235 25.705 25.980 26.003 24.473 25.765 25.843 26.272 26.384 26.295 26.293 26.410 26.562 26.427 26.364 26.448 26.441 26.360 26.257 26.135 26.031 25.932 25.834 25.718 25.609 25.506
25.671 25.656 25.518 24.890 25.270 26.989 27.438 27.719 27.796 26.033 23.639 24.205 25.453 26.283 25.785 22.849 18.526 25.923 23.319 23.442 25.109 25.345 24.724 24.607 24.635 24.761 24.958 25.288 25.471 25.767 25.406 23.946 25.476 26.783 26.496 26.465 26.288 25.990 25.826 25.919 24.694 25.186 25.199 24.702 24.265 25.910 26.202 26.287 26.319 25.801 25.908 26.176 26.548 26.710 26.572 26.579 26.661 26.666 26.446 26.434 26.494 26.452 26.323 26.188 26.035 25.950 25.872 25.825 25.772 25.699 25.573
25.341 25.546 25.051 23.909 23.358 25.895 26.572 26.956 26.258 25.760 25.066 25.157 24.809 24.882 24.399 19.959 16.133 24.016 24.588 24.814 24.512 25.094 24.729 24.921 25.186 25.306 25.504 25.712 25.695 25.900 25.888 24.100 26.059 26.481 26.735 26.667 26.516 26.225 25.983 25.961 25.339 25.229 24.625 24.858 24.830 26.187 26.416 26.400 26.302 25.854 25.787 26.244 26.710 26.697 26.545 26.517 26.574 26.587 26.466 26.430 26.397 26.389 26.293 26.149 25.984 25.940 25.920 25.961 26.002 25.892 25.671
