data-raw/tempfiles/20_grid_data_20000BP.asc
ncols 144
nrows 72
xllcorner -180
yllcorner -90
cellsize 2.5
nodata_value -9999
[rows 32 to 63 of 72, columns 0 to 70 of 144]
25.560 25.262 25.212 25.157 25.079 25.005 24.993 24.928 24.878 24.751 24.648 24.558 24.477 24.388 24.320 24.251 24.229 24.177 24.125 24.116 24.142 24.149 24.184 24.311 24.470 24.597 24.708 24.821 25.009 25.219 25.303 25.390 25.496 25.641 25.776 25.739 25.680 25.672 24.493 24.638 24.672 24.006 23.809 21.875 24.425 25.448 25.394 24.746 25.082 25.367 25.450 25.460 25.447 25.277 25.155 24.892 24.714 24.420 24.332 24.231 24.161 24.151 24.140 24.123 24.434 24.919 24.991 23.477 22.558 23.476 24.199
25.716 25.497 25.426 25.371 25.302 25.236 25.190 25.182 25.215 25.132 24.984 24.892 24.817 24.719 24.649 24.588 24.558 24.473 24.380 24.305 24.283 24.230 24.162 24.233 24.350 24.477 24.551 24.609 24.666 24.702 24.751 24.844 24.996 25.148 25.234 25.298 25.407 25.526 25.555 25.330 24.245 20.696 19.048 22.117 23.960 20.959 22.245 21.971 23.278 24.675 24.973 25.176 25.256 25.208 25.157 25.013 24.873 24.620 24.522 24.553 24.593 24.599 24.551 24.508 24.690 25.014 25.494 24.557 23.413 23.578 23.998
25.727 25.675 25.622 25.631 25.546 25.472 25.498 25.544 25.632 25.596 25.331 25.115 25.077 24.970 24.791 24.823 24.724 24.528 24.497 24.376 24.171 24.106 23.989 23.920 24.006 24.052 24.105 24.219 24.209 24.214 24.206 24.247 24.384 24.549 24.697 24.820 24.950 24.913 24.805 24.604 23.967 20.448 21.077 23.588 23.158 21.082 21.310 23.791 23.803 24.187 24.373 24.552 25.134 25.109 25.218 25.167 24.945 24.709 24.595 24.691 24.786 24.700 24.551 24.401 24.416 24.523 24.801 24.817 24.594 24.446 24.633
25.793 25.840 25.797 25.743 25.642 25.528 25.479 25.569 25.674 25.561 25.269 25.037 24.866 24.762 24.655 24.614 24.504 24.271 24.124 24.026 23.816 23.612 23.427 23.303 23.213 23.239 23.237 23.324 23.400 23.337 23.276 23.249 23.275 23.245 23.331 23.478 23.661 23.654 23.730 23.637 20.995 20.210 22.949 23.326 23.566 23.118 23.386 24.526 24.211 24.841 25.111 24.643 25.179 25.239 25.363 25.265 25.115 24.923 24.789 24.808 24.738 24.539 24.306 24.080 23.947 23.929 24.093 24.201 24.300 24.281 24.307
26.056 26.026 26.023 25.985 25.864 25.734 25.650 25.669 25.689 25.585 25.396 25.215 25.048 24.926 24.893 24.827 24.679 24.504 24.357 24.207 24.055 23.837 23.573 23.325 23.146 23.020 22.964 22.999 23.052 23.018 22.909 22.753 22.668 22.507 22.427 22.353 22.559 22.406 22.398 22.324 17.381 23.017 23.658 23.869 24.231 23.981 23.673 24.787 25.228 26.034 26.792 26.882 25.933 25.328 25.396 25.465 25.312 25.160 24.975 24.901 24.779 24.555 24.277 23.980 23.739 23.635 23.587 23.596 23.690 23.725 23.661
26.287 26.152 26.254 26.208 26.048 25.945 25.852 25.823 25.805 25.644 25.509 25.420 25.272 25.207 25.249 25.079 24.923 24.823 24.654 24.508 24.414 24.195 24.017 23.861 23.598 23.459 23.377 23.205 23.165 23.162 22.988 22.851 22.755 22.515 22.371 22.245 22.226 22.014 21.567 21.831 19.551 23.249 23.819 24.153 24.548 23.353 23.752 24.805 25.980 25.735 25.710 26.275 25.843 24.844 26.260 26.259 25.819 25.609 25.219 25.099 25.017 24.782 24.505 24.186 23.944 23.804 23.666 23.565 23.537 23.532 23.432
26.362 26.154 26.365 26.409 26.181 26.030 26.025 25.967 25.890 25.756 25.655 25.591 25.542 25.479 25.413 25.234 25.098 24.948 24.845 24.707 24.553 24.419 24.253 24.142 24.020 23.837 23.693 23.518 23.385 23.224 23.009 22.792 22.658 22.469 22.230 22.025 21.952 21.890 21.472 21.529 18.422 21.862 23.566 24.365 25.034 24.372 24.059 24.153 25.004 24.458 23.977 24.429 25.195 25.134 25.498 25.709 26.255 25.252 25.193 25.236 25.142 24.916 24.641 24.354 24.084 23.897 23.660 23.326 23.116 23.043 22.942
26.348 26.151 26.436 26.524 26.285 26.153 26.156 26.140 26.011 25.781 25.649 25.608 25.618 25.613 25.490 25.290 25.134 25.027 24.953 24.818 24.655 24.463 24.277 24.156 24.061 23.945 23.830 23.677 23.445 23.160 22.885 22.607 22.334 22.040 21.687 21.407 21.351 21.418 21.120 20.326 17.452 17.392 22.982 22.672 23.607 24.162 24.665 24.009 23.797 23.468 23.329 23.754 24.744 24.452 24.861 24.597 24.418 23.120 25.097 25.177 25.053 24.812 24.504 24.195 23.887 23.591 23.247 22.775 22.318 22.209 22.152
26.111 25.885 26.121 26.275 26.134 26.093 26.082 26.010 25.886 25.688 25.596 25.610 25.697 25.711 25.580 25.416 25.255 25.104 25.032 24.878 24.686 24.486 24.284 24.088 23.999 23.864 23.711 23.597 23.321 23.027 22.722 22.329 21.897 21.526 21.099 20.769 20.576 20.533 20.370 20.099 19.061 12.458 18.899 22.151 22.904 23.667 23.558 23.432 22.928 23.213 23.342 23.735 23.746 21.853 22.943 21.751 23.186 24.423 25.117 24.959 24.702 24.435 24.104 23.755 23.357 22.964 22.593 22.125 21.697 21.326 21.143
25.646 25.455 25.588 25.601 25.603 25.587 25.597 25.572 25.487 25.387 25.420 25.516 25.611 25.636 25.534 25.398 25.243 25.015 24.818 24.697 24.558 24.354 24.156 23.969 23.763 23.570 23.350 23.134 22.937 22.662 22.317 21.952 21.498 21.066 20.568 19.964 19.567 19.499 19.627 19.517 19.013 16.503 9.718 10.090 19.109 23.175 22.649 22.409 21.948 22.925 22.927 23.343 22.133 20.524 21.174 20.079 23.058 24.948 24.964 24.635 24.268 23.924 23.555 23.154 22.742 22.459 22.142 21.679 21.156 20.723 20.432
24.987 24.889 24.957 24.864 24.770 24.804 24.903 24.981 24.947 24.926 25.009 25.114 25.172 25.182 25.145 25.068 24.904 24.609 24.404 24.276 24.186 24.019 23.844 23.634 23.454 23.222 22.952 22.685 22.395 22.148 21.871 21.486 20.944 20.407 20.073 19.417 19.198 19.056 18.908 18.796 18.548 18.596 16.107 9.374 8.771 17.939 21.865 22.037 22.962 23.744 22.675 22.314 20.356 20.013 20.026 20.046 23.113 24.666 24.661 24.311 23.952 23.550 23.137 22.680 22.227 22.081 21.864 21.414 20.986 20.504 20.122
23.952 23.844 23.873 23.794 23.680 23.736 23.920 24.025 24.024 24.018 24.029 24.027 24.064 24.157 24.191 24.262 24.178 23.883 23.645 23.498 23.439 23.362 23.232 23.143 23.011 22.817 22.604 22.325 22.046 21.794 21.229 20.696 20.118 20.155 20.032 19.637 19.120 18.920 18.625 18.523 18.307 18.120 17.961 17.275 7.629 9.529 18.485 22.205 22.886 23.325 22.069 21.385 20.560 19.364 19.393 21.270 23.035 24.059 24.054 23.805 23.521 23.179 22.799 22.344 21.880 21.798 21.731 21.302 20.968 20.553 20.171
22.675 22.498 22.439 22.378 22.357 22.457 22.567 22.609 22.640 22.650 22.650 22.626 22.708 22.845 22.966 23.084 23.073 22.829 22.571 22.461 22.437 22.443 22.396 22.340 22.262 22.168 22.036 21.859 21.629 21.340 20.584 20.089 19.906 19.974 19.765 19.430 19.039 18.743 18.445 18.147 17.920 17.604 17.046 17.147 9.710 5.893 17.760 22.083 22.260 21.070 21.428 21.467 20.246 18.507 18.744 21.685 22.998 23.434 23.207 23.018 22.804 22.557 22.314 21.985 21.501 21.399 21.330 21.113 20.858 20.536 20.074
21.191 21.067 21.009 20.983 20.989 21.025 21.051 21.032 21.073 21.132 21.124 21.166 21.288 21.401 21.465 21.564 21.549 21.432 21.322 21.262 21.257 21.285 21.273 21.232 21.160 21.149 21.124 21.148 21.016 20.495 20.003 19.713 19.669 19.540 19.288 18.950 18.641 18.405 18.131 17.841 17.554 17.068 16.429 16.822 9.100 5.012 19.197 21.390 20.662 19.408 19.541 18.749 18.655 19.910 21.419 22.186 22.314 22.302 22.076 21.925 21.865 21.746 21.596 21.386 21.046 20.827 20.787 20.619 20.429 20.208 19.790
19.589 19.551 19.547 19.573 19.578 19.569 19.563 19.508 19.490 19.530 19.586 19.640 19.732 19.793 19.811 19.877 19.859 19.812 19.840 19.844 19.847 19.875 19.867 19.832 19.836 19.827 19.988 20.090 19.795 19.175 19.409 19.121 18.989 18.733 18.497 18.152 17.918 17.675 17.482 17.150 16.991 16.420 15.712 16.079 3.602 8.543 19.112 20.072 19.496 18.308 17.455 16.205 18.879 20.312 20.987 21.098 20.948 20.845 20.703 20.650 20.649 20.617 20.495 20.370 20.158 19.887 19.791 19.701 19.543 19.406 19.152
18.067 18.102 18.137 18.144 18.087 18.098 18.075 18.024 18.001 17.982 18.008 18.037 18.090 18.104 18.105 18.143 18.116 18.145 18.178 18.184 18.212 18.212 18.193 18.223 18.262 18.318 18.675 18.660 18.088 17.999 18.040 17.929 17.752 17.480 17.369 17.074 16.897 16.655 16.460 16.209 16.196 15.710 15.035 13.977 5.804 15.683 18.379 18.182 17.867 17.481 16.583 16.232 18.492 19.623 19.739 19.532 19.388 19.342 19.265 19.261 19.230 19.224 19.150 19.042 18.897 18.693 18.521 18.431 18.452 18.476 18.337
16.736 16.739 16.733 16.670 16.608 16.570 16.514 16.482 16.459 16.445 16.418 16.408 16.425 16.444 16.426 16.423 16.401 16.416 16.464 16.447 16.416 16.396 16.384 16.394 16.444 16.696 17.135 16.870 16.582 16.567 16.439 16.311 16.251 16.111 16.029 15.783 15.644 15.483 15.412 15.373 15.349 14.890 14.202 11.187 10.551 16.910 16.259 16.189 16.020 15.802 16.157 17.612 18.087 18.396 18.198 17.878 17.748 17.702 17.716 17.781 17.740 17.678 17.623 17.581 17.481 17.316 17.218 17.083 16.929 16.783 17.024
15.355 15.402 15.289 15.165 15.034 14.969 14.926 14.859 14.800 14.792 14.743 14.678 14.643 14.634 14.602 14.633 14.610 14.614 14.613 14.540 14.438 14.418 14.347 14.339 14.514 14.791 15.043 14.684 14.260 14.372 14.436 14.399 14.471 14.381 14.359 14.265 14.175 14.108 14.155 14.176 14.145 13.830 13.160 10.612 10.197 14.796 15.159 14.610 14.736 14.860 15.566 16.270 16.950 16.902 16.645 16.389 16.235 16.156 16.109 16.079 16.026 15.937 15.857 15.890 15.852 15.747 15.711 15.510 15.332 15.148 15.133
13.980 14.018 13.856 13.704 13.528 13.418 13.315 13.237 13.177 13.128 13.052 12.983 12.866 12.826 12.817 12.840 12.826 12.800 12.773 12.697 12.600 12.494 12.377 12.522 12.341 12.629 12.501 12.375 12.248 11.938 12.185 12.381 12.449 12.552 12.471 12.511 12.620 12.643 12.660 12.660 12.725 12.326 11.782 9.157 10.964 14.244 13.446 12.693 13.345 13.827 14.336 15.059 15.653 15.436 15.123 14.876 14.727 14.552 14.456 14.322 14.181 14.046 13.992 13.984 14.020 13.971 13.875 13.615 13.374 13.223 13.194
12.648 12.772 12.538 12.350 12.101 11.932 11.790 11.678 11.596 11.506 11.428 11.320 11.197 11.077 10.991 10.982 10.995 10.992 10.980 10.931 10.817 10.690 10.658 10.613 10.202 10.179 10.231 10.173 10.095 9.669 10.204 10.430 10.507 10.604 10.654 10.779 10.911 11.081 11.232 11.254 11.216 10.999 10.065 7.085 12.126 13.414 12.767 12.657 12.348 11.602 12.405 13.542 13.853 13.546 13.238 13.044 12.863 12.699 12.593 12.454 12.249 12.099 12.021 11.995 11.970 11.905 11.815 11.632 11.346 11.053 10.837
11.039 11.254 11.010 10.784 10.523 10.288 10.120 9.976 9.883 9.777 9.666 9.553 9.411 9.283 9.159 9.082 9.067 9.054 9.008 8.970 8.859 8.734 8.625 8.402 8.343 8.199 8.369 8.096 8.174 8.100 8.502 8.595 8.620 8.666 8.710 8.908 9.059 9.299 9.561 9.624 9.523 9.288 8.226 5.531 7.881 11.053 11.952 11.022 9.899 9.396 10.177 11.307 11.371 10.922 10.614 10.357 10.192 10.106 10.066 10.030 9.959 9.843 9.822 9.745 9.679 9.572 9.539 9.449 9.117 8.691 8.412
8.891 9.269 9.191 9.028 8.778 8.507 8.353 8.209 8.106 8.026 7.929 7.768 7.628 7.486 7.380 7.269 7.191 7.129 7.051 7.002 6.918 6.856 6.800 6.562 6.487 6.452 6.303 6.266 6.416 6.672 6.857 6.912 6.839 6.788 6.851 7.019 7.255 7.537 7.815 7.862 7.846 7.643 6.078 3.787 7.690 10.164 9.454 8.394 7.664 7.691 8.512 8.986 8.871 8.378 8.031 7.796 7.637 7.487 7.430 7.372 7.315 7.300 7.342 7.367 7.320 7.101 6.960 6.874 6.695 6.406 6.342
6.531 6.921 6.997 6.928 6.765 6.585 6.465 6.351 6.265 6.167 6.062 5.923 5.798 5.688 5.592 5.490 5.429 5.339 5.249 5.169 5.142 5.106 5.096 4.898 4.993 4.761 4.615 4.784 5.058 5.191 5.180 5.131 5.046 5.073 5.178 5.286 5.494 5.789 5.990 6.050 6.031 5.725 2.185 1.948 6.261 7.441 7.152 6.442 5.874 6.010 6.583 6.792 6.544 6.135 5.921 5.811 5.612 5.368 5.157 4.935 4.785 4.746 4.806 4.916 4.912 4.635 4.330 4.110 3.950 3.869 3.849
4.814 5.091 5.240 5.194 5.064 4.974 4.891 4.846 4.765 4.652 4.552 4.426 4.272 4.143 4.027 3.950 3.928 3.872 3.784 3.734 3.675 3.570 3.557 3.224 3.170 3.131 3.248 3.515 3.524 3.551 3.499 3.493 3.499 3.507 3.623 3.725 3.823 4.088 4.352 4.475 4.439 3.889 -1.055 1.135 5.352 5.997 5.396 5.001 4.497 4.387 4.411 4.279 4.073 3.813 3.599 3.535 3.343 3.101 2.902 2.652 2.402 2.342 2.357 2.469 2.511 2.326 1.971 1.605 1.283 1.126 1.130
3.166 3.330 3.388 3.300 3.174 3.146 3.120 3.118 3.100 3.013 2.877 2.718 2.558 2.426 2.363 2.317 2.276 2.231 2.198 2.158 2.106 1.767 1.564 1.606 1.407 1.269 1.675 1.821 1.777 1.820 1.792 1.829 1.882 1.871 1.872 1.977 2.142 2.363 2.587 2.756 2.744 2.685 -0.030 1.429 3.413 3.522 3.440 3.346 3.215 2.614 2.108 1.785 1.506 1.171 0.831 0.654 0.524 0.427 0.291 0.083 -0.059 -0.112 -0.074 0.063 0.040 -0.088 -0.387 -0.803 -1.239 -1.474 -1.632
1.470 1.513 1.479 1.369 1.203 1.123 1.104 1.070 1.026 0.901 0.688 0.453 0.228 0.123 0.131 0.125 0.104 0.072 0.034 0.042 -0.043 -0.141 -0.084 -0.269 -0.381 -0.230 -0.109 -0.080 -0.045 -0.002 0.025 0.028 -0.097 -0.083 -0.053 0.011 0.141 0.287 0.423 0.481 0.764 1.029 0.542 -0.185 0.488 1.427 1.539 1.416 1.322 0.797 0.199 -0.200 -0.587 -1.003 -1.398 -1.615 -1.717 -1.896 -1.998 -2.347 -2.567 -2.624 -2.568 -2.470 -2.469 -2.535 -2.767 -3.070 -3.522 -3.844 -4.127
-0.709 -0.843 -0.953 -1.106 -1.265 -1.404 -1.485 -1.597 -1.793 -1.976 -2.275 -2.614 -2.900 -3.018 -2.962 -2.830 -2.752 -2.769 -2.879 -2.982 -2.988 -2.885 -2.725 -2.607 -2.576 -2.526 -2.487 -2.433 -2.406 -2.407 -2.378 -2.407 -2.491 -2.524 -2.516 -2.483 -2.386 -2.275 -2.131 -1.932 -1.604 -1.136 -0.920 -0.807 -0.745 -0.691 -1.114 -1.458 -1.733 -2.071 -2.538 -2.887 -3.242 -3.484 -3.706 -3.787 -3.793 -3.889 -4.175 -4.610 -4.996 -5.187 -5.003 -4.868 -4.909 -5.057 -5.286 -5.585 -5.915 -6.239 -6.545
-3.478 -3.832 -3.857 -3.932 -4.089 -4.220 -4.332 -4.571 -4.801 -5.093 -5.415 -5.708 -5.989 -6.106 -6.059 -5.963 -5.950 -6.037 -6.058 -6.047 -5.894 -5.737 -5.455 -5.323 -5.268 -5.199 -5.138 -5.032 -5.050 -5.069 -5.049 -5.029 -5.038 -4.962 -4.904 -4.821 -4.671 -4.477 -4.226 -3.988 -3.704 -3.488 -3.222 -3.020 -3.132 -3.380 -4.014 -4.481 -5.002 -5.453 -5.970 -6.357 -6.721 -6.785 -6.921 -6.940 -6.954 -7.104 -7.351 -7.614 -7.929 -8.046 -7.699 -7.651 -7.869 -8.167 -8.472 -8.696 -8.805 -8.885 -8.884
-6.472 -6.842 -6.855 -6.947 -7.079 -7.210 -7.399 -7.673 -7.902 -8.071 -8.569 -8.756 -9.100 -9.268 -9.345 -9.435 -9.172 -8.795 -8.623 -8.562 -8.460 -8.302 -8.014 -7.813 -7.717 -7.593 -7.552 -7.550 -7.640 -7.621 -7.590 -7.549 -7.431 -7.285 -7.171 -6.964 -6.719 -6.412 -6.109 -5.889 -5.681 -5.728 -5.715 -5.759 -6.083 -6.459 -6.860 -7.460 -8.349 -9.235 -10.019 -10.638 -11.211 -11.487 -11.379 -10.596 -10.457 -10.388 -10.416 -10.543 -10.721 -10.756 -10.692 -10.774 -10.940 -11.155 -11.242 -11.246 -11.235 -11.132 -10.977
-10.250 -10.444 -10.432 -10.406 -10.539 -10.722 -10.969 -11.292 -11.401 -11.503 -11.720 -11.918 -12.091 -12.087 -11.958 -11.732 -11.487 -11.316 -11.148 -11.009 -10.871 -10.526 -10.147 -9.994 -9.890 -9.804 -9.809 -9.847 -9.811 -9.758 -9.681 -9.502 -9.307 -9.158 -8.993 -8.760 -8.498 -8.229 -8.051 -7.983 -7.962 -8.160 -8.308 -8.717 -9.269 -9.600 -10.586 -12.773 -13.628 -13.600 -14.054 -14.805 -15.496 -15.904 -15.437 -14.159 -13.409 -13.261 -13.164 -13.160 -13.290 -13.391 -13.491 -13.817 -14.138 -14.140 -13.932 -13.857 -13.779 -13.628 -13.327
-15.060 -14.684 -14.502 -14.362 -14.317 -14.322 -14.374 -14.477 -14.523 -14.533 -14.646 -14.682 -14.605 -14.450 -14.289 -14.225 -14.201 -14.050 -13.826 -13.696 -13.638 -13.587 -13.592 -13.581 -13.419 -13.233 -13.188 -13.161 -13.098 -12.876 -12.573 -12.313 -12.057 -11.873 -11.747 -11.639 -11.499 -11.350 -11.377 -11.301 -11.408 -11.550 -11.550 -11.870 -12.609 -15.671 -16.973 -16.979 -15.884 -17.047 -17.684 -18.253 -18.526 -18.794 -18.685 -18.099 -17.440 -17.111 -16.547 -16.328 -16.340 -16.387 -16.495 -16.846 -17.083 -17.283 -17.006 -16.851 -16.805 -16.508 -16.247
-19.505 -18.526 -18.071 -17.702 -17.482 -17.255 -17.149 -17.148 -17.109 -17.090 -17.107 -17.066 -16.976 -16.908 -16.802 -16.717 -16.599 -16.497 -16.469 -16.595 -16.764 -16.915 -16.990 -16.970 -16.781 -16.621 -16.635 -16.714 -16.614 -16.365 -16.098 -15.793 -15.479 -15.317 -15.209 -15.229 -15.211 -15.279 -15.368 -15.275 -15.227 -15.398 -15.597 -16.641 -17.307 -20.601 -20.647 -19.909 -19.211 -20.111 -20.348 -20.561 -21.028 -21.476 -21.598 -21.674 -21.640 -21.395 -20.794 -20.509 -20.336 -20.092 -19.873 -19.843 -19.795 -19.852 -19.865 -19.821 -19.635 -19.613 -19.397
