data-raw/tempfiles/20_grid_data_20000BP.asc
ncols 144
nrows 72
xllcorner -180
yllcorner -90
cellsize 2.5
nodata_value -9999
[rows 32 to 63 of 72, columns 71 to 141 of 144]
24.823 24.245 23.998 24.311 23.660 24.188 24.340 24.929 25.432 25.022 23.826 24.314 24.667 24.738 23.169 17.400 15.960 19.465 20.977 23.227 24.013 24.619 24.774 25.088 25.389 25.566 25.788 26.016 26.062 26.085 26.101 25.443 26.176 26.302 26.629 26.593 26.514 26.298 26.149 26.069 25.518 25.341 25.089 25.120 26.014 26.267 26.375 26.467 26.315 26.186 25.241 25.495 26.335 26.380 26.293 26.254 26.340 26.409 26.382 26.213 26.245 26.369 26.260 26.090 26.041 26.047 26.053 26.114 26.208 26.047 25.788
24.337 24.613 24.356 23.997 23.069 21.224 21.298 22.745 23.810 23.515 23.429 23.846 23.901 24.737 25.862 20.836 17.808 22.450 24.738 25.314 25.503 24.642 25.007 25.202 25.378 25.469 25.603 25.791 25.914 26.025 26.102 26.190 26.093 25.609 26.494 26.515 26.529 26.418 26.271 25.739 25.738 23.891 24.624 25.140 25.864 25.934 26.146 24.869 25.694 26.041 25.539 25.558 26.154 26.154 26.125 26.105 26.133 26.069 25.793 25.956 26.297 26.242 26.204 26.056 26.101 26.161 26.126 26.104 26.155 26.053 25.876
24.670 24.690 24.623 24.175 23.116 21.848 21.360 22.206 22.987 22.654 22.181 22.424 22.182 23.155 24.986 26.642 22.472 24.686 25.610 26.004 24.887 24.951 25.113 25.205 25.312 25.378 25.520 25.692 25.857 25.952 25.997 25.974 26.005 26.066 26.171 26.245 26.307 26.300 26.180 24.356 24.095 23.720 23.651 24.201 24.650 24.741 24.532 23.262 25.549 25.969 25.938 25.894 26.006 26.041 25.964 25.640 25.580 25.879 26.078 26.240 26.334 26.264 26.160 26.009 26.028 26.113 26.066 26.053 26.146 26.219 26.166
24.307 24.327 24.315 24.249 24.041 22.124 21.936 22.827 23.117 22.903 22.491 21.841 20.489 20.599 22.050 21.776 24.004 26.312 25.927 25.151 24.958 24.926 25.028 25.155 25.280 25.371 25.516 25.663 25.793 25.913 25.948 25.899 25.868 25.866 25.922 25.974 26.029 25.962 25.830 25.692 24.189 24.020 23.533 23.359 23.221 23.585 22.901 23.063 25.221 24.941 25.402 25.813 25.562 25.932 25.858 26.062 26.040 26.150 26.187 26.232 26.321 26.330 26.117 25.929 25.910 25.991 26.021 26.097 26.247 26.411 26.434
23.622 23.707 23.807 23.809 23.979 22.703 22.146 23.117 23.036 22.930 22.461 21.476 19.504 19.419 20.560 19.199 23.687 25.729 24.974 25.082 25.051 25.010 25.060 25.203 25.314 25.355 25.418 25.509 25.659 25.750 25.711 25.639 25.607 25.652 25.685 25.669 25.651 25.627 25.578 25.478 24.977 23.232 23.492 23.121 22.998 23.441 23.986 24.623 24.797 23.912 25.622 25.983 25.797 25.200 24.404 25.553 25.539 25.897 26.013 26.045 26.228 26.346 26.223 26.002 25.932 26.025 26.049 26.133 26.242 26.383 26.542
23.306 23.316 23.426 23.494 23.895 22.784 22.036 22.893 23.172 22.984 22.640 22.118 19.980 20.910 22.395 21.502 23.458 24.888 25.262 25.360 25.109 25.016 25.018 25.129 25.208 25.214 25.225 25.240 25.363 25.548 25.558 25.456 25.410 25.455 25.475 25.475 25.412 25.443 25.494 25.378 25.426 24.677 23.567 23.775 23.428 23.794 24.265 24.890 25.130 24.466 26.040 25.666 25.629 25.754 24.873 21.672 20.922 22.744 24.598 25.834 26.200 25.736 26.055 26.026 25.886 25.960 25.989 26.004 26.076 26.219 26.399
22.774 22.621 22.586 22.768 23.087 23.036 22.618 21.988 21.831 22.482 22.573 22.757 21.870 21.623 21.786 21.576 23.676 24.853 25.250 25.347 25.124 24.931 24.931 25.014 25.080 25.100 25.080 25.065 25.174 25.352 25.412 25.333 25.309 25.251 25.309 25.367 25.355 25.385 25.437 25.500 25.742 25.689 25.145 24.482 23.783 23.977 24.450 25.415 26.090 26.460 26.350 26.172 26.121 26.089 25.929 25.446 24.690 22.638 18.599 20.725 24.852 24.917 25.957 25.677 25.821 25.843 25.889 25.880 25.889 25.991 26.153
21.971 21.627 21.419 21.671 22.137 22.790 23.351 21.528 21.153 21.294 21.476 22.191 21.044 20.439 19.896 20.263 23.020 24.762 25.063 25.219 25.023 24.877 24.897 24.931 24.956 24.954 24.908 24.918 25.079 25.247 25.297 25.150 25.168 25.148 25.131 25.201 25.266 25.313 25.345 25.445 25.606 25.711 25.759 25.557 25.273 25.152 25.105 25.732 26.027 26.231 26.144 25.961 26.351 26.252 25.906 25.279 24.430 23.557 23.138 22.434 23.089 25.444 25.827 25.792 25.643 25.441 25.773 25.763 25.773 25.806 25.906
20.967 20.697 20.429 20.403 20.835 21.798 22.027 19.392 20.466 21.068 21.042 20.579 20.978 20.273 19.563 20.861 22.087 24.847 25.348 25.262 24.939 24.854 24.902 24.928 24.868 24.797 24.775 24.776 24.894 24.972 24.975 24.703 24.852 24.878 24.930 24.973 25.033 25.096 25.139 25.181 25.210 25.252 25.222 25.446 25.559 25.765 26.041 26.138 26.403 26.499 26.454 26.413 26.219 26.391 25.878 25.528 24.948 24.370 23.541 24.374 24.327 25.081 25.493 25.573 25.487 25.394 25.508 25.463 25.450 25.514 25.635
20.201 20.020 19.732 19.468 19.426 20.385 22.250 19.956 20.110 21.118 21.699 21.065 20.427 21.201 20.238 21.038 22.110 24.844 25.063 24.871 22.910 24.493 24.983 24.870 24.708 24.610 24.564 24.545 24.556 24.536 24.445 24.255 24.388 24.468 24.520 24.573 24.582 24.598 24.619 24.648 24.551 24.576 24.677 24.776 24.875 25.086 25.388 25.687 26.027 26.186 26.222 26.132 26.326 26.657 25.813 25.730 25.347 25.050 24.060 24.403 24.704 24.953 25.126 25.166 25.063 25.076 25.033 24.839 24.880 25.049 25.262
19.886 19.670 19.346 18.847 18.237 20.548 22.996 22.235 20.655 21.674 22.524 21.197 21.287 21.599 22.953 22.673 23.832 24.828 24.552 24.395 20.949 24.074 24.816 24.646 24.439 24.328 24.234 24.159 24.070 23.955 23.792 23.844 23.860 23.868 23.820 23.792 23.774 23.732 23.692 23.715 23.610 23.617 23.700 23.753 24.052 24.350 24.702 25.079 25.418 25.417 25.840 25.516 26.748 26.415 25.403 24.864 24.614 24.960 23.998 23.349 24.251 24.371 24.477 24.448 24.374 24.403 24.337 24.031 23.964 24.226 24.539
19.806 19.450 19.220 18.701 17.816 18.216 21.248 21.244 20.424 21.433 22.241 21.595 20.187 18.931 21.595 23.829 24.367 24.417 23.531 20.349 20.163 24.067 24.543 24.250 23.849 23.732 23.637 23.570 23.437 23.313 23.128 23.169 23.164 22.964 22.820 22.794 22.658 22.600 22.497 22.456 22.332 22.374 22.289 22.628 22.924 23.351 23.886 24.405 24.284 24.771 25.086 25.037 24.480 24.502 24.169 23.842 23.697 24.279 22.123 21.789 23.414 23.489 23.571 23.505 23.405 23.458 23.464 23.245 22.988 23.170 23.504
19.668 19.279 18.954 18.651 18.029 16.895 19.293 19.233 18.669 20.622 21.894 21.378 20.684 22.207 23.250 23.524 24.051 23.698 22.996 19.963 21.609 23.466 23.949 23.509 23.257 22.919 22.810 22.710 22.607 22.468 22.385 22.239 22.111 21.924 21.742 21.612 21.446 21.311 21.073 21.077 20.912 20.891 20.882 21.255 21.543 22.005 22.825 24.176 23.552 23.411 23.118 22.748 22.280 21.576 21.185 21.547 21.815 22.402 21.728 21.719 21.649 22.298 22.584 22.474 22.341 22.376 22.269 21.892 22.060 22.122 22.344
19.395 19.103 18.695 18.212 17.938 16.728 16.909 19.557 19.580 19.868 20.129 20.113 19.998 22.159 24.319 23.231 23.243 23.044 22.636 20.587 22.655 22.951 23.004 22.744 22.403 22.061 21.901 21.783 21.735 21.594 21.300 21.122 20.908 20.723 20.533 20.398 20.269 20.016 19.703 19.710 19.341 19.257 19.311 19.720 20.167 20.627 22.294 22.140 21.224 21.481 22.039 21.581 20.494 19.309 19.173 20.866 21.590 21.586 21.082 20.254 20.305 20.712 21.519 21.533 21.306 21.222 21.277 21.234 21.074 21.051 21.110
18.944 18.765 18.501 18.162 18.024 17.177 16.291 19.302 19.602 19.873 18.478 17.318 16.726 19.299 22.823 22.275 22.145 22.074 22.419 22.086 21.998 21.640 21.576 21.443 21.085 20.808 20.611 20.524 20.514 20.352 19.933 19.833 19.695 19.511 19.312 18.974 18.694 18.451 18.374 18.198 17.561 17.587 17.672 18.174 18.661 19.149 20.579 20.490 19.991 19.957 20.008 19.287 17.614 17.550 19.058 20.277 20.690 20.379 19.732 18.881 18.311 18.575 20.018 20.512 20.196 20.013 19.870 19.765 19.637 19.620 19.716
18.187 17.979 17.869 17.813 17.683 17.302 16.252 18.164 19.009 18.781 17.043 16.189 14.434 19.295 21.505 21.167 21.064 20.855 20.808 20.654 20.467 19.974 19.454 19.068 19.175 18.901 18.919 18.629 18.838 18.812 18.633 18.335 18.044 17.328 16.219 15.612 15.495 15.473 15.811 15.822 15.403 15.515 16.316 16.835 17.205 17.786 18.712 18.778 17.915 18.199 18.156 18.522 17.636 17.505 18.179 19.302 19.338 19.439 19.259 18.420 18.137 15.881 18.514 19.524 19.182 18.792 18.540 18.236 18.122 18.151 18.238
16.994 16.894 16.967 17.004 16.923 16.868 16.647 16.282 17.759 17.129 16.417 15.185 16.699 20.028 20.042 19.631 19.506 19.254 19.100 18.950 18.558 17.494 17.457 17.337 17.462 17.401 17.212 16.781 16.529 17.082 16.945 16.277 14.794 14.072 13.965 13.915 13.800 13.677 13.497 13.476 13.488 13.631 14.538 15.317 15.579 16.204 17.130 17.227 16.594 16.776 17.591 18.314 17.681 17.260 17.219 17.417 16.925 17.520 17.278 16.773 16.085 14.295 18.085 18.476 18.220 17.862 17.507 17.153 16.892 16.707 16.729
15.156 15.134 15.325 15.655 15.693 15.888 16.126 16.093 16.682 17.305 17.944 18.302 18.305 18.392 18.213 17.810 17.709 17.523 17.353 16.656 15.922 15.888 16.043 15.885 15.508 15.468 14.878 14.397 14.373 14.966 14.497 13.066 12.258 12.158 12.137 11.938 11.740 11.627 11.587 11.557 11.585 11.778 12.296 13.064 13.615 14.377 15.389 15.582 15.644 15.687 15.568 14.557 14.369 14.400 15.083 16.194 15.845 16.300 15.926 14.822 13.224 15.740 17.278 17.235 16.975 16.657 16.261 15.915 15.481 15.134 15.034
13.354 13.367 13.322 13.440 13.696 14.154 14.688 15.319 15.875 16.346 16.597 16.836 16.714 16.552 16.299 16.190 16.018 15.744 15.390 14.674 14.371 14.373 14.181 13.963 13.784 13.968 13.752 13.357 13.031 12.030 11.446 10.879 11.062 11.269 10.761 10.042 9.846 9.875 10.187 10.173 9.988 10.245 10.713 11.049 11.529 12.053 12.737 13.138 13.120 12.822 12.651 12.616 12.672 12.806 12.998 13.379 13.810 14.078 13.628 12.509 11.373 14.481 15.460 15.507 15.372 15.073 14.689 14.376 13.990 13.683 13.267
10.862 11.064 11.038 11.173 11.387 11.888 12.586 13.369 14.109 14.263 14.351 14.105 13.840 13.727 13.681 13.369 13.251 13.049 12.805 12.865 12.921 12.793 12.849 12.720 12.830 12.800 12.670 12.164 11.554 10.584 9.900 10.616 11.138 11.014 10.744 10.223 9.567 9.300 9.116 8.428 8.479 8.967 9.274 9.340 9.502 9.692 10.094 10.522 10.469 10.415 10.432 10.478 10.652 10.805 10.916 11.318 11.775 12.375 12.568 12.202 12.547 12.856 13.174 13.238 13.126 12.854 12.571 12.468 12.454 12.436 11.584
8.353 8.437 8.468 8.468 8.516 8.876 9.325 10.024 10.559 10.488 10.528 10.413 10.373 10.485 10.309 10.243 10.112 9.855 9.659 9.771 9.803 9.714 10.093 10.410 10.854 11.033 10.935 10.530 10.172 9.662 9.157 8.695 8.783 9.109 9.083 8.748 8.567 8.436 8.207 7.877 7.954 7.947 7.759 7.646 7.579 7.567 7.624 7.825 8.034 8.284 8.367 8.276 8.377 8.750 8.886 9.191 9.664 10.163 10.375 9.630 10.543 10.994 11.077 11.022 10.963 10.821 10.765 10.791 10.997 9.632 9.205
6.248 6.011 5.947 5.613 5.721 5.746 6.006 6.177 6.242 6.478 6.536 6.627 6.758 6.899 6.800 6.661 6.637 6.363 6.274 6.285 6.244 6.193 6.534 7.159 7.801 8.268 8.433 8.042 7.691 7.636 7.537 7.442 7.116 6.830 6.618 6.427 6.489 6.391 6.161 6.091 6.095 6.089 5.988 6.004 6.046 5.999 5.960 5.919 6.089 6.460 6.567 6.563 6.611 6.792 6.886 7.142 7.584 7.949 8.398 8.660 8.892 8.934 8.821 8.748 8.815 8.899 9.110 8.871 6.336 5.997 8.445
3.763 3.628 3.385 2.887 2.577 2.455 2.576 2.800 2.952 2.961 2.851 3.016 3.434 3.584 3.578 3.509 3.628 3.735 3.715 3.628 3.454 3.356 3.481 3.773 4.225 4.612 4.736 4.471 4.288 4.286 4.363 4.473 4.414 4.289 4.316 4.418 4.222 3.642 3.503 3.297 3.168 3.267 3.511 3.536 3.595 3.723 3.787 3.917 3.910 4.197 4.600 4.737 4.852 5.057 5.134 5.119 5.503 5.818 6.059 6.376 6.457 6.487 6.462 6.517 6.683 7.012 7.485 6.883 5.444 7.040 7.127
1.145 1.063 0.942 0.705 0.443 0.224 0.122 0.145 0.089 0.088 0.019 0.230 0.627 0.875 1.029 1.088 1.163 1.382 1.509 1.521 1.448 1.339 1.180 1.141 1.301 1.494 1.625 1.551 1.320 1.393 1.146 1.017 1.064 1.131 1.294 1.209 0.995 1.166 1.345 0.858 0.564 0.725 0.845 0.760 0.618 0.860 1.147 1.360 1.507 1.659 2.166 2.477 2.693 2.915 3.087 3.148 3.220 3.573 3.700 3.883 4.096 4.219 4.312 4.482 4.675 5.029 5.380 5.640 5.540 5.159 4.962
-1.586 -1.602 -1.723 -1.919 -2.139 -2.334 -2.389 -2.421 -2.455 -2.508 -2.469 -2.308 -2.015 -1.671 -1.417 -1.228 -1.018 -0.919 -0.872 -0.817 -0.820 -0.879 -1.072 -1.249 -1.208 -1.108 -0.911 -0.825 -0.914 -1.009 -1.447 -1.808 -1.967 -1.963 -1.890 -1.764 -1.750 -1.551 -1.504 -1.816 -2.166 -2.170 -2.068 -2.022 -2.058 -2.121 -1.893 -1.667 -1.385 -1.110 -0.708 -0.231 0.136 0.237 0.259 0.601 0.746 0.925 1.091 1.256 1.577 1.853 2.080 2.272 2.526 2.837 3.154 3.353 3.488 3.326 3.106
-4.224 -4.278 -4.366 -4.500 -4.698 -4.836 -4.830 -4.772 -4.765 -4.730 -4.623 -4.411 -4.069 -3.714 -3.424 -3.175 -3.076 -3.042 -3.115 -3.199 -3.157 -3.196 -3.371 -3.497 -3.513 -3.313 -3.158 -3.115 -3.245 -3.474 -3.973 -4.457 -4.842 -4.948 -4.775 -4.514 -4.445 -4.298 -4.433 -4.672 -4.740 -4.616 -4.673 -4.786 -4.840 -4.966 -4.710 -4.392 -4.097 -3.790 -3.456 -3.081 -2.820 -2.626 -2.431 -2.100 -1.992 -1.908 -1.783 -1.564 -1.204 -0.797 -0.474 -0.325 -0.194 0.303 0.794 1.149 1.246 1.238 1.144
-6.546 -6.638 -6.729 -6.830 -6.918 -6.882 -6.793 -6.620 -6.512 -6.377 -6.028 -5.666 -5.345 -5.086 -4.909 -4.685 -4.680 -4.706 -4.748 -4.991 -5.141 -5.307 -5.560 -5.690 -5.795 -5.728 -5.663 -5.677 -5.778 -6.021 -6.441 -6.911 -7.269 -7.381 -7.310 -7.083 -6.975 -6.978 -7.021 -7.100 -7.222 -7.272 -7.290 -7.249 -7.211 -7.204 -7.077 -6.839 -6.674 -6.379 -6.172 -5.949 -5.787 -5.503 -5.110 -4.846 -4.635 -4.609 -4.642 -4.490 -4.245 -3.868 -3.413 -3.191 -3.139 -2.751 -1.962 -1.405 -1.098 -1.003 -1.023
-8.778 -8.818 -8.874 -9.024 -8.995 -8.761 -8.573 -8.408 -8.172 -7.777 -7.436 -7.151 -6.824 -6.851 -6.880 -6.770 -6.891 -6.960 -7.126 -7.462 -7.714 -8.008 -8.394 -8.748 -8.890 -8.763 -8.760 -8.684 -8.876 -9.272 -9.687 -10.078 -10.295 -10.357 -10.301 -9.916 -9.694 -9.792 -10.053 -10.082 -10.010 -9.950 -9.784 -9.662 -9.482 -9.327 -9.184 -9.095 -8.871 -8.738 -8.607 -8.400 -8.220 -8.060 -7.738 -7.617 -7.585 -7.345 -7.341 -7.449 -7.288 -7.086 -6.813 -6.380 -6.181 -5.902 -5.188 -4.572 -4.164 -3.920 -3.871
-10.819 -10.689 -10.612 -10.893 -10.912 -10.590 -10.420 -10.159 -9.902 -9.761 -9.581 -9.341 -9.244 -9.319 -9.289 -9.365 -9.430 -9.632 -9.989 -10.343 -10.825 -11.472 -12.070 -12.536 -12.845 -12.793 -12.885 -12.901 -13.099 -13.202 -13.321 -13.387 -13.296 -13.309 -13.369 -13.352 -13.233 -13.271 -13.332 -13.332 -13.181 -12.955 -12.635 -12.380 -12.180 -11.957 -11.670 -11.576 -11.316 -11.178 -10.979 -10.758 -10.560 -10.456 -10.470 -10.544 -10.695 -10.651 -10.694 -10.825 -10.828 -10.794 -10.648 -10.076 -9.701 -9.457 -8.957 -8.577 -8.248 -7.914 -7.489
-13.106 -12.961 -12.808 -12.752 -12.801 -12.907 -12.979 -12.855 -12.745 -12.619 -12.515 -12.473 -12.533 -12.583 -12.666 -12.943 -12.948 -13.259 -13.775 -14.062 -14.742 -15.403 -15.875 -16.503 -17.010 -17.007 -17.399 -17.601 -17.757 -17.754 -17.719 -17.573 -17.405 -17.252 -17.251 -17.451 -17.550 -17.518 -17.520 -17.597 -17.506 -17.265 -16.760 -16.286 -15.910 -15.697 -15.584 -15.510 -15.107 -14.677 -14.483 -14.461 -14.381 -14.396 -14.618 -14.789 -15.028 -15.054 -15.036 -15.171 -15.150 -15.035 -14.949 -14.705 -14.624 -14.402 -13.947 -13.540 -13.151 -12.736 -12.347
-16.083 -15.674 -15.646 -15.655 -15.473 -15.687 -15.998 -15.966 -15.909 -15.741 -15.723 -15.749 -15.754 -15.741 -15.775 -15.735 -15.879 -16.282 -16.547 -17.379 -18.470 -22.006 -25.153 -22.656 -21.202 -21.557 -21.921 -21.860 -21.947 -22.214 -21.730 -21.393 -20.564 -20.008 -21.194 -22.225 -22.471 -22.450 -22.757 -24.720 -24.267 -24.482 -24.601 -22.326 -20.166 -21.501 -21.874 -19.976 -18.824 -19.309 -20.204 -20.719 -20.440 -22.513 -23.461 -22.941 -22.828 -21.363 -20.264 -19.501 -19.201 -19.358 -19.220 -18.872 -18.887 -18.491 -18.248 -17.507 -17.435 -17.130 -16.634
-19.480 -19.114 -18.581 -18.319 -17.975 -17.945 -18.399 -18.309 -17.992 -17.886 -17.928 -17.857 -17.775 -18.385 -19.884 -19.181 -18.502 -21.630 -26.531 -28.900 -30.102 -33.236 -35.521 -34.939 -34.635 -33.703 -32.326 -29.829 -28.076 -26.442 -24.220 -22.858 -24.669 -28.337 -30.465 -31.732 -32.690 -33.964 -35.069 -35.629 -35.306 -35.345 -36.016 -35.577 -33.922 -32.148 -30.929 -30.198 -30.082 -31.137 -32.789 -33.524 -33.680 -34.680 -36.203 -36.607 -35.752 -33.221 -30.226 -28.132 -27.339 -26.364 -26.356 -25.168 -23.612 -22.250 -22.381 -21.779 -21.273 -20.946 -20.762
