data-raw/tempfiles/21_grid_data_21000BP.asc
ncols 144
nrows 72
xllcorner -180
yllcorner -90
cellsize 2.5
nodata_value -9999
[rows 0 to 31 of 72, columns 71 to 141 of 144]
-29.778 -30.110 -30.322 -30.678 -30.616 -30.628 -29.983 -29.603 -29.266 -29.332 -29.463 -29.277 -28.954 -29.103 -29.143 -29.224 -29.234 -29.106 -29.106 -29.057 -29.054 -29.241 -29.396 -29.461 -29.336 -29.405 -29.541 -29.410 -29.442 -29.414 -29.660 -29.625 -29.685 -29.503 -29.646 -29.678 -29.864 -29.929 -29.985 -29.985 -29.701 -29.503 -29.347 -29.435 -29.457 -29.507 -29.512 -29.555 -29.569 -29.589 -29.617 -29.558 -29.576 -29.480 -29.459 -29.501 -29.528 -29.512 -29.531 -29.537 -29.573 -29.594 -29.577 -29.622 -29.658 -29.674 -29.646 -29.588 -29.582 -29.556 -29.534
-28.039 -28.042 -27.993 -27.965 -27.892 -27.930 -27.955 -28.047 -28.183 -28.317 -28.569 -28.650 -28.633 -28.898 -29.150 -29.289 -29.447 -29.491 -29.551 -29.698 -29.841 -29.968 -30.112 -30.179 -30.265 -30.300 -30.400 -30.424 -30.451 -30.425 -30.432 -30.388 -30.426 -30.455 -30.476 -30.389 -30.360 -30.318 -30.263 -30.224 -30.139 -30.107 -30.046 -29.978 -29.912 -29.818 -29.693 -29.613 -29.510 -29.414 -29.345 -29.214 -29.162 -29.026 -28.912 -28.907 -28.879 -28.786 -28.724 -28.678 -28.646 -28.588 -28.530 -28.504 -28.514 -28.498 -28.489 -28.500 -28.517 -28.530 -28.545
-26.754 -26.599 -26.431 -26.283 -26.265 -26.280 -26.292 -26.582 -26.912 -27.109 -27.529 -28.104 -28.198 -28.574 -29.187 -29.475 -29.819 -30.177 -30.463 -30.787 -31.064 -31.221 -31.343 -31.502 -31.630 -31.659 -31.729 -31.773 -31.823 -31.865 -31.883 -31.859 -31.805 -31.735 -31.639 -31.542 -31.430 -31.314 -31.200 -31.067 -30.946 -30.720 -30.525 -30.323 -30.151 -29.947 -29.733 -29.537 -29.327 -29.163 -29.036 -28.826 -28.731 -28.656 -28.415 -28.289 -28.239 -28.048 -27.920 -27.849 -27.760 -27.664 -27.610 -27.548 -27.492 -27.419 -27.374 -27.295 -27.077 -27.032 -27.035
-22.450 -21.498 -20.627 -19.974 -20.076 -20.250 -21.480 -22.630 -24.047 -24.914 -25.900 -26.722 -27.611 -28.306 -29.124 -29.571 -30.124 -30.584 -30.827 -31.319 -31.761 -31.782 -31.746 -31.750 -32.227 -32.328 -32.440 -32.914 -33.072 -33.214 -32.837 -32.802 -32.823 -33.278 -33.054 -32.770 -32.497 -32.506 -33.628 -32.638 -31.577 -31.432 -31.582 -31.270 -31.026 -30.581 -30.220 -29.866 -29.490 -29.186 -28.960 -28.744 -28.468 -28.225 -28.044 -27.874 -27.709 -27.547 -27.379 -27.240 -27.007 -26.812 -26.655 -26.400 -26.151 -25.906 -25.858 -25.967 -26.126 -26.280 -26.362
-15.548 -14.007 -12.626 -12.060 -12.600 -14.502 -17.957 -21.520 -23.552 -24.339 -25.406 -26.007 -26.934 -27.951 -28.850 -29.501 -30.083 -30.637 -30.875 -31.049 -31.530 -31.489 -31.251 -30.913 -31.126 -31.328 -31.209 -31.517 -31.886 -32.148 -32.009 -32.005 -32.173 -32.721 -33.067 -32.839 -32.497 -32.330 -32.809 -33.020 -32.118 -33.494 -33.320 -31.726 -31.187 -31.431 -31.104 -30.638 -30.240 -29.800 -29.402 -29.115 -28.790 -28.372 -28.225 -28.074 -27.858 -27.503 -27.249 -27.127 -26.865 -26.602 -26.399 -26.173 -25.860 -25.458 -25.131 -25.133 -25.395 -25.634 -25.751
-8.754 -7.847 -7.483 -7.635 -8.237 -9.355 -10.906 -13.834 -17.070 -20.408 -22.355 -23.361 -24.260 -25.274 -26.415 -27.499 -28.298 -28.814 -29.122 -29.347 -29.611 -29.802 -29.703 -29.802 -30.164 -30.207 -30.295 -30.281 -30.070 -30.009 -30.271 -30.570 -30.876 -31.140 -31.283 -31.236 -31.251 -31.257 -31.549 -31.497 -31.425 -32.096 -32.655 -32.108 -32.211 -33.106 -31.830 -31.023 -30.728 -30.314 -29.753 -29.207 -28.875 -28.576 -28.282 -28.259 -28.967 -28.087 -27.363 -26.498 -26.334 -26.131 -25.756 -25.556 -25.190 -24.687 -23.825 -23.660 -24.007 -24.273 -24.349
-5.351 -4.579 -4.374 -4.765 -5.538 -6.700 -8.160 -9.501 -11.685 -14.782 -17.138 -18.419 -19.684 -20.901 -22.302 -23.741 -24.924 -25.757 -26.304 -26.881 -27.560 -28.429 -29.967 -31.367 -30.618 -29.843 -29.271 -28.964 -28.947 -29.078 -28.933 -29.102 -29.399 -30.279 -30.734 -30.654 -31.014 -31.115 -31.223 -31.012 -30.651 -30.160 -29.824 -29.683 -29.690 -29.787 -29.960 -29.857 -29.434 -28.871 -28.365 -28.162 -27.481 -26.985 -26.860 -26.738 -26.722 -26.779 -26.169 -25.705 -25.554 -25.266 -24.930 -24.720 -24.475 -24.167 -23.629 -22.925 -22.476 -22.167 -22.048
-1.613 -0.875 -0.684 -1.106 -1.726 -2.874 -4.049 -5.391 -6.883 -9.581 -12.431 -14.555 -16.399 -16.952 -18.221 -19.811 -21.368 -22.789 -24.159 -25.434 -26.579 -28.006 -29.926 -30.026 -29.661 -29.252 -28.638 -28.342 -29.411 -29.264 -28.020 -28.734 -29.295 -29.156 -28.876 -28.415 -28.083 -28.079 -28.124 -28.016 -27.935 -27.967 -28.106 -28.395 -28.500 -28.059 -27.593 -27.130 -26.864 -26.905 -26.998 -27.116 -26.373 -25.226 -25.532 -25.115 -24.721 -24.961 -24.584 -24.473 -24.399 -23.865 -23.311 -23.075 -22.855 -21.838 -21.392 -20.912 -20.129 -19.390 -18.957
0.785 1.345 1.366 0.867 0.177 -0.738 -2.137 -6.272 -10.926 -13.012 -13.913 -14.804 -15.962 -16.745 -17.581 -18.288 -18.852 -20.588 -22.861 -24.312 -25.652 -26.466 -27.119 -27.528 -27.697 -28.082 -28.144 -27.273 -27.162 -27.285 -26.048 -26.367 -26.470 -26.455 -26.064 -25.618 -25.799 -26.762 -27.810 -28.073 -27.599 -26.477 -25.929 -26.388 -26.893 -26.638 -25.793 -25.137 -25.073 -24.633 -24.010 -24.416 -25.024 -23.736 -23.347 -22.859 -23.601 -22.966 -21.552 -21.118 -21.302 -20.816 -20.078 -19.249 -18.922 -18.642 -18.874 -18.850 -17.796 -17.284 -17.658
1.976 2.247 1.965 1.312 0.292 -1.420 -7.294 -10.594 -11.787 -11.642 -12.262 -13.438 -14.543 -15.214 -15.898 -16.990 -18.287 -19.737 -20.825 -21.858 -23.246 -23.785 -24.186 -24.113 -24.418 -24.755 -24.530 -24.085 -23.802 -23.745 -23.846 -24.127 -23.724 -23.146 -22.826 -22.241 -22.533 -23.157 -23.780 -24.619 -24.655 -24.253 -23.869 -24.005 -24.271 -24.529 -24.459 -23.967 -23.553 -22.931 -22.052 -22.823 -23.139 -21.512 -21.068 -20.557 -20.989 -20.413 -19.672 -19.392 -18.052 -17.020 -17.355 -16.941 -16.829 -16.543 -16.006 -15.793 -15.199 -14.030 -12.622
2.441 2.222 1.662 -0.022 -2.680 -6.531 -10.020 -10.897 -11.154 -11.107 -11.819 -12.720 -13.368 -13.882 -14.396 -15.554 -16.293 -17.366 -18.491 -19.347 -20.044 -20.090 -19.798 -19.648 -20.741 -20.055 -19.455 -19.415 -19.695 -20.105 -20.453 -20.561 -20.296 -19.697 -19.309 -19.072 -19.575 -20.180 -20.100 -20.260 -20.380 -20.530 -20.625 -21.087 -21.557 -22.104 -22.268 -21.856 -21.602 -21.064 -20.242 -19.818 -19.949 -19.524 -18.997 -18.367 -18.776 -18.270 -17.856 -17.542 -16.869 -16.087 -15.743 -15.388 -15.354 -13.990 -12.949 -11.897 -10.603 -9.365 -8.121
2.060 1.385 0.175 -6.450 -10.719 -10.672 -11.522 -11.313 -10.807 -12.007 -13.079 -12.971 -12.772 -12.719 -13.324 -14.290 -15.236 -15.816 -16.210 -16.314 -16.173 -15.759 -15.222 -14.853 -15.355 -14.007 -13.873 -14.240 -14.826 -15.436 -16.100 -16.256 -16.202 -16.346 -16.317 -16.003 -15.597 -15.889 -16.393 -16.689 -16.581 -16.711 -17.175 -17.624 -18.424 -18.975 -19.015 -19.028 -19.218 -19.297 -18.901 -18.465 -17.996 -17.337 -16.693 -16.203 -15.987 -14.294 -13.432 -12.906 -12.908 -13.026 -12.892 -10.169 -7.655 -7.843 -7.134 -6.171 -5.384 -3.862 -0.256
0.291 -0.904 -2.361 -6.460 -8.214 -8.417 -10.299 -10.613 -10.340 -10.655 -11.411 -12.203 -12.040 -11.950 -12.368 -12.434 -12.511 -12.680 -12.433 -12.092 -11.649 -11.461 -10.688 -10.139 -10.530 -9.362 -9.528 -10.452 -11.209 -12.004 -12.526 -12.884 -12.975 -12.916 -12.899 -12.654 -12.265 -12.233 -12.883 -13.148 -13.023 -13.167 -14.007 -14.672 -15.143 -16.297 -17.706 -18.562 -17.915 -18.008 -18.138 -18.019 -17.259 -16.185 -14.814 -13.953 -12.304 -7.796 -5.793 -5.339 -4.799 -4.908 -5.044 -3.546 -4.219 -5.403 -1.428 0.960 2.446 3.873 5.045
0.118 -1.000 -2.409 -3.591 -5.175 -6.394 -8.236 -8.190 -8.299 -8.925 -9.864 -10.352 -10.305 -10.313 -10.145 -9.526 -9.134 -8.786 -8.113 -7.754 -7.361 -6.871 -6.495 -6.260 -7.020 -6.485 -7.036 -7.968 -8.652 -9.480 -9.975 -10.316 -10.301 -10.050 -9.590 -9.083 -9.003 -9.013 -9.405 -9.610 -9.875 -10.613 -11.270 -11.989 -13.820 -16.261 -17.229 -17.902 -18.809 -17.914 -17.580 -17.210 -17.177 -16.918 -14.433 -11.991 -8.802 -5.849 -4.402 -3.360 -2.318 -1.319 -0.546 -2.474 -4.544 -2.568 1.937 3.756 4.808 6.040 7.127
0.754 0.724 0.060 -0.470 -1.380 -2.434 -3.106 -4.033 -4.925 -5.834 -6.840 -7.293 -7.074 -6.836 -6.404 -6.029 -5.560 -5.090 -4.744 -4.371 -3.816 -3.725 -4.163 -4.534 -5.595 -4.888 -5.297 -6.136 -6.755 -6.947 -7.054 -7.231 -7.167 -6.919 -6.459 -6.467 -7.551 -7.466 -8.919 -11.011 -11.054 -9.329 -9.112 -10.156 -11.101 -13.494 -13.367 -14.071 -14.839 -14.990 -14.351 -13.641 -13.713 -14.238 -13.412 -10.227 -8.279 -6.210 -4.594 -2.899 -1.289 0.106 1.070 -0.741 -1.571 2.241 3.924 4.977 6.213 7.212 7.996
3.459 3.523 3.170 2.478 1.519 0.768 0.353 -0.532 -1.184 -2.049 -2.566 -2.897 -2.843 -2.479 -2.243 -1.994 -1.753 -1.683 -1.828 -1.630 -1.543 -1.823 -2.272 -3.234 -3.766 -3.753 -3.944 -4.351 -4.930 -4.777 -4.694 -4.235 -3.851 -4.482 -6.105 -7.903 -10.466 -9.578 -9.118 -10.037 -12.125 -11.226 -8.734 -7.673 -8.141 -9.227 -8.939 -9.989 -11.408 -12.829 -12.487 -11.735 -11.468 -12.890 -13.650 -10.523 -9.017 -6.349 -5.015 -3.496 -1.632 -0.015 1.085 1.328 2.413 3.795 4.723 5.574 6.436 7.115 7.699
6.430 5.695 5.508 4.680 4.122 2.953 2.096 2.456 1.329 0.890 -0.259 0.247 1.107 1.403 1.698 1.779 1.837 2.001 1.836 1.475 0.969 0.765 0.442 -1.032 -1.828 -1.284 -1.169 -2.214 -2.720 -2.630 -3.417 -3.595 -3.088 -3.127 -3.797 -7.252 -11.064 -9.256 -6.660 -9.184 -10.062 -7.550 -5.815 -6.339 -8.462 -7.373 -6.162 -6.506 -8.385 -9.746 -8.449 -9.290 -9.328 -9.367 -8.797 -8.882 -9.452 -5.437 -4.481 -3.527 -2.120 -0.797 0.211 1.232 2.521 3.522 4.432 5.202 5.778 6.294 6.773
8.692 7.670 6.709 4.273 3.192 2.705 3.698 4.999 5.621 4.988 2.750 3.085 5.397 5.773 5.876 6.338 6.437 5.889 5.157 4.708 3.762 3.984 3.700 2.104 1.151 1.741 2.307 1.984 2.084 1.594 1.390 1.806 1.020 -0.644 -1.165 0.289 -1.235 -5.671 -5.518 -6.355 -6.911 -6.206 -3.775 -3.748 -3.766 -3.897 -4.770 -4.836 -6.809 -5.911 -4.877 -6.453 -7.036 -5.949 -6.052 -7.723 -4.855 -2.506 -2.647 -2.699 -2.303 -1.479 -0.437 0.710 1.859 2.851 3.628 4.178 4.510 5.039 5.642
9.508 8.139 9.131 8.235 10.368 9.341 9.604 8.166 6.000 6.930 7.132 7.676 8.258 8.821 8.944 9.266 9.327 6.204 4.970 6.215 6.901 7.034 6.514 5.480 5.126 5.936 6.314 6.292 5.867 4.775 3.450 2.195 -0.296 -1.848 -2.724 -2.042 0.834 0.949 0.185 -0.098 -0.047 -0.149 -0.458 0.141 0.805 -0.102 -1.617 -3.352 -2.775 -1.023 -2.414 -3.905 -4.830 -3.137 -3.738 -2.359 -0.325 -0.134 -0.974 -1.657 -1.716 -1.054 -0.058 0.918 1.722 2.327 2.791 3.301 3.562 4.100 5.030
8.629 10.442 12.482 13.011 12.607 12.918 11.911 11.961 11.558 8.382 9.437 10.520 10.941 9.676 8.455 9.491 8.868 6.542 3.659 5.439 8.320 9.566 10.240 9.734 9.917 9.770 9.969 9.089 8.229 3.569 -1.610 -4.533 -1.865 3.044 4.842 4.699 5.537 6.432 4.969 1.897 3.416 4.441 3.566 3.077 1.992 0.785 -0.023 0.171 0.968 1.363 -0.408 -2.476 -2.536 0.957 1.169 2.428 3.600 3.118 2.463 1.212 1.236 1.647 2.270 2.761 3.112 3.443 3.825 4.280 4.738 5.170 5.555
10.843 13.866 14.478 14.762 14.595 14.781 14.712 14.567 15.025 12.745 13.863 14.006 11.403 9.060 9.145 7.233 7.628 6.587 3.680 5.364 9.380 11.740 13.282 12.054 12.469 12.715 12.785 9.877 4.914 -4.013 -9.494 0.410 7.869 8.073 8.012 5.773 1.536 0.444 -0.168 -5.735 -4.832 1.750 5.304 5.254 4.561 3.621 4.510 7.384 5.263 3.650 2.975 2.829 4.368 5.603 6.038 6.736 6.611 6.266 6.767 6.398 6.331 6.373 6.333 6.341 6.439 6.627 6.848 7.153 7.436 7.675 7.838
13.767 14.148 14.385 14.539 15.204 16.150 15.745 16.395 16.433 15.940 15.692 15.992 15.403 14.636 14.282 14.634 14.926 15.266 12.791 6.946 6.098 9.477 10.576 10.872 9.484 12.666 10.988 7.693 5.269 -3.854 -7.609 -11.111 -7.624 -4.010 -6.141 -10.717 -11.176 -9.065 -3.900 -2.309 -4.050 -1.022 3.792 5.616 6.761 6.678 8.019 9.172 6.876 6.251 6.560 6.794 7.643 9.301 10.029 9.283 8.064 10.469 11.104 11.141 10.950 11.007 10.868 10.760 10.726 10.841 10.933 10.990 11.116 11.207 11.277
12.825 13.445 15.718 18.592 18.755 18.554 17.712 17.474 17.428 17.304 17.162 17.054 17.372 17.583 17.906 15.183 15.905 17.456 19.140 14.376 8.287 10.027 14.285 15.550 12.604 13.311 7.554 3.576 4.342 12.571 9.035 -4.811 -11.793 -11.242 -9.211 -9.284 -9.132 -8.678 -6.733 -5.572 -4.989 -2.462 2.399 7.906 9.527 10.056 11.288 11.031 10.066 9.074 10.112 10.816 12.016 12.118 12.657 13.218 13.971 14.572 14.869 14.869 14.572 14.675 14.686 14.593 14.580 14.625 14.659 14.715 14.743 14.744 14.734
17.059 17.325 18.758 19.717 19.443 18.937 19.628 19.748 19.277 19.975 19.643 19.007 19.107 19.053 18.675 17.193 17.872 18.838 20.652 21.709 19.624 10.091 11.890 13.581 17.359 17.779 17.235 13.664 13.149 20.776 20.095 14.470 -1.166 -8.123 -7.285 -6.640 -6.009 -5.626 -5.332 -4.052 -2.283 0.083 8.101 13.700 11.839 12.016 12.935 12.534 12.951 12.794 13.660 15.010 16.042 16.008 16.988 17.097 17.089 17.356 17.475 17.504 17.423 17.279 17.659 17.707 17.670 17.705 17.751 17.784 17.787 17.778 17.704
20.168 19.910 19.819 20.478 20.492 20.174 20.169 20.441 21.067 21.465 20.578 20.369 20.421 20.295 19.796 18.552 19.367 19.416 20.585 21.741 22.743 19.871 15.868 15.015 18.863 17.435 19.411 17.510 21.724 24.468 24.439 22.743 20.925 15.483 4.677 -2.097 -2.101 -1.127 4.213 5.467 2.508 4.520 11.707 14.749 13.950 14.273 14.752 15.015 14.621 14.772 16.286 18.210 19.011 19.426 19.521 19.658 19.732 19.676 19.681 19.771 19.815 19.715 20.018 20.164 20.134 20.148 20.193 20.244 20.217 20.198 20.074
20.864 22.169 21.489 20.127 20.622 21.288 21.146 21.402 21.829 21.556 20.896 20.035 20.217 21.510 22.878 22.650 20.857 20.477 21.549 21.925 23.568 23.193 23.111 23.955 23.308 22.242 22.301 22.958 24.730 26.504 25.363 25.258 24.856 23.851 23.509 20.033 17.338 16.153 17.289 16.946 11.143 11.711 12.348 15.177 16.050 16.244 16.758 16.715 17.064 18.034 19.852 20.876 21.169 21.275 21.497 21.806 21.855 21.767 21.738 21.819 21.850 21.965 22.169 22.242 22.170 22.182 22.219 22.286 22.220 22.174 22.067
22.326 22.569 21.741 18.774 19.596 19.954 20.091 21.152 20.959 20.347 21.007 19.657 21.421 22.591 23.986 23.087 24.129 22.775 22.105 22.311 24.087 25.296 24.940 24.998 25.164 24.169 23.913 24.078 25.162 26.827 26.844 26.834 25.706 23.445 22.275 22.185 21.290 20.556 18.981 19.872 15.900 15.627 16.350 19.000 19.523 19.007 19.484 19.618 20.623 20.336 22.835 23.160 23.104 23.034 23.159 23.434 23.581 23.590 23.614 23.619 23.633 23.741 23.916 23.932 23.837 23.764 23.777 23.777 23.720 23.649 23.582
23.851 23.392 22.776 22.787 21.649 22.052 22.088 20.372 18.729 20.987 20.957 20.702 22.220 23.717 25.167 24.815 25.307 22.807 22.883 23.843 25.381 26.595 27.154 27.429 26.141 24.104 24.173 24.220 24.593 25.592 26.436 26.848 26.525 24.754 23.600 23.435 23.504 23.243 21.129 21.201 19.153 19.252 19.127 21.499 21.083 21.958 22.362 22.794 23.698 24.195 24.479 24.505 24.561 24.618 24.669 24.756 24.886 24.993 25.054 25.051 25.074 25.176 25.225 25.198 25.126 25.059 25.029 24.963 24.915 24.785 24.720
25.109 24.800 24.484 24.454 22.325 22.956 23.822 24.398 24.506 23.749 21.966 22.431 23.669 25.356 26.691 26.109 25.785 24.756 21.197 24.432 26.171 26.277 26.330 26.061 24.400 24.374 24.592 24.822 25.090 25.657 25.084 26.605 27.041 25.260 24.376 25.356 25.038 24.945 23.943 23.167 22.478 22.720 21.500 22.625 22.747 23.582 24.692 25.015 25.380 25.334 25.583 25.542 25.667 25.794 25.812 25.753 25.872 26.069 25.922 25.902 26.012 26.025 26.023 25.971 25.947 25.836 25.753 25.685 25.594 25.422 25.382
26.321 26.458 25.787 25.367 25.143 24.850 25.308 26.334 26.957 25.897 23.228 23.058 24.901 26.010 27.024 26.867 24.780 26.853 21.998 24.204 24.488 24.746 24.044 24.435 24.405 24.499 24.680 24.957 25.186 25.720 25.192 26.478 26.676 26.651 26.303 26.186 25.804 25.495 25.272 25.152 24.191 24.823 24.870 23.457 24.420 25.216 25.696 25.987 26.021 24.504 25.808 25.897 26.330 26.438 26.344 26.336 26.450 26.598 26.459 26.393 26.475 26.466 26.380 26.271 26.145 26.041 25.944 25.847 25.729 25.618 25.511
26.054 26.011 25.834 25.149 25.466 27.113 27.494 27.738 27.853 26.172 23.833 24.472 25.721 26.557 26.080 23.123 18.905 26.448 23.520 23.548 25.241 25.476 24.814 24.689 24.703 24.824 25.026 25.360 25.532 25.822 25.558 24.106 25.564 26.903 26.614 26.556 26.356 26.042 25.860 25.943 24.693 25.249 25.311 24.781 24.272 25.917 26.211 26.298 26.327 25.816 25.936 26.219 26.599 26.763 26.620 26.622 26.697 26.696 26.471 26.453 26.511 26.469 26.338 26.204 26.051 25.966 25.887 25.838 25.782 25.709 25.581
25.616 25.829 25.287 24.118 23.550 26.019 26.678 27.032 26.353 25.935 25.282 25.442 25.123 25.115 24.578 20.117 16.287 24.304 24.810 24.889 24.561 25.161 24.788 24.976 25.231 25.347 25.555 25.765 25.735 25.917 25.938 24.241 26.162 26.566 26.823 26.736 26.567 26.264 26.010 25.990 25.381 25.295 24.695 24.942 24.851 26.202 26.437 26.422 26.323 25.867 25.807 26.278 26.751 26.741 26.582 26.549 26.599 26.607 26.483 26.443 26.410 26.403 26.308 26.167 26.004 25.961 25.939 25.978 26.017 25.907 25.685
