data-raw/tempfiles/21_grid_data_21000BP.asc
ncols 144
nrows 72
xllcorner -180
yllcorner -90
cellsize 2.5
nodata_value -9999
[rows 32 to 63 of 72, columns 0 to 70 of 144]
25.575 25.276 25.228 25.174 25.095 25.022 25.011 24.949 24.902 24.778 24.679 24.593 24.516 24.431 24.366 24.300 24.281 24.233 24.182 24.172 24.197 24.202 24.234 24.357 24.513 24.640 24.751 24.863 25.048 25.255 25.339 25.427 25.526 25.661 25.784 25.744 25.694 25.694 24.510 24.648 24.694 24.044 23.864 21.918 24.441 25.453 25.399 24.772 25.099 25.372 25.448 25.456 25.440 25.267 25.144 24.882 24.707 24.414 24.323 24.219 24.150 24.144 24.141 24.135 24.461 24.959 25.040 23.528 22.628 23.570 24.304
25.735 25.516 25.446 25.391 25.322 25.255 25.208 25.199 25.233 25.152 25.005 24.916 24.846 24.752 24.687 24.630 24.603 24.519 24.424 24.345 24.317 24.258 24.183 24.247 24.359 24.484 24.560 24.620 24.678 24.715 24.765 24.861 25.014 25.162 25.243 25.305 25.415 25.536 25.570 25.347 24.275 20.773 19.177 22.292 24.046 21.021 22.308 22.097 23.386 24.720 24.982 25.173 25.250 25.195 25.142 24.997 24.861 24.609 24.511 24.544 24.591 24.605 24.556 24.512 24.695 25.030 25.520 24.592 23.450 23.622 24.043
25.744 25.693 25.643 25.655 25.571 25.497 25.520 25.564 25.651 25.614 25.349 25.132 25.098 24.996 24.819 24.857 24.761 24.561 24.527 24.399 24.184 24.113 23.987 23.907 23.987 24.029 24.085 24.204 24.197 24.204 24.200 24.245 24.387 24.554 24.703 24.825 24.955 24.917 24.810 24.616 23.988 20.482 21.174 23.741 23.349 21.271 21.508 23.927 23.926 24.239 24.411 24.565 25.137 25.103 25.206 25.154 24.934 24.697 24.581 24.681 24.786 24.711 24.563 24.407 24.416 24.531 24.817 24.841 24.614 24.466 24.651
25.805 25.856 25.818 25.769 25.673 25.560 25.509 25.595 25.697 25.582 25.287 25.053 24.883 24.784 24.679 24.640 24.534 24.297 24.146 24.040 23.822 23.609 23.417 23.282 23.184 23.205 23.205 23.296 23.376 23.316 23.259 23.236 23.268 23.241 23.330 23.479 23.662 23.653 23.730 23.643 21.011 20.237 23.035 23.436 23.703 23.316 23.658 24.672 24.280 24.848 25.109 24.671 25.195 25.239 25.358 25.260 25.111 24.917 24.778 24.796 24.735 24.551 24.320 24.091 23.950 23.939 24.112 24.226 24.321 24.299 24.323
26.069 26.044 26.048 26.017 25.903 25.773 25.687 25.703 25.718 25.610 25.417 25.233 25.065 24.947 24.917 24.853 24.705 24.531 24.382 24.229 24.073 23.849 23.579 23.323 23.138 23.008 22.950 22.986 23.040 23.006 22.900 22.747 22.660 22.499 22.418 22.348 22.557 22.405 22.399 22.332 17.404 23.063 23.806 24.155 24.287 24.019 23.764 24.764 25.143 25.959 26.655 26.807 25.975 25.334 25.388 25.463 25.319 25.167 24.976 24.893 24.770 24.557 24.287 23.993 23.748 23.649 23.611 23.630 23.731 23.768 23.704
26.300 26.168 26.274 26.234 26.080 25.977 25.882 25.850 25.829 25.665 25.527 25.436 25.289 25.227 25.275 25.109 24.954 24.856 24.688 24.542 24.447 24.223 24.040 23.880 23.610 23.467 23.383 23.206 23.164 23.160 22.987 22.851 22.752 22.507 22.360 22.238 22.225 22.018 21.573 21.838 19.568 23.273 23.870 24.306 24.557 23.313 23.786 24.773 25.847 25.609 25.573 26.164 25.860 24.866 26.265 26.272 25.845 25.631 25.234 25.102 25.011 24.780 24.514 24.203 23.962 23.821 23.688 23.597 23.582 23.582 23.482
26.373 26.163 26.376 26.423 26.199 26.047 26.041 25.980 25.903 25.768 25.666 25.602 25.555 25.498 25.438 25.265 25.132 24.986 24.885 24.750 24.595 24.459 24.288 24.173 24.047 23.860 23.712 23.532 23.393 23.227 23.011 22.795 22.658 22.464 22.219 22.018 21.950 21.895 21.478 21.535 18.430 21.874 23.576 24.358 24.914 24.204 24.049 24.153 24.952 24.357 23.881 24.362 25.215 25.163 25.520 25.736 26.289 25.291 25.219 25.253 25.148 24.917 24.652 24.375 24.113 23.921 23.682 23.353 23.156 23.091 22.990
26.350 26.148 26.431 26.519 26.282 26.152 26.155 26.141 26.014 25.785 25.655 25.615 25.627 25.627 25.510 25.316 25.163 25.060 24.989 24.857 24.695 24.503 24.314 24.190 24.090 23.970 23.851 23.692 23.454 23.162 22.885 22.609 22.335 22.037 21.680 21.403 21.349 21.416 21.112 20.315 17.443 17.399 22.991 22.663 23.524 24.014 24.526 24.023 23.839 23.480 23.353 23.803 24.831 24.543 24.910 24.636 24.435 23.138 25.125 25.209 25.077 24.824 24.520 24.222 23.924 23.623 23.275 22.801 22.355 22.252 22.194
26.114 25.882 26.113 26.266 26.125 26.086 26.076 26.004 25.880 25.683 25.591 25.605 25.693 25.712 25.586 25.428 25.272 25.125 25.057 24.908 24.720 24.522 24.320 24.121 24.027 23.887 23.728 23.608 23.326 23.024 22.717 22.327 21.898 21.525 21.096 20.768 20.576 20.531 20.357 20.079 19.040 12.451 18.905 22.156 22.899 23.620 23.495 23.442 22.988 23.263 23.392 23.831 23.913 22.244 23.142 21.811 23.211 24.439 25.147 25.002 24.743 24.464 24.130 23.788 23.400 23.008 22.632 22.162 21.739 21.373 21.189
25.663 25.467 25.593 25.602 25.602 25.586 25.593 25.566 25.477 25.374 25.404 25.496 25.591 25.618 25.521 25.389 25.240 25.016 24.825 24.709 24.577 24.377 24.183 23.996 23.787 23.586 23.361 23.139 22.936 22.653 22.305 21.944 21.494 21.064 20.567 19.966 19.571 19.501 19.618 19.498 18.990 16.488 9.714 10.098 19.131 23.200 22.678 22.458 21.996 22.952 22.979 23.445 22.323 21.012 21.632 20.174 23.085 24.964 24.997 24.685 24.324 23.971 23.598 23.199 22.795 22.514 22.195 21.729 21.207 20.776 20.484
25.033 24.931 24.992 24.894 24.795 24.824 24.916 24.983 24.939 24.909 24.984 25.082 25.135 25.144 25.109 25.035 24.876 24.586 24.386 24.263 24.179 24.018 23.851 23.645 23.465 23.229 22.955 22.684 22.388 22.134 21.853 21.472 20.934 20.401 20.068 19.416 19.202 19.064 18.912 18.793 18.538 18.586 16.098 9.372 8.785 17.966 21.899 22.062 22.947 23.667 22.701 22.420 20.553 20.438 20.421 20.108 23.131 24.680 24.686 24.359 24.013 23.613 23.199 22.745 22.296 22.151 21.932 21.478 21.044 20.558 20.173
24.017 23.907 23.931 23.847 23.728 23.777 23.951 24.044 24.032 24.013 24.012 23.998 24.023 24.108 24.137 24.208 24.125 23.832 23.598 23.454 23.398 23.328 23.206 23.125 23.000 22.806 22.594 22.314 22.032 21.775 21.205 20.674 20.098 20.138 20.015 19.623 19.113 18.922 18.632 18.526 18.303 18.106 17.938 17.254 7.645 9.558 18.521 22.237 22.907 23.298 22.113 21.490 20.709 19.536 19.648 21.323 23.034 24.066 24.070 23.836 23.569 23.238 22.868 22.417 21.959 21.878 21.809 21.376 21.035 20.612 20.224
22.749 22.571 22.510 22.445 22.419 22.512 22.615 22.646 22.666 22.663 22.649 22.608 22.675 22.797 22.908 23.020 23.006 22.762 22.505 22.396 22.374 22.385 22.345 22.298 22.228 22.141 22.012 21.838 21.609 21.316 20.555 20.058 19.876 19.946 19.736 19.404 19.019 18.734 18.446 18.150 17.918 17.590 17.018 17.114 9.730 5.932 17.800 22.134 22.338 21.141 21.519 21.585 20.357 18.583 18.802 21.710 23.000 23.432 23.212 23.029 22.825 22.591 22.362 22.045 21.570 21.471 21.404 21.185 20.925 20.598 20.128
21.263 21.140 21.081 21.053 21.055 21.085 21.106 21.080 21.113 21.161 21.139 21.164 21.268 21.363 21.413 21.503 21.483 21.365 21.255 21.196 21.191 21.221 21.214 21.182 21.117 21.113 21.094 21.124 20.996 20.470 19.971 19.674 19.630 19.504 19.255 18.919 18.615 18.388 18.124 17.838 17.549 17.058 16.403 16.783 9.138 5.091 19.244 21.452 20.769 19.598 19.662 18.838 18.713 19.960 21.453 22.206 22.320 22.299 22.070 21.911 21.850 21.738 21.602 21.405 21.077 20.864 20.831 20.670 20.483 20.261 19.840
19.655 19.620 19.617 19.642 19.645 19.631 19.620 19.558 19.530 19.558 19.601 19.639 19.717 19.762 19.769 19.825 19.802 19.754 19.781 19.786 19.789 19.817 19.813 19.780 19.787 19.783 19.952 20.065 19.779 19.159 19.387 19.092 18.960 18.707 18.475 18.132 17.899 17.662 17.476 17.150 16.994 16.425 15.708 16.056 3.559 8.635 19.243 20.140 19.509 18.338 17.543 16.302 18.972 20.353 21.006 21.104 20.943 20.828 20.678 20.609 20.598 20.565 20.448 20.331 20.126 19.860 19.775 19.696 19.545 19.415 19.163
18.122 18.164 18.202 18.210 18.151 18.159 18.129 18.070 18.034 18.001 18.013 18.028 18.068 18.071 18.063 18.093 18.061 18.089 18.121 18.127 18.155 18.156 18.138 18.168 18.206 18.265 18.631 18.632 18.077 17.997 18.037 17.920 17.743 17.474 17.367 17.070 16.891 16.649 16.459 16.215 16.207 15.726 15.049 13.982 5.782 15.705 18.538 18.205 17.835 17.356 16.546 16.265 18.592 19.680 19.751 19.521 19.361 19.302 19.213 19.190 19.145 19.131 19.057 18.948 18.802 18.600 18.435 18.359 18.392 18.425 18.295
16.774 16.789 16.787 16.727 16.666 16.627 16.564 16.520 16.481 16.450 16.405 16.382 16.388 16.399 16.374 16.363 16.335 16.346 16.392 16.376 16.346 16.328 16.317 16.325 16.373 16.624 17.076 16.833 16.573 16.577 16.457 16.328 16.270 16.132 16.050 15.798 15.651 15.483 15.414 15.380 15.363 14.912 14.223 11.198 10.583 16.987 16.401 16.057 15.782 15.633 16.082 17.610 18.124 18.425 18.197 17.848 17.694 17.631 17.628 17.676 17.622 17.551 17.492 17.445 17.337 17.168 17.073 16.950 16.808 16.672 16.924
15.368 15.429 15.323 15.203 15.074 15.009 14.960 14.882 14.804 14.777 14.709 14.627 14.580 14.562 14.520 14.546 14.515 14.513 14.511 14.437 14.339 14.324 14.257 14.250 14.426 14.703 14.970 14.635 14.243 14.383 14.463 14.434 14.511 14.422 14.398 14.294 14.190 14.112 14.155 14.180 14.154 13.842 13.179 10.625 10.173 14.768 15.148 14.571 14.567 14.749 15.493 16.247 16.947 16.896 16.616 16.334 16.151 16.051 15.985 15.939 15.874 15.776 15.688 15.714 15.665 15.554 15.520 15.327 15.161 14.988 14.983
13.979 14.033 13.875 13.724 13.550 13.439 13.329 13.239 13.161 13.091 12.995 12.908 12.778 12.726 12.708 12.725 12.704 12.673 12.643 12.568 12.476 12.376 12.266 12.416 12.240 12.531 12.417 12.313 12.218 11.934 12.203 12.411 12.490 12.599 12.518 12.548 12.644 12.651 12.661 12.659 12.725 12.325 11.781 9.166 10.947 14.187 13.341 12.601 13.246 13.771 14.289 15.025 15.612 15.388 15.060 14.789 14.617 14.421 14.305 14.156 14.001 13.859 13.798 13.782 13.808 13.752 13.656 13.404 13.172 13.031 13.010
12.652 12.789 12.553 12.363 12.110 11.936 11.784 11.658 11.557 11.447 11.350 11.225 11.089 10.958 10.864 10.848 10.857 10.851 10.837 10.789 10.680 10.561 10.536 10.499 10.095 10.080 10.145 10.105 10.049 9.643 10.195 10.434 10.525 10.633 10.690 10.813 10.938 11.096 11.238 11.253 11.209 10.986 10.046 7.064 12.125 13.398 12.717 12.594 12.279 11.526 12.320 13.454 13.764 13.449 13.132 12.922 12.730 12.552 12.432 12.276 12.057 11.897 11.813 11.782 11.752 11.685 11.596 11.418 11.138 10.851 10.640
11.045 11.272 11.021 10.790 10.522 10.278 10.097 9.937 9.824 9.700 9.571 9.444 9.292 9.156 9.027 8.944 8.926 8.910 8.862 8.823 8.716 8.596 8.494 8.278 8.227 8.093 8.277 8.020 8.116 8.056 8.471 8.575 8.613 8.673 8.729 8.932 9.081 9.316 9.568 9.622 9.513 9.269 8.196 5.491 7.856 11.022 11.890 10.943 9.816 9.302 10.069 11.187 11.242 10.790 10.477 10.215 10.044 9.951 9.900 9.851 9.767 9.641 9.618 9.540 9.472 9.365 9.333 9.246 8.919 8.498 8.222
8.883 9.268 9.183 9.015 8.759 8.479 8.314 8.153 8.034 7.937 7.826 7.655 7.507 7.361 7.252 7.138 7.057 6.991 6.911 6.861 6.780 6.720 6.667 6.434 6.366 6.341 6.206 6.184 6.349 6.617 6.812 6.874 6.812 6.771 6.848 7.023 7.262 7.543 7.816 7.858 7.834 7.625 6.054 3.747 7.655 10.125 9.383 8.311 7.571 7.593 8.400 8.861 8.733 8.234 7.883 7.646 7.484 7.330 7.269 7.202 7.139 7.116 7.159 7.186 7.141 6.923 6.785 6.702 6.529 6.246 6.186
6.489 6.882 6.953 6.881 6.715 6.532 6.404 6.281 6.182 6.073 5.959 5.815 5.686 5.575 5.476 5.371 5.306 5.214 5.122 5.041 5.016 4.982 4.973 4.777 4.875 4.649 4.515 4.697 4.986 5.131 5.128 5.085 5.005 5.039 5.152 5.265 5.477 5.774 5.976 6.036 6.016 5.710 2.169 1.929 6.236 7.404 7.094 6.377 5.802 5.930 6.490 6.687 6.428 6.011 5.790 5.674 5.469 5.221 5.007 4.784 4.635 4.596 4.661 4.775 4.775 4.500 4.198 3.983 3.831 3.759 3.749
4.747 5.024 5.171 5.123 4.992 4.901 4.814 4.764 4.677 4.557 4.453 4.324 4.167 4.037 3.918 3.837 3.812 3.753 3.665 3.615 3.559 3.455 3.444 3.111 3.055 3.020 3.142 3.418 3.439 3.476 3.432 3.432 3.443 3.457 3.579 3.686 3.789 4.057 4.326 4.455 4.424 3.880 -1.056 1.141 5.344 5.977 5.360 4.955 4.444 4.325 4.340 4.197 3.983 3.712 3.489 3.416 3.218 2.973 2.776 2.534 2.290 2.235 2.255 2.367 2.409 2.227 1.874 1.513 1.200 1.054 1.071
3.079 3.241 3.297 3.207 3.082 3.053 3.027 3.022 3.003 2.914 2.777 2.617 2.457 2.321 2.254 2.203 2.156 2.106 2.071 2.030 1.978 1.638 1.434 1.473 1.272 1.133 1.540 1.691 1.656 1.708 1.693 1.737 1.798 1.799 1.808 1.921 2.095 2.322 2.551 2.727 2.724 2.673 -0.037 1.436 3.410 3.509 3.416 3.314 3.175 2.566 2.050 1.721 1.437 1.095 0.747 0.562 0.428 0.332 0.202 0.005 -0.128 -0.176 -0.137 -0.005 -0.033 -0.162 -0.457 -0.867 -1.292 -1.514 -1.657
1.364 1.411 1.374 1.261 1.094 1.013 0.994 0.959 0.917 0.794 0.582 0.346 0.120 0.013 0.014 0.001 -0.029 -0.070 -0.117 -0.116 -0.208 -0.313 -0.262 -0.454 -0.570 -0.423 -0.301 -0.266 -0.224 -0.169 -0.128 -0.110 -0.221 -0.191 -0.141 -0.063 0.081 0.239 0.380 0.443 0.734 1.008 0.523 -0.205 0.466 1.401 1.511 1.385 1.286 0.754 0.147 -0.254 -0.642 -1.060 -1.458 -1.678 -1.782 -1.955 -2.046 -2.383 -2.594 -2.647 -2.597 -2.511 -2.525 -2.596 -2.824 -3.114 -3.553 -3.860 -4.126
-0.824 -0.948 -1.057 -1.212 -1.372 -1.513 -1.596 -1.711 -1.908 -2.093 -2.393 -2.736 -3.025 -3.147 -3.096 -2.972 -2.903 -2.936 -3.065 -3.188 -3.217 -3.129 -2.985 -2.876 -2.846 -2.796 -2.752 -2.685 -2.641 -2.618 -2.570 -2.579 -2.643 -2.657 -2.626 -2.570 -2.457 -2.331 -2.179 -1.977 -1.646 -1.175 -0.957 -0.844 -0.781 -0.727 -1.147 -1.496 -1.774 -2.120 -2.592 -2.940 -3.291 -3.528 -3.752 -3.834 -3.842 -3.935 -4.213 -4.639 -5.016 -5.202 -5.021 -4.898 -4.955 -5.110 -5.337 -5.628 -5.943 -6.249 -6.539
-3.608 -3.946 -3.966 -4.040 -4.198 -4.330 -4.444 -4.687 -4.920 -5.217 -5.544 -5.842 -6.128 -6.251 -6.209 -6.123 -6.122 -6.229 -6.275 -6.293 -6.171 -6.041 -5.779 -5.654 -5.598 -5.522 -5.448 -5.326 -5.320 -5.309 -5.269 -5.228 -5.218 -5.126 -5.047 -4.943 -4.772 -4.562 -4.298 -4.051 -3.764 -3.545 -3.278 -3.076 -3.183 -3.428 -4.054 -4.514 -5.030 -5.482 -5.996 -6.384 -6.741 -6.805 -6.948 -6.971 -6.991 -7.138 -7.380 -7.636 -7.951 -8.066 -7.719 -7.675 -7.904 -8.204 -8.503 -8.719 -8.809 -8.875 -8.858
-6.629 -6.981 -6.983 -7.071 -7.203 -7.336 -7.528 -7.803 -8.036 -8.209 -8.715 -8.908 -9.259 -9.432 -9.515 -9.615 -9.367 -9.014 -8.870 -8.841 -8.771 -8.641 -8.375 -8.178 -8.074 -7.934 -7.871 -7.849 -7.916 -7.870 -7.820 -7.769 -7.640 -7.483 -7.359 -7.138 -6.875 -6.549 -6.228 -5.994 -5.776 -5.817 -5.801 -5.844 -6.165 -6.533 -6.921 -7.503 -8.370 -9.235 -10.005 -10.615 -11.184 -11.466 -11.370 -10.606 -10.482 -10.417 -10.438 -10.561 -10.739 -10.783 -10.720 -10.799 -10.961 -11.167 -11.242 -11.228 -11.196 -11.077 -10.914
-10.453 -10.628 -10.602 -10.570 -10.704 -10.897 -11.150 -11.480 -11.594 -11.699 -11.923 -12.128 -12.309 -12.315 -12.199 -11.982 -11.753 -11.599 -11.448 -11.333 -11.214 -10.882 -10.514 -10.354 -10.239 -10.132 -10.110 -10.131 -10.079 -10.027 -9.943 -9.762 -9.563 -9.409 -9.239 -8.999 -8.722 -8.435 -8.236 -8.148 -8.112 -8.305 -8.456 -8.874 -9.447 -9.772 -10.748 -12.883 -13.702 -13.642 -14.072 -14.803 -15.479 -15.881 -15.421 -14.156 -13.426 -13.293 -13.203 -13.206 -13.335 -13.435 -13.523 -13.833 -14.131 -14.112 -13.889 -13.800 -13.714 -13.554 -13.252
-15.310 -14.918 -14.725 -14.577 -14.533 -14.547 -14.607 -14.718 -14.772 -14.788 -14.907 -14.953 -14.879 -14.733 -14.579 -14.519 -14.504 -14.359 -14.140 -14.018 -13.963 -13.913 -13.915 -13.894 -13.728 -13.528 -13.472 -13.443 -13.378 -13.166 -12.875 -12.625 -12.383 -12.201 -12.074 -11.959 -11.797 -11.629 -11.630 -11.532 -11.620 -11.755 -11.753 -12.080 -12.820 -15.876 -17.166 -17.134 -16.004 -17.131 -17.746 -18.303 -18.559 -18.827 -18.711 -18.129 -17.479 -17.155 -16.603 -16.389 -16.404 -16.446 -16.539 -16.866 -17.068 -17.235 -16.935 -16.767 -16.714 -16.414 -16.158
-19.789 -18.802 -18.343 -17.969 -17.747 -17.524 -17.421 -17.423 -17.387 -17.373 -17.399 -17.368 -17.280 -17.212 -17.101 -17.011 -16.886 -16.779 -16.746 -16.865 -17.024 -17.165 -17.227 -17.202 -17.016 -16.865 -16.893 -16.991 -16.917 -16.683 -16.434 -16.151 -15.863 -15.716 -15.613 -15.621 -15.579 -15.612 -15.670 -15.553 -15.488 -15.649 -15.842 -16.882 -17.522 -20.789 -20.800 -20.043 -19.327 -20.215 -20.438 -20.645 -21.119 -21.574 -21.697 -21.767 -21.727 -21.477 -20.870 -20.581 -20.407 -20.156 -19.924 -19.869 -19.791 -19.808 -19.793 -19.733 -19.542 -19.515 -19.298
