data-raw/tempfiles/21_grid_data_21000BP.asc
ncols 144
nrows 72
xllcorner -180
yllcorner -90
cellsize 2.5
nodata_value -9999
[rows 32 to 63 of 72, columns 71 to 141 of 144]
24.901 24.302 24.052 24.370 23.716 24.249 24.421 25.022 25.532 25.186 24.025 24.491 24.879 24.883 23.134 17.356 15.893 19.343 20.933 23.199 24.006 24.644 24.816 25.126 25.421 25.595 25.827 26.056 26.090 26.085 26.092 25.475 26.288 26.390 26.694 26.640 26.550 26.330 26.180 26.103 25.565 25.400 25.121 25.141 26.032 26.288 26.401 26.499 26.352 26.218 25.262 25.525 26.370 26.413 26.318 26.274 26.355 26.423 26.395 26.225 26.259 26.385 26.281 26.113 26.066 26.072 26.076 26.134 26.227 26.067 25.809
24.388 24.655 24.398 24.031 23.096 21.238 21.316 22.784 23.871 23.590 23.532 23.952 23.980 24.758 25.765 20.758 17.730 22.350 24.670 25.280 25.489 24.658 25.043 25.240 25.409 25.492 25.623 25.809 25.924 26.020 26.097 26.197 26.130 25.654 26.527 26.538 26.549 26.442 26.307 25.786 25.802 23.973 24.664 25.161 25.890 25.967 26.184 24.912 25.739 26.085 25.576 25.589 26.183 26.178 26.143 26.122 26.152 26.091 25.816 25.981 26.325 26.273 26.236 26.085 26.130 26.189 26.152 26.126 26.174 26.072 25.896
24.694 24.717 24.652 24.204 23.152 21.872 21.384 22.225 23.022 22.692 22.230 22.480 22.212 23.154 24.915 26.573 22.427 24.640 25.589 25.998 24.890 24.967 25.144 25.240 25.339 25.395 25.528 25.696 25.860 25.948 25.996 25.979 26.019 26.083 26.183 26.252 26.314 26.315 26.212 24.404 24.158 23.802 23.715 24.240 24.691 24.782 24.573 23.304 25.587 26.009 25.975 25.926 26.033 26.061 25.983 25.659 25.603 25.904 26.106 26.271 26.369 26.302 26.199 26.043 26.060 26.141 26.091 26.074 26.162 26.230 26.178
24.326 24.349 24.338 24.279 24.097 22.194 21.990 22.868 23.144 22.925 22.517 21.870 20.490 20.578 22.017 21.727 23.987 26.317 25.955 25.189 24.987 24.954 25.059 25.186 25.306 25.387 25.519 25.661 25.791 25.915 25.955 25.909 25.882 25.878 25.933 25.980 26.037 25.979 25.863 25.741 24.249 24.091 23.599 23.415 23.276 23.635 22.945 23.100 25.252 24.970 25.433 25.841 25.586 25.951 25.876 26.082 26.065 26.176 26.214 26.260 26.354 26.368 26.157 25.965 25.943 26.020 26.047 26.118 26.261 26.418 26.438
23.659 23.743 23.842 23.849 24.064 22.856 22.229 23.164 23.066 22.947 22.481 21.498 19.487 19.377 20.512 19.074 23.598 25.731 25.004 25.123 25.088 25.039 25.086 25.228 25.340 25.377 25.433 25.518 25.666 25.759 25.721 25.651 25.619 25.666 25.702 25.690 25.679 25.664 25.629 25.542 25.045 23.297 23.555 23.178 23.052 23.489 24.026 24.653 24.826 23.940 25.652 26.009 25.818 25.216 24.418 25.570 25.561 25.920 26.036 26.068 26.253 26.376 26.258 26.040 25.968 26.057 26.078 26.158 26.261 26.395 26.550
23.346 23.355 23.464 23.540 23.949 22.892 22.128 22.940 23.198 22.983 22.650 22.132 19.955 20.833 22.301 21.411 23.380 24.906 25.278 25.391 25.141 25.043 25.039 25.150 25.232 25.238 25.246 25.256 25.375 25.560 25.569 25.467 25.422 25.473 25.499 25.507 25.453 25.493 25.555 25.447 25.496 24.739 23.620 23.822 23.469 23.827 24.299 24.921 25.161 24.492 26.066 25.684 25.641 25.761 24.881 21.689 20.948 22.784 24.634 25.866 26.225 25.763 26.087 26.064 25.923 25.994 26.021 26.033 26.102 26.240 26.415
22.811 22.654 22.621 22.810 23.133 23.072 22.655 22.012 21.849 22.484 22.590 22.793 21.864 21.573 21.684 21.509 23.633 24.891 25.273 25.359 25.144 24.949 24.946 25.028 25.099 25.120 25.101 25.082 25.189 25.366 25.424 25.345 25.322 25.270 25.335 25.403 25.399 25.437 25.497 25.565 25.808 25.748 25.193 24.520 23.812 23.997 24.469 25.442 26.116 26.481 26.365 26.178 26.120 26.084 25.928 25.460 24.722 22.681 18.655 20.772 24.886 24.945 25.988 25.715 25.861 25.878 25.920 25.910 25.919 26.017 26.173
22.006 21.661 21.457 21.708 22.171 22.805 23.337 21.533 21.149 21.307 21.533 22.314 21.099 20.452 19.894 20.311 23.067 24.767 25.071 25.223 25.033 24.885 24.903 24.937 24.965 24.966 24.919 24.929 25.091 25.262 25.315 25.170 25.190 25.173 25.159 25.232 25.301 25.354 25.391 25.496 25.658 25.761 25.804 25.594 25.304 25.177 25.125 25.750 26.035 26.230 26.133 25.944 26.332 26.236 25.898 25.287 24.474 23.588 23.175 22.493 23.131 25.476 25.859 25.832 25.685 25.479 25.802 25.789 25.798 25.828 25.922
21.013 20.740 20.473 20.434 20.852 21.761 21.695 19.250 20.453 21.100 21.102 20.693 21.048 20.307 19.589 20.891 22.145 24.858 25.348 25.261 24.932 24.852 24.900 24.926 24.870 24.803 24.783 24.788 24.908 24.992 25.000 24.730 24.882 24.909 24.963 25.006 25.067 25.134 25.182 25.230 25.261 25.302 25.267 25.483 25.587 25.781 26.050 26.138 26.393 26.481 26.427 26.380 26.188 26.368 25.906 25.539 24.971 24.454 23.597 24.429 24.371 25.116 25.529 25.615 25.532 25.434 25.541 25.490 25.475 25.534 25.651
20.252 20.069 19.781 19.500 19.435 20.366 21.940 19.602 20.119 21.172 21.766 21.141 20.456 21.209 20.258 21.053 22.126 24.852 25.070 24.903 22.924 24.478 24.972 24.860 24.705 24.613 24.571 24.557 24.573 24.559 24.471 24.285 24.420 24.504 24.560 24.612 24.623 24.643 24.669 24.705 24.613 24.638 24.734 24.824 24.910 25.108 25.398 25.687 26.020 26.172 26.201 26.107 26.323 26.665 25.868 25.790 25.348 25.097 24.155 24.459 24.746 24.988 25.165 25.212 25.113 25.122 25.074 24.877 24.914 25.078 25.288
19.935 19.717 19.388 18.876 18.240 20.520 22.997 22.281 20.861 21.787 22.591 21.239 21.264 21.557 22.941 22.669 23.833 24.836 24.563 24.449 21.082 24.074 24.773 24.631 24.431 24.328 24.241 24.170 24.085 23.973 23.811 23.865 23.885 23.901 23.860 23.838 23.826 23.790 23.757 23.790 23.692 23.702 23.779 23.824 24.110 24.396 24.740 25.112 25.453 25.444 25.866 25.520 26.787 26.534 25.518 24.976 24.661 24.933 23.978 23.403 24.295 24.410 24.519 24.497 24.426 24.457 24.394 24.088 24.021 24.279 24.590
19.855 19.495 19.259 18.733 17.838 18.210 21.198 21.296 20.596 21.516 22.265 21.608 20.194 18.909 21.595 23.826 24.365 24.427 23.583 20.372 20.215 24.102 24.508 24.224 23.831 23.720 23.631 23.567 23.438 23.317 23.134 23.177 23.175 22.983 22.847 22.829 22.702 22.654 22.563 22.534 22.420 22.468 22.384 22.719 23.009 23.430 23.963 24.492 24.408 24.857 25.144 25.107 24.564 24.667 24.442 24.182 24.067 24.517 22.196 21.836 23.467 23.531 23.611 23.548 23.452 23.508 23.523 23.311 23.059 23.239 23.571
19.719 19.325 18.993 18.686 18.063 16.924 19.262 19.194 18.742 20.634 21.838 21.351 20.685 22.221 23.272 23.535 24.056 23.704 23.049 20.024 21.591 23.445 23.916 23.474 23.224 22.888 22.783 22.684 22.586 22.452 22.374 22.233 22.108 21.925 21.749 21.626 21.471 21.349 21.125 21.144 20.991 20.980 20.976 21.351 21.640 22.105 22.942 24.318 23.771 23.612 23.234 22.871 22.429 21.761 21.457 21.910 22.349 22.895 22.029 21.803 21.683 22.339 22.619 22.506 22.374 22.414 22.317 21.953 22.131 22.195 22.417
19.443 19.149 18.735 18.248 17.976 16.771 16.944 19.573 19.590 19.874 20.115 20.063 19.984 22.174 24.346 23.244 23.248 23.050 22.655 20.616 22.668 22.932 22.969 22.698 22.356 22.013 21.849 21.729 21.686 21.555 21.273 21.101 20.890 20.705 20.518 20.389 20.271 20.032 19.736 19.757 19.399 19.324 19.384 19.800 20.253 20.721 22.412 22.314 21.531 21.791 22.247 21.766 20.700 19.540 19.389 21.085 21.825 22.026 21.474 20.385 20.310 20.693 21.543 21.552 21.321 21.238 21.306 21.277 21.131 21.113 21.176
18.960 18.785 18.522 18.182 18.045 17.204 16.314 19.324 19.598 19.770 18.450 17.334 16.688 19.289 22.837 22.284 22.147 22.074 22.423 22.093 21.999 21.625 21.546 21.403 21.041 20.757 20.551 20.456 20.448 20.295 19.888 19.795 19.659 19.474 19.279 18.947 18.679 18.449 18.387 18.220 17.592 17.623 17.713 18.223 18.719 19.219 20.659 20.605 20.195 20.181 20.121 19.354 17.736 17.724 19.224 20.437 20.830 20.503 19.997 19.053 18.393 18.577 20.027 20.518 20.197 20.014 19.880 19.788 19.673 19.664 19.766
18.156 17.959 17.857 17.807 17.682 17.304 16.253 18.161 19.005 18.682 16.923 16.229 14.430 19.261 21.501 21.168 21.065 20.857 20.812 20.658 20.464 19.964 19.438 19.048 19.150 18.868 18.870 18.568 18.772 18.753 18.582 18.288 17.997 17.280 16.174 15.575 15.467 15.456 15.806 15.823 15.408 15.522 16.327 16.854 17.233 17.825 18.760 18.831 18.028 18.336 18.186 18.506 17.613 17.576 18.258 19.379 19.427 19.476 19.317 18.573 18.264 15.926 18.509 19.515 19.170 18.779 18.534 18.238 18.135 18.171 18.265
16.911 16.826 16.915 16.966 16.895 16.849 16.630 16.263 17.731 17.092 16.373 15.174 16.684 20.002 20.024 19.626 19.511 19.268 19.117 18.966 18.571 17.506 17.469 17.348 17.469 17.397 17.192 16.747 16.488 17.040 16.903 16.235 14.749 14.027 13.922 13.879 13.771 13.654 13.478 13.458 13.472 13.616 14.527 15.314 15.588 16.222 17.152 17.251 16.630 16.827 17.635 18.334 17.676 17.240 17.210 17.412 16.925 17.531 17.324 16.893 16.232 14.371 18.038 18.436 18.191 17.834 17.484 17.134 16.878 16.696 16.727
15.020 15.012 15.219 15.563 15.617 15.825 16.078 16.054 16.645 17.269 17.909 18.277 18.288 18.372 18.204 17.817 17.723 17.546 17.378 16.680 15.945 15.912 16.067 15.911 15.532 15.485 14.884 14.396 14.363 14.954 14.485 13.052 12.244 12.147 12.124 11.930 11.731 11.616 11.575 11.543 11.568 11.762 12.284 13.059 13.620 14.390 15.402 15.592 15.646 15.688 15.569 14.547 14.350 14.357 15.032 16.141 15.794 16.267 15.925 14.876 13.277 15.759 17.195 17.153 16.910 16.596 16.204 15.860 15.428 15.086 15.000
13.180 13.203 13.170 13.299 13.569 14.046 14.600 15.249 15.820 16.300 16.558 16.801 16.686 16.532 16.292 16.195 16.032 15.760 15.405 14.689 14.385 14.387 14.196 13.980 13.799 13.982 13.762 13.364 13.036 12.033 11.448 10.883 11.068 11.280 10.775 10.057 9.857 9.883 10.188 10.170 9.982 10.237 10.708 11.049 11.536 12.065 12.749 13.145 13.115 12.808 12.627 12.588 12.636 12.760 12.938 13.309 13.733 14.009 13.576 12.493 11.345 14.429 15.342 15.391 15.271 14.980 14.602 14.294 13.908 13.611 13.211
10.671 10.879 10.858 11.000 11.226 11.743 12.462 13.265 14.026 14.197 14.297 14.061 13.805 13.701 13.664 13.359 13.244 13.040 12.793 12.849 12.902 12.773 12.829 12.701 12.813 12.784 12.655 12.152 11.545 10.575 9.891 10.610 11.137 11.020 10.755 10.236 9.579 9.310 9.124 8.435 8.485 8.972 9.278 9.345 9.508 9.700 10.102 10.525 10.464 10.402 10.413 10.454 10.624 10.768 10.865 11.252 11.698 12.291 12.486 12.124 12.448 12.741 13.048 13.111 13.005 12.740 12.464 12.368 12.364 12.360 11.527
8.167 8.255 8.291 8.296 8.354 8.727 9.190 9.907 10.459 10.402 10.457 10.353 10.322 10.445 10.276 10.214 10.086 9.826 9.625 9.735 9.763 9.670 10.048 10.362 10.807 10.990 10.896 10.496 10.146 9.638 9.130 8.668 8.758 9.087 9.067 8.734 8.556 8.426 8.199 7.872 7.948 7.942 7.752 7.637 7.569 7.557 7.612 7.811 8.015 8.259 8.338 8.243 8.340 8.707 8.833 9.125 9.587 10.081 10.288 9.541 10.447 10.880 10.961 10.902 10.845 10.706 10.658 10.691 10.911 9.576 9.163
6.098 5.867 5.808 5.485 5.601 5.637 5.908 6.090 6.165 6.412 6.480 6.581 6.722 6.870 6.778 6.642 6.619 6.342 6.250 6.256 6.211 6.155 6.489 7.110 7.750 8.218 8.387 8.004 7.659 7.609 7.508 7.405 7.074 6.784 6.571 6.380 6.443 6.346 6.120 6.052 6.056 6.050 5.944 5.957 5.996 5.945 5.905 5.862 6.028 6.395 6.499 6.492 6.539 6.717 6.804 7.055 7.489 7.851 8.298 8.558 8.786 8.824 8.709 8.635 8.702 8.786 9.005 8.776 6.251 5.935 8.407
3.672 3.548 3.318 2.833 2.536 2.427 2.557 2.788 2.946 2.960 2.855 3.026 3.449 3.604 3.602 3.534 3.652 3.756 3.732 3.639 3.459 3.354 3.469 3.751 4.198 4.583 4.709 4.450 4.272 4.272 4.345 4.445 4.371 4.231 4.248 4.344 4.142 3.560 3.419 3.211 3.079 3.174 3.411 3.429 3.481 3.603 3.664 3.791 3.781 4.065 4.466 4.601 4.715 4.920 4.996 4.980 5.364 5.681 5.923 6.242 6.324 6.355 6.332 6.391 6.560 6.894 7.374 6.784 5.358 6.961 7.061
1.101 1.035 0.930 0.711 0.466 0.263 0.174 0.206 0.156 0.160 0.092 0.305 0.703 0.950 1.104 1.159 1.228 1.439 1.558 1.562 1.481 1.363 1.196 1.146 1.299 1.486 1.615 1.544 1.312 1.383 1.129 0.986 1.016 1.066 1.212 1.117 0.892 1.053 1.225 0.728 0.426 0.576 0.684 0.591 0.438 0.672 0.956 1.165 1.311 1.463 1.970 2.281 2.499 2.722 2.896 2.959 3.033 3.390 3.520 3.707 3.925 4.054 4.152 4.332 4.531 4.893 5.257 5.527 5.439 5.069 4.882
-1.592 -1.590 -1.690 -1.866 -2.067 -2.243 -2.282 -2.301 -2.327 -2.375 -2.334 -2.175 -1.885 -1.545 -1.295 -1.112 -0.909 -0.821 -0.783 -0.737 -0.751 -0.819 -1.024 -1.215 -1.187 -1.101 -0.915 -0.837 -0.936 -1.041 -1.493 -1.869 -2.047 -2.062 -2.005 -1.891 -1.888 -1.700 -1.665 -1.991 -2.354 -2.371 -2.282 -2.246 -2.291 -2.360 -2.135 -1.910 -1.626 -1.348 -0.944 -0.465 -0.096 0.006 0.029 0.371 0.519 0.701 0.872 1.041 1.368 1.651 1.885 2.088 2.352 2.670 3.000 3.212 3.358 3.207 3.001
-4.204 -4.237 -4.304 -4.417 -4.595 -4.714 -4.689 -4.616 -4.599 -4.556 -4.446 -4.236 -3.899 -3.549 -3.266 -3.020 -2.927 -2.900 -2.983 -3.075 -3.043 -3.094 -3.287 -3.433 -3.474 -3.300 -3.170 -3.154 -3.307 -3.558 -4.080 -4.584 -4.989 -5.110 -4.951 -4.702 -4.640 -4.500 -4.645 -4.896 -4.976 -4.863 -4.930 -5.049 -5.106 -5.233 -4.975 -4.651 -4.350 -4.037 -3.699 -3.322 -3.062 -2.870 -2.679 -2.351 -2.244 -2.160 -2.032 -1.808 -1.443 -1.030 -0.700 -0.542 -0.404 0.100 0.602 0.968 1.074 1.081 1.004
-6.523 -6.595 -6.667 -6.749 -6.817 -6.762 -6.651 -6.459 -6.337 -6.191 -5.837 -5.474 -5.154 -4.897 -4.722 -4.496 -4.492 -4.521 -4.567 -4.821 -4.984 -5.171 -5.455 -5.618 -5.761 -5.736 -5.709 -5.765 -5.902 -6.179 -6.629 -7.120 -7.497 -7.625 -7.562 -7.342 -7.234 -7.238 -7.283 -7.366 -7.490 -7.542 -7.556 -7.513 -7.470 -7.452 -7.317 -7.067 -6.892 -6.594 -6.382 -6.161 -6.005 -5.726 -5.344 -5.091 -4.888 -4.867 -4.902 -4.747 -4.499 -4.114 -3.651 -3.421 -3.367 -2.979 -2.188 -1.621 -1.303 -1.187 -1.188
-8.742 -8.770 -8.810 -8.946 -8.899 -8.646 -8.438 -8.253 -8.001 -7.595 -7.248 -6.959 -6.630 -6.652 -6.677 -6.559 -6.675 -6.745 -6.914 -7.266 -7.542 -7.873 -8.310 -8.717 -8.921 -8.848 -8.894 -8.862 -9.092 -9.527 -9.977 -10.391 -10.620 -10.694 -10.640 -10.253 -10.025 -10.112 -10.366 -10.386 -10.301 -10.230 -10.047 -9.910 -9.719 -9.551 -9.400 -9.299 -9.069 -8.932 -8.801 -8.601 -8.430 -8.281 -7.974 -7.863 -7.843 -7.611 -7.613 -7.720 -7.553 -7.338 -7.054 -6.609 -6.407 -6.133 -5.421 -4.806 -4.389 -4.130 -4.060
-10.754 -10.619 -10.535 -10.806 -10.811 -10.473 -10.285 -10.008 -9.736 -9.585 -9.399 -9.156 -9.053 -9.121 -9.080 -9.143 -9.202 -9.403 -9.770 -10.150 -10.673 -11.379 -12.049 -12.596 -12.988 -13.006 -13.159 -13.212 -13.442 -13.573 -13.723 -13.808 -13.726 -13.735 -13.786 -13.756 -13.619 -13.639 -13.683 -13.660 -13.485 -13.232 -12.885 -12.608 -12.388 -12.156 -11.864 -11.770 -11.508 -11.373 -11.179 -10.969 -10.785 -10.698 -10.727 -10.812 -10.971 -10.932 -10.979 -11.112 -11.105 -11.055 -10.888 -10.302 -9.923 -9.683 -9.187 -8.810 -8.482 -8.143 -7.706
-13.027 -12.874 -12.707 -12.633 -12.668 -12.756 -12.819 -12.684 -12.563 -12.425 -12.312 -12.258 -12.303 -12.347 -12.415 -12.686 -12.701 -13.029 -13.597 -13.930 -14.669 -15.419 -15.980 -16.708 -17.299 -17.357 -17.803 -18.042 -18.220 -18.236 -18.220 -18.078 -17.906 -17.718 -17.684 -17.849 -17.913 -17.855 -17.834 -17.886 -17.774 -17.512 -16.993 -16.504 -16.118 -15.897 -15.777 -15.700 -15.288 -14.860 -14.670 -14.659 -14.594 -14.626 -14.863 -15.047 -15.293 -15.325 -15.308 -15.441 -15.414 -15.291 -15.197 -14.953 -14.876 -14.669 -14.223 -13.815 -13.425 -12.999 -12.602
-15.995 -15.582 -15.539 -15.532 -15.335 -15.533 -15.831 -15.791 -15.730 -15.556 -15.539 -15.559 -15.568 -15.563 -15.598 -15.579 -15.732 -16.169 -16.500 -17.386 -18.545 -22.162 -25.381 -22.978 -21.596 -21.991 -22.387 -22.353 -22.447 -22.718 -22.228 -21.871 -21.018 -20.416 -21.558 -22.537 -22.744 -22.698 -22.979 -24.921 -24.457 -24.659 -24.775 -22.502 -20.344 -21.683 -22.063 -20.164 -19.014 -19.498 -20.397 -20.925 -20.657 -22.744 -23.703 -23.190 -23.083 -21.620 -20.524 -19.755 -19.444 -19.590 -19.449 -19.097 -19.126 -18.751 -18.522 -17.794 -17.722 -17.420 -16.921
-19.389 -19.025 -18.488 -18.219 -17.869 -17.833 -18.275 -18.179 -17.858 -17.757 -17.809 -17.756 -17.700 -18.340 -19.878 -19.219 -18.572 -21.731 -26.686 -29.108 -30.358 -33.545 -35.875 -35.329 -35.069 -34.155 -32.772 -30.288 -28.534 -26.878 -24.633 -23.232 -24.981 -28.608 -30.691 -31.908 -32.836 -34.088 -35.178 -35.727 -35.398 -35.438 -36.115 -35.686 -34.044 -32.288 -31.087 -30.374 -30.272 -31.336 -32.997 -33.746 -33.914 -34.923 -36.448 -36.855 -36.002 -33.465 -30.471 -28.380 -27.571 -26.581 -26.558 -25.360 -23.809 -22.465 -22.610 -22.022 -21.532 -21.226 -21.054
