data-raw/tempfiles/21_grid_data_21000BP.asc
ncols 144
nrows 72
xllcorner -180
yllcorner -90
cellsize 2.5
nodata_value -9999
[rows 0 to 31 of 72, columns 0 to 70 of 144]
-29.356 -29.585 -29.701 -29.766 -29.756 -29.733 -29.772 -29.817 -29.880 -30.002 -30.034 -30.071 -30.122 -30.153 -30.124 -30.143 -30.099 -30.079 -30.093 -29.974 -29.923 -29.794 -29.730 -29.664 -29.568 -29.329 -29.081 -29.065 -29.004 -28.820 -28.960 -28.911 -29.002 -29.271 -29.427 -29.573 -29.269 -29.354 -29.422 -29.215 -29.267 -29.297 -29.270 -29.353 -29.219 -29.244 -29.224 -29.330 -29.197 -29.170 -29.051 -29.014 -28.854 -28.698 -28.581 -28.623 -28.528 -28.509 -28.520 -28.562 -28.652 -28.716 -28.859 -29.019 -29.016 -29.281 -29.055 -28.867 -29.064 -29.292 -29.403
-28.474 -28.629 -28.673 -28.703 -28.697 -28.645 -28.572 -28.504 -28.451 -28.436 -28.391 -28.359 -28.399 -28.431 -28.516 -28.627 -28.731 -28.860 -29.045 -29.168 -29.281 -29.322 -29.493 -29.649 -29.771 -29.871 -29.907 -30.015 -30.135 -30.231 -30.322 -30.341 -30.413 -30.462 -30.428 -30.353 -30.051 -29.947 -29.898 -29.696 -29.591 -29.553 -29.437 -29.409 -29.351 -29.346 -29.324 -29.345 -29.386 -29.388 -29.328 -29.316 -29.222 -29.124 -29.009 -28.972 -28.888 -28.791 -28.761 -28.724 -28.669 -28.626 -28.610 -28.536 -28.412 -28.417 -28.428 -28.326 -28.269 -28.182 -28.072
-26.830 -26.835 -26.933 -27.045 -27.174 -27.120 -27.136 -27.241 -27.359 -27.483 -27.587 -27.636 -27.663 -27.702 -27.827 -27.926 -28.062 -28.141 -28.312 -28.478 -28.665 -28.851 -29.050 -29.321 -29.592 -29.829 -30.020 -30.288 -30.600 -30.908 -31.130 -31.329 -31.579 -31.670 -31.748 -31.618 -31.241 -30.656 -30.898 -31.147 -30.751 -30.762 -30.678 -30.563 -30.394 -30.107 -29.794 -29.724 -29.799 -29.792 -29.706 -29.596 -29.652 -29.934 -30.251 -30.911 -31.695 -31.999 -32.058 -32.060 -31.350 -30.452 -28.879 -28.087 -27.950 -28.051 -28.079 -27.851 -27.554 -27.259 -27.003
-26.345 -26.242 -26.288 -26.377 -26.463 -26.602 -26.617 -26.672 -26.730 -26.736 -26.769 -26.821 -26.776 -26.861 -27.093 -27.262 -27.501 -27.762 -28.101 -28.510 -28.870 -29.366 -29.875 -30.373 -30.829 -31.354 -31.876 -32.198 -32.631 -33.235 -33.214 -33.239 -33.550 -34.118 -36.762 -36.858 -36.922 -36.010 -36.236 -36.698 -36.318 -36.310 -36.225 -35.293 -33.636 -32.526 -32.344 -33.421 -33.599 -33.660 -33.699 -33.600 -33.974 -34.629 -34.976 -35.553 -35.651 -35.098 -35.005 -34.868 -34.304 -33.819 -33.058 -31.443 -30.843 -28.155 -26.676 -26.053 -25.135 -24.264 -23.528
-25.696 -25.515 -25.420 -25.332 -25.184 -25.157 -25.123 -25.187 -25.182 -25.119 -25.078 -25.072 -25.150 -25.297 -25.627 -25.980 -26.331 -26.772 -27.395 -28.114 -28.752 -29.560 -30.223 -30.848 -31.297 -31.921 -32.771 -33.844 -33.797 -33.926 -34.767 -34.894 -34.052 -34.958 -37.339 -37.710 -36.596 -35.473 -36.133 -38.116 -36.786 -33.855 -31.454 -31.076 -31.901 -32.029 -33.054 -33.991 -34.811 -35.615 -36.515 -37.298 -38.088 -38.863 -39.367 -39.436 -38.974 -38.010 -36.614 -34.760 -32.593 -30.477 -28.917 -27.788 -25.703 -24.324 -22.927 -22.734 -21.100 -19.332 -17.570
-24.220 -24.118 -23.929 -23.732 -23.544 -23.309 -23.117 -22.950 -22.839 -22.742 -22.653 -22.552 -22.632 -22.753 -23.168 -23.624 -24.214 -24.769 -25.533 -26.360 -26.976 -27.599 -28.312 -29.142 -30.106 -30.304 -30.844 -31.058 -31.571 -31.289 -31.469 -32.369 -32.894 -32.886 -33.393 -34.009 -35.226 -37.154 -38.034 -37.893 -34.961 -32.657 -31.732 -31.015 -30.918 -29.876 -28.770 -28.386 -28.962 -30.158 -32.227 -34.549 -36.106 -37.402 -38.208 -38.518 -38.263 -37.682 -36.865 -35.633 -33.563 -30.564 -27.810 -25.254 -21.628 -20.606 -19.379 -17.546 -15.105 -12.619 -10.241
-21.915 -21.762 -21.499 -21.066 -20.607 -20.032 -19.811 -19.609 -19.882 -19.587 -19.355 -19.186 -19.261 -19.413 -19.709 -19.852 -20.080 -20.451 -21.058 -21.812 -22.163 -22.114 -23.734 -23.960 -24.833 -24.654 -24.177 -24.746 -25.135 -25.764 -25.728 -27.209 -29.034 -29.097 -31.846 -31.954 -32.831 -33.676 -34.716 -35.218 -34.787 -34.065 -33.301 -32.471 -31.735 -30.099 -28.302 -25.936 -22.995 -22.407 -24.175 -28.271 -31.236 -33.495 -35.007 -36.086 -36.825 -37.072 -36.311 -34.093 -30.970 -27.645 -25.309 -22.477 -18.841 -16.541 -14.528 -11.945 -9.755 -8.127 -6.568
-18.147 -17.150 -16.524 -16.141 -15.441 -14.897 -14.457 -14.422 -14.862 -15.024 -14.447 -13.728 -13.345 -13.502 -13.643 -14.495 -14.676 -14.737 -14.946 -15.677 -15.780 -16.033 -17.222 -17.261 -17.027 -18.470 -19.019 -20.150 -20.916 -21.448 -21.476 -22.510 -24.512 -26.492 -28.184 -27.616 -30.262 -32.709 -34.140 -34.997 -34.810 -35.656 -35.637 -34.197 -31.530 -30.034 -28.291 -25.115 -21.848 -18.563 -18.214 -20.198 -24.252 -28.423 -30.891 -32.635 -34.224 -34.798 -33.208 -29.574 -26.312 -24.023 -21.801 -17.730 -15.277 -12.717 -10.561 -7.951 -6.040 -4.247 -2.829
-14.245 -11.862 -10.430 -9.613 -8.765 -8.175 -8.913 -10.222 -9.424 -9.157 -9.166 -9.034 -8.845 -8.355 -7.924 -8.099 -8.296 -7.908 -8.070 -8.473 -9.381 -10.656 -12.163 -13.633 -13.468 -13.755 -15.502 -17.522 -18.386 -18.909 -19.661 -19.966 -20.766 -22.026 -23.960 -25.856 -26.730 -28.243 -30.683 -30.721 -31.402 -32.109 -32.148 -32.601 -30.902 -28.145 -26.320 -23.366 -19.983 -15.833 -13.945 -14.166 -18.715 -24.088 -27.610 -29.580 -30.780 -29.858 -25.095 -22.637 -20.217 -16.688 -13.414 -11.254 -9.576 -7.782 -6.123 -4.581 -3.194 -1.707 -0.298
-8.662 -7.114 -6.107 -4.498 -2.567 -1.478 -1.527 -1.566 -0.789 0.279 0.217 0.231 0.197 0.606 0.302 -0.842 -3.066 -3.877 -4.154 -4.818 -5.971 -7.495 -9.618 -11.945 -13.901 -15.229 -17.040 -18.623 -19.559 -20.415 -20.798 -21.396 -21.871 -22.666 -24.008 -25.540 -26.595 -27.664 -29.498 -30.005 -31.032 -31.392 -30.955 -29.966 -28.496 -26.232 -24.125 -19.248 -15.241 -10.961 -9.652 -13.289 -18.186 -23.012 -25.385 -23.103 -19.146 -17.397 -12.377 -8.222 -6.862 -5.659 -5.734 -6.694 -7.326 -5.859 -3.016 -1.340 -0.515 0.377 1.304
-2.033 -0.220 -0.153 0.375 1.669 2.786 3.323 3.574 4.665 5.658 5.323 4.135 3.721 2.994 1.713 1.184 0.295 -1.686 -3.880 -6.671 -9.202 -9.468 -9.775 -11.847 -14.221 -16.678 -19.430 -21.287 -22.216 -22.712 -22.853 -22.946 -22.932 -23.219 -23.888 -24.471 -25.132 -26.795 -28.529 -29.382 -30.073 -30.156 -29.576 -29.229 -28.927 -26.062 -19.094 -14.817 -10.869 -7.392 -5.396 -7.365 -16.230 -22.889 -21.891 -11.999 -6.178 -5.559 -5.314 -3.682 -2.175 -1.011 -0.618 -1.523 -3.696 -2.238 0.365 1.432 1.777 2.059 2.359
2.598 3.557 4.313 4.484 3.960 4.427 4.873 4.951 5.403 6.465 4.619 6.494 5.574 4.970 2.898 -1.017 -1.839 -1.312 -3.229 -6.046 -8.858 -11.453 -12.089 -13.703 -16.462 -18.379 -20.806 -22.707 -24.885 -25.759 -26.111 -26.262 -25.807 -25.327 -25.140 -25.198 -25.927 -27.149 -28.519 -29.664 -30.405 -31.650 -31.479 -29.505 -26.637 -22.678 -17.428 -13.281 -9.344 -6.224 -4.429 -3.563 -7.488 -11.382 -11.605 -3.031 -1.680 -0.892 0.307 1.152 2.107 2.696 3.274 3.661 4.018 4.141 4.041 3.880 3.603 3.203 2.698
6.850 7.296 7.084 7.310 7.009 7.075 7.399 7.175 7.369 7.456 8.969 11.120 11.502 12.037 11.747 10.264 6.913 2.740 -0.722 -4.582 -7.582 -10.668 -12.027 -14.037 -17.047 -20.034 -22.369 -23.985 -26.327 -27.843 -28.533 -28.632 -28.450 -27.523 -26.990 -27.099 -27.740 -28.786 -29.941 -30.783 -31.190 -31.876 -31.589 -30.149 -27.140 -23.905 -20.684 -14.719 -10.301 -6.633 -3.542 -1.468 -0.097 0.209 -0.098 0.691 1.125 1.630 2.528 3.313 4.160 4.798 5.500 5.814 5.869 5.699 5.387 4.769 4.086 2.861 1.417
8.869 9.249 9.287 9.258 9.456 9.559 9.841 9.733 9.569 10.213 11.031 11.832 12.203 12.097 12.141 11.773 10.948 9.230 6.527 0.302 -4.829 -8.923 -11.543 -13.366 -15.794 -18.749 -21.559 -23.908 -26.285 -28.183 -29.422 -29.779 -29.876 -29.365 -28.539 -28.602 -29.266 -29.814 -30.705 -31.493 -31.458 -30.887 -31.175 -29.948 -27.536 -25.124 -21.953 -17.022 -12.519 -8.652 -4.619 -1.165 1.860 3.034 3.422 3.506 3.462 3.764 4.220 4.808 5.599 6.267 6.900 7.468 7.460 7.153 6.659 5.739 4.481 2.801 0.137
9.272 9.613 9.745 9.803 9.859 9.996 10.218 10.420 10.754 11.142 11.506 11.774 11.909 12.141 12.286 12.125 11.515 10.351 8.978 6.862 1.128 -4.466 -7.917 -13.094 -16.866 -18.002 -19.773 -22.716 -24.947 -26.650 -28.078 -29.229 -30.776 -30.726 -30.742 -30.413 -30.051 -29.666 -29.472 -31.086 -30.774 -29.904 -29.971 -29.840 -28.411 -25.992 -22.741 -18.076 -14.011 -10.463 -6.734 -2.181 1.687 3.881 4.918 5.156 4.990 4.882 5.003 5.489 6.172 6.876 7.562 8.065 8.289 8.178 7.680 6.628 4.272 3.026 1.399
8.354 8.687 8.815 9.042 9.156 9.334 9.490 9.691 9.966 10.420 10.874 11.144 11.308 11.454 11.582 11.668 11.463 11.093 9.898 8.532 6.043 -1.126 -6.679 -9.501 -13.945 -18.237 -17.484 -19.003 -21.684 -23.692 -26.153 -27.682 -28.219 -29.119 -29.881 -30.233 -30.259 -29.730 -28.933 -28.985 -28.808 -28.134 -27.898 -26.891 -24.897 -22.741 -20.112 -16.765 -13.300 -9.455 -7.121 -3.027 0.824 3.757 5.742 6.797 7.003 6.865 6.734 7.006 7.465 7.935 8.498 8.912 9.194 9.243 8.931 8.151 6.894 5.711 4.054
7.217 7.590 7.786 8.000 8.136 8.247 8.417 8.664 8.935 9.378 9.848 10.169 10.463 10.684 10.871 11.077 11.182 11.202 10.943 10.017 8.666 5.950 2.502 -3.585 -6.416 -9.992 -12.946 -13.454 -15.636 -18.119 -21.276 -23.632 -25.255 -25.805 -26.604 -27.712 -28.096 -28.289 -28.380 -28.192 -27.607 -26.744 -25.456 -23.265 -20.154 -17.465 -15.129 -12.881 -10.665 -7.344 -4.961 -2.931 0.099 2.974 5.693 7.592 8.546 8.663 8.504 8.618 8.761 9.002 9.291 9.600 9.871 10.052 10.083 9.837 9.224 8.389 7.207
6.290 6.777 7.022 7.260 7.468 7.625 7.755 7.927 8.163 8.483 8.864 9.212 9.450 9.719 9.974 10.318 10.666 11.007 11.338 11.415 10.881 9.393 7.317 3.061 2.050 -2.679 -7.360 -9.295 -9.509 -10.731 -14.406 -17.902 -20.136 -21.576 -22.003 -22.677 -23.009 -23.450 -24.686 -24.946 -24.735 -23.398 -21.685 -20.164 -17.061 -13.976 -10.918 -8.921 -6.872 -4.933 -3.501 -1.806 0.553 3.198 5.987 8.095 9.110 9.439 9.619 9.681 9.788 9.842 9.849 9.992 10.183 10.540 10.808 10.921 10.746 10.346 9.596
6.226 6.681 7.001 7.252 7.494 7.648 7.765 7.912 8.149 8.389 8.663 9.041 9.275 9.480 9.647 9.971 10.464 11.058 11.735 12.164 11.874 10.997 9.110 4.602 3.184 1.970 -2.125 -5.404 -6.882 -7.738 -9.069 -11.455 -14.476 -16.818 -17.429 -17.401 -17.977 -18.735 -19.212 -19.655 -19.605 -18.426 -17.347 -15.472 -13.335 -11.176 -8.792 -6.353 -3.886 -1.847 -0.128 0.979 2.602 4.898 7.171 8.623 9.272 9.532 9.814 9.917 9.958 9.930 10.019 10.274 10.703 11.285 11.599 11.739 11.081 9.586 9.777
7.174 7.392 7.649 7.975 8.198 8.363 8.428 8.540 8.699 8.909 9.185 9.475 9.716 9.861 10.009 10.338 10.820 11.526 12.184 12.784 12.634 11.665 10.066 6.523 5.781 3.648 3.796 -0.860 -2.628 -6.068 -4.750 -7.125 -9.573 -11.457 -12.369 -12.444 -12.582 -13.170 -13.374 -12.973 -13.403 -11.127 -10.266 -9.100 -7.882 -5.507 -2.917 -0.500 1.512 3.078 4.226 5.018 5.906 7.174 8.283 9.044 9.428 9.617 9.862 9.875 9.973 9.933 10.392 10.912 11.728 12.456 12.852 12.845 11.381 9.156 8.206
9.187 9.008 9.194 9.335 9.477 9.628 9.711 9.815 9.914 10.061 10.281 10.536 10.760 10.929 11.159 11.525 11.971 12.584 13.139 13.547 13.427 12.428 12.084 10.923 5.774 4.771 4.125 2.275 0.481 -5.159 -1.334 -2.067 -4.240 -6.203 -7.005 -7.378 -6.919 -6.996 -6.778 -6.468 -4.616 -0.700 -0.108 0.562 2.050 3.239 4.189 5.520 6.612 7.434 8.165 8.671 9.038 9.534 9.940 10.237 10.446 10.475 10.444 10.208 10.016 10.242 11.194 12.361 13.460 14.200 14.530 14.321 13.943 12.579 10.120
12.182 11.770 11.732 11.653 11.616 11.561 11.562 11.580 11.658 11.785 11.962 12.161 12.334 12.550 12.827 13.163 13.590 14.075 14.477 14.756 14.653 13.680 12.150 13.055 10.453 12.006 9.073 5.673 3.990 0.831 2.864 3.119 1.257 -0.349 -2.600 -2.114 -1.345 -1.300 -1.347 0.511 4.287 5.485 7.873 9.441 10.326 10.768 10.705 10.857 11.190 11.562 11.886 12.186 12.421 12.576 12.699 12.789 12.716 12.602 12.446 12.154 12.032 12.404 13.299 14.509 15.525 16.064 16.117 15.681 15.053 14.365 12.721
15.112 14.612 14.456 14.354 14.127 13.996 13.901 13.828 13.923 13.970 14.104 14.312 14.356 14.571 14.845 15.075 15.394 15.758 15.990 16.105 15.899 15.082 13.724 12.922 13.558 14.919 15.992 10.889 6.396 7.905 7.854 7.889 7.463 5.433 4.065 4.164 3.956 4.886 6.228 8.186 10.525 12.460 14.004 15.006 15.385 16.020 15.821 15.761 15.797 15.878 15.993 15.993 16.059 16.102 15.983 15.809 15.663 15.429 15.168 15.035 14.967 15.458 16.200 16.986 17.610 17.670 17.437 16.817 15.979 14.144 12.769
17.827 17.387 17.158 16.975 16.704 16.503 16.455 16.425 16.451 16.525 16.639 16.828 16.899 16.988 17.142 17.221 17.348 17.508 17.550 17.492 17.198 16.567 15.654 14.891 14.409 15.594 18.611 15.120 12.055 12.890 12.404 12.156 11.471 10.314 9.733 9.215 10.065 10.634 11.512 13.409 16.005 17.448 18.043 18.502 18.845 19.671 19.712 19.796 19.845 19.839 19.741 19.628 19.431 19.294 19.065 18.775 18.515 18.298 18.080 18.026 18.173 18.391 18.840 19.075 19.242 18.957 18.287 17.279 15.580 13.644 16.749
20.088 19.747 19.438 19.161 18.921 18.799 18.749 18.739 18.791 18.884 19.039 19.189 19.240 19.292 19.289 19.211 19.158 19.115 18.962 18.711 18.255 17.720 17.079 16.642 16.143 15.850 18.671 18.473 12.420 12.469 14.998 15.941 16.034 14.151 13.587 13.708 14.717 15.246 16.170 16.985 19.308 20.646 21.039 21.483 21.237 22.299 22.643 22.651 22.619 22.484 22.190 21.887 21.719 21.480 21.175 20.838 20.569 20.394 20.240 20.178 20.276 20.408 20.651 20.728 20.533 19.755 18.886 18.294 18.521 19.637 19.907
22.016 21.701 21.436 21.184 21.023 20.953 20.884 20.890 20.973 21.069 21.187 21.222 21.231 21.153 20.973 20.779 20.603 20.419 20.108 19.615 19.014 18.411 17.967 17.712 17.547 17.145 18.660 20.151 17.546 12.544 17.075 17.820 19.374 18.589 17.943 18.295 19.068 19.756 20.090 20.071 21.845 22.815 23.170 23.634 22.845 23.431 24.306 24.314 24.279 24.051 23.688 23.307 23.165 22.983 22.777 22.523 22.259 22.087 21.930 21.852 21.947 21.987 21.868 21.817 21.132 19.987 20.256 19.716 19.617 20.348 20.520
23.479 23.238 23.069 22.954 22.848 22.800 22.762 22.793 22.924 23.053 22.931 22.718 22.543 22.328 22.086 21.805 21.552 21.279 20.845 20.305 19.580 18.904 18.469 18.406 18.464 18.603 19.052 20.918 21.406 17.294 14.617 15.368 19.059 20.789 21.053 21.500 22.179 22.839 22.866 22.913 23.635 24.281 24.666 24.910 24.402 24.069 25.174 25.339 25.206 24.910 24.652 24.341 24.129 23.992 23.941 23.758 23.543 23.350 23.125 22.972 22.904 22.658 22.264 21.797 20.493 20.506 21.720 21.713 21.926 22.252 22.208
24.724 24.474 24.322 24.251 24.180 24.140 24.165 24.194 24.303 24.138 23.968 23.595 23.315 23.089 22.815 22.560 22.237 21.894 21.472 20.922 20.282 19.710 19.361 19.389 19.629 20.060 20.573 21.367 22.197 21.405 16.409 14.757 17.021 20.904 22.442 23.207 23.429 24.153 24.293 24.289 24.455 24.582 25.390 25.481 24.991 24.712 25.601 25.857 25.823 25.512 25.348 25.181 24.966 24.648 24.515 24.549 24.446 24.196 23.901 23.580 23.299 22.823 22.258 21.430 20.054 22.499 23.919 23.537 23.415 23.448 23.691
25.218 24.968 24.891 24.872 24.817 24.712 24.677 24.651 24.656 24.102 24.036 23.821 23.563 23.320 23.097 22.856 22.524 22.234 21.919 21.501 21.090 20.727 20.572 20.636 20.900 21.569 22.178 22.898 23.405 23.459 20.652 18.554 16.201 19.771 23.274 23.861 23.228 25.008 25.374 25.620 25.851 25.655 26.051 24.000 24.914 25.228 26.081 26.190 26.118 26.051 25.747 25.523 25.345 25.046 24.894 24.850 24.773 24.457 24.090 23.685 23.302 22.699 22.095 21.536 20.755 23.858 27.217 26.088 25.420 24.563 24.632
25.252 25.095 25.031 24.943 24.844 24.703 24.574 24.453 24.345 24.204 24.011 23.752 23.561 23.355 23.177 22.924 22.662 22.483 22.293 22.134 22.037 21.998 22.035 22.248 22.584 23.075 23.587 24.093 24.479 24.791 25.298 25.014 23.406 21.605 22.895 20.696 23.112 24.127 25.396 25.985 26.259 26.360 26.235 25.449 25.512 26.280 26.534 26.210 26.165 26.137 25.879 25.715 25.338 25.097 24.866 24.641 24.560 24.318 23.975 23.601 23.259 22.774 22.340 22.179 22.134 25.604 28.066 28.357 27.225 25.702 25.403
25.220 25.045 24.975 24.888 24.786 24.652 24.510 24.372 24.208 24.100 23.981 23.829 23.684 23.534 23.421 23.203 23.068 22.992 22.925 22.933 22.966 23.062 23.248 23.476 23.777 24.070 24.415 24.792 25.215 25.531 25.926 26.060 25.981 25.654 25.649 23.703 23.219 22.639 24.943 26.222 26.403 26.239 25.708 25.774 26.536 26.845 26.686 26.245 26.030 25.995 25.887 25.776 25.477 25.101 24.890 24.527 24.425 24.282 23.972 23.648 23.413 23.201 23.010 22.977 23.126 25.409 27.021 27.091 26.220 26.041 26.008
25.384 25.126 25.038 24.936 24.830 24.763 24.687 24.630 24.533 24.336 24.227 24.147 23.986 23.907 23.865 23.677 23.648 23.640 23.552 23.617 23.703 23.743 23.942 24.105 24.288 24.508 24.754 24.943 25.316 25.654 25.844 25.926 25.892 25.919 26.127 26.084 25.914 25.167 24.734 26.240 26.115 25.115 24.302 25.855 24.943 25.615 25.963 25.955 25.951 25.864 25.766 25.668 25.467 25.137 24.919 24.559 24.435 24.310 24.074 23.879 23.685 23.591 23.527 23.480 23.892 24.664 24.166 24.555 24.780 24.843 25.343
